[-0.0098641   0.02200809  0.03545453 -0.06266147 -0.11366533  0.01789523
  0.04519711 -0.04676235  0.17919441 -0.14046134  0.21382301 -0.04390336
 -0.2786774   0.01703401 -0.09316124  0.17537129 -0.09393714 -0.18744266
 -0.03749716 -0.03145835  0.03236431  0.01972884  0.00465441  0.0864705
 -0.06786072 -0.29578367 -0.10732967  0.0005537  -0.07731239 -0.04201553
  0.04741653  0.22837336 -0.12310985  0.0468579   0.04374051  0.07936895
 -0.05690596 -0.04303936  0.28991976  0.08127645 -0.23321211 -0.02003114
  0.03315068  0.32708657  0.13195562 -0.03018697 -0.00761662 -0.00634375
  0.08587186 -0.29702777 -0.00181777  0.24526611  0.14839333  0.02570241
  0.04969308 -0.05867851  0.06582879  0.11854655 -0.21051754 -0.01496676
  0.01812232 -0.15310894  0.01306366 -0.09991939  0.1375297   0.03418562
 -0.10403425 -0.11398695  0.16085128 -0.15691142 -0.03963296  0.17251846
 -0.15182132 -0.26579967 -0.16922635  0.05356432  0.44316995  0.186194
 -0.087166    0.10483202  0.01632407 -0.09344645  0.04477977  0.10572923
 -0.02688445  0.01046551 -0.11935468  0.06543938  0.17810574 -0.07445542
 -0.04826433  0.2420443   0.01055888  0.01018185  0.02201866  0.03174881
  0.03396107  0.0618404  -0.14175944  0.03885055 -0.03794865 -0.08263618
 -0.03000144 -0.01214494 -0.1513866   0.10994989 -0.05346433 -0.05197183
 -0.08990269 -0.03125848 -0.12050945 -0.00629899  0.14363857 -0.31595555
  0.05714577  0.12692857 -0.04579889  0.12388419  0.03921461  0.07567136
  0.01921998 -0.17186427 -0.13884136 -0.10561846  0.11941539 -0.00116577
  0.06113051 -0.01975383]