[-0.16233861  0.02034616  0.0506882  -0.0964582  -0.12335399  0.04285073
  0.07507208 -0.02433804  0.08536722 -0.05397209  0.25742498 -0.06250126
 -0.33110464  0.01524636  0.02031405  0.14012364 -0.22192714 -0.07922806
 -0.08681621 -0.12685658  0.08868898 -0.00598617 -0.00894215  0.08422897
 -0.21453561 -0.23637803 -0.08184458 -0.07759204  0.10661712 -0.07850903
  0.09264506  0.0551242  -0.14548488  0.03369553  0.01488847  0.06712548
 -0.01803927 -0.16714379  0.26430294 -0.01204223 -0.15125057  0.01617664
  0.00352324  0.30685014  0.10617355  0.00374527  0.05201767 -0.03165831
  0.10674648 -0.27239597  0.10882514  0.17792258  0.11975355  0.05164278
 -0.01410551 -0.1455963   0.02479328  0.21620229 -0.23363756  0.02674202
  0.07175479 -0.04603641  0.01182394 -0.16512486  0.15185256  0.09302381
 -0.19774266 -0.10673129  0.10111233 -0.11249339 -0.07620196  0.06486481
 -0.20926213 -0.16305313 -0.31722826  0.08621589  0.3780674   0.16893126
 -0.15043727 -0.03324154 -0.06795555  0.01853897  0.04873513  0.10414327
 -0.10026102 -0.05953873 -0.04299652  0.09310836  0.16066064 -0.03483627
 -0.08787244  0.22028098  0.07488456 -0.07770239 -0.02877204  0.04527159
 -0.06292212 -0.06620417 -0.02738643  0.02117435  0.0292251  -0.0695316
  0.02162359  0.13299787 -0.24940802  0.21942391 -0.00975168 -0.04754615
 -0.02577043 -0.02914473 -0.13273822  0.04120968  0.1652344  -0.30832544
  0.12047879  0.24812987  0.04325732  0.12388493  0.07779218  0.04892666
 -0.02440572  0.01464739 -0.16905031 -0.08461927  0.13009362 -0.01257536
  0.11157675  0.01309703]