[-0.10320785  0.07231636  0.12837397 -0.00733557  0.02277509 -0.0349192
 -0.0037565   0.00359213  0.1671882  -0.03974853  0.20774068 -0.03741487
 -0.15741569 -0.06455129  0.06550036  0.12537313 -0.15818761 -0.09772936
 -0.04317179 -0.0802616   0.02697259  0.02274839  0.00392951  0.07563771
 -0.13271922 -0.39572927 -0.05411207 -0.17520675  0.00641517 -0.09769622
 -0.02769053  0.04731376 -0.1526463   0.02571681 -0.03593466  0.05434992
  0.06830877 -0.07916892  0.17612951  0.07070975 -0.1392727  -0.04163368
 -0.01038643  0.28787711  0.18120645  0.002276    0.06593177 -0.0214925
  0.11205415 -0.16492346  0.02357269  0.12743737  0.06603041  0.04834777
  0.01968274 -0.12487696  0.0196148  -0.01390567 -0.1630809   0.05470265
  0.04390528 -0.05238542 -0.0212526  -0.00992215  0.28542876  0.0661049
 -0.11282125 -0.09969753  0.07190406 -0.11662368 -0.04401821  0.01600339
 -0.19293001 -0.12579522 -0.30036995  0.07100783  0.41367584  0.0610576
 -0.20552848  0.06038479 -0.21789959 -0.02067078  0.09044411  0.10207711
 -0.06216235  0.02963422 -0.10927803  0.04861434  0.24242505 -0.00293875
 -0.05383079  0.13468923 -0.04983404  0.01887507 -0.02651363 -0.02630398
 -0.06743714  0.00954163 -0.06649833 -0.03943337  0.02525626 -0.05742601
 -0.02256631  0.08859617 -0.30574736  0.1029577   0.07168494 -0.0388278
  0.05103845  0.09135541 -0.18073091 -0.06501724  0.15628393 -0.24118835
  0.15293516  0.192779    0.09912518  0.14822809  0.04689955  0.09641992
 -0.05924448  0.01610423 -0.10979958  0.01079771  0.05787394  0.08440475
  0.05518968  0.0342062 ]