[-0.09380905  0.01225892  0.02597601  0.02262312 -0.08547593  0.01680207
 -0.04699489 -0.066411    0.13924566 -0.17448615  0.13719995 -0.03763577
 -0.16118355  0.01730714 -0.04019522  0.16671658 -0.09745022 -0.10750923
 -0.06256162 -0.03151886  0.0556174  -0.00231789 -0.03580777  0.05961356
 -0.16089979 -0.37239283 -0.09374014 -0.07090558 -0.02907755 -0.05182445
 -0.08884403  0.06992654 -0.12893127 -0.01774631  0.00390161  0.09095363
 -0.03840488 -0.05037548  0.18406162  0.04075265 -0.24249645  0.04150435
  0.05981071  0.25224832  0.14526913  0.09996326  0.02363209 -0.02828247
  0.08456797 -0.22689337  0.06003112  0.08209587  0.05794308  0.0587902
  0.04006282 -0.13422634  0.02130971  0.05383273 -0.1306833   0.02952627
  0.03343359 -0.09150812 -0.00119248 -0.01115283  0.24160698  0.13705617
 -0.05014791 -0.10386926  0.18021461 -0.17967758 -0.05932592 -0.0201958
 -0.11191188 -0.20574276 -0.25825566  0.06551225  0.41334891  0.19987097
 -0.1044329   0.09629809  0.00659466 -0.01456237  0.16603348  0.12976006
 -0.03374206  0.00868469 -0.00636026  0.05096105  0.24553299  0.00405091
 -0.05416345  0.18043208  0.00197887  0.03638449  0.03499761 -0.03544887
 -0.05219524  0.03948788 -0.11793047  0.00252789  0.09732061 -0.00517913
  0.05790961  0.1252625  -0.20100439  0.12022523 -0.04340741 -0.01137033
  0.07807827  0.11364735 -0.17649575 -0.04437706  0.11667076 -0.21343678
  0.16081981  0.18126291  0.0513486   0.12519847  0.14294405  0.04584964
  0.08049507  0.01745013 -0.25868475 -0.04173867  0.14778648 -0.03253984
  0.08676242  0.0546632 ]