[-1.23178929e-01  5.29492274e-02  4.17261049e-02 -3.95047963e-02
 -4.86324951e-02 -1.65597834e-02  7.83639215e-03 -4.69181426e-02
  2.47687459e-01 -1.15179352e-01  2.45171905e-01  5.62317744e-02
 -2.33043507e-01 -4.09182683e-02 -7.18933418e-02  9.28749442e-02
 -1.53781027e-01 -4.67476472e-02 -3.92485671e-02 -8.57735351e-02
  5.78981154e-02  3.35172340e-02  6.52397797e-02  6.12491854e-02
 -1.21306829e-01 -3.37209225e-01 -1.18025854e-01 -2.07451880e-01
  4.84502539e-02 -9.18366760e-02  9.21955146e-03 -1.44613404e-02
 -1.06490023e-01 -4.14709300e-02 -1.20133953e-02 -2.54244991e-02
 -3.84108983e-02 -4.22032624e-02  2.17976868e-01  3.11140232e-02
 -1.13043390e-01 -4.73468304e-02 -9.62172635e-03  2.46104136e-01
  1.66907907e-01  8.08758289e-02  3.83185968e-02 -1.20235041e-01
  8.30486640e-02 -2.32921913e-01  2.13982295e-02  1.40290946e-01
  4.40082587e-02  8.94237906e-02  2.11821757e-02 -1.82763070e-01
  5.66513464e-02  4.87245619e-02 -2.07839683e-01  5.97964525e-02
  3.28690372e-02 -2.38933321e-02 -4.41434123e-02  8.22902247e-02
  2.33482301e-01  1.06184855e-01 -1.48453757e-01 -9.11944360e-02
  1.42631605e-01 -2.16512233e-01  2.50758789e-03  6.73392713e-02
 -1.73898652e-01 -2.17697293e-01 -2.21522495e-01  5.90370148e-02
  4.51865792e-01  2.11104378e-01 -7.90658519e-02 -2.91872174e-02
 -1.79725379e-01  2.25327909e-02  6.56238645e-02  5.00078239e-02
 -1.46174163e-01 -7.30450898e-02 -6.55868649e-02  5.18667027e-02
  1.20345548e-01  2.78717838e-03 -7.83950835e-02  1.91624969e-01
  1.17540192e-02  8.50806609e-02 -2.28025950e-04  4.98838350e-02
 -1.19624659e-01 -6.05366239e-03 -8.24431852e-02 -5.82631398e-03
  4.12310734e-02 -2.68028378e-02  6.22010045e-02  1.17674291e-01
 -1.95711657e-01  1.45905659e-01 -2.08002217e-02 -8.49553049e-02
  6.99242111e-03  5.45108467e-02 -1.32448286e-01 -2.04591360e-02
  1.56012803e-01 -1.83510840e-01  2.33389154e-01  2.15981856e-01
  1.07907288e-01  1.85043424e-01  8.58768225e-02  3.37990522e-02
 -4.69461419e-02 -3.57365794e-02 -1.41509756e-01 -2.23884955e-02
  1.58429332e-02 -2.33929344e-02  9.87244844e-02 -5.62778488e-02]