[-0.11751751  0.19873655  0.0873974   0.01858767 -0.12830086  0.07978504
  0.01427577 -0.01702209  0.17435294 -0.02735152  0.19579902  0.03664676
 -0.27275655 -0.05257376 -0.11703815  0.14959116 -0.20199452 -0.07665248
 -0.11804596 -0.06821646  0.04837771  0.08170894 -0.0258244   0.01648189
 -0.06874622 -0.396043    0.00757434 -0.15078725  0.04149417 -0.10465832
 -0.01097125  0.04603628 -0.10740951 -0.07170432 -0.02005494  0.03992584
 -0.06936756 -0.05619356  0.18201029  0.03233287 -0.11312222  0.05219503
  0.02179893  0.3649388   0.18303674  0.03221546  0.03661273 -0.08106115
  0.17001116 -0.33513656  0.03036748  0.19407566  0.04121708  0.08030514
  0.12200573 -0.15572377  0.02703488  0.05509158 -0.23490795  0.10175446
  0.01728394 -0.09062611 -0.05549921 -0.0428348   0.16531007  0.1174226
 -0.0614116  -0.08486801  0.17173994 -0.15537293 -0.03217322 -0.00475097
 -0.13098612 -0.18118653 -0.27004516  0.10124066  0.46524835  0.22721983
 -0.13959253  0.030188   -0.05817068 -0.01934589  0.12063168  0.1045372
 -0.10364006 -0.05871869 -0.09196681  0.11546724  0.11430763 -0.01631165
 -0.0563527   0.24548663  0.04772485 -0.01629719  0.05499182  0.02097935
 -0.11232724 -0.00366382 -0.16183275 -0.0199295   0.12678254 -0.09982541
  0.04932414  0.06210332 -0.14115249  0.07370848 -0.01475179  0.0016412
  0.0405567  -0.06030321 -0.13141081  0.02687865  0.21908906 -0.16596143
  0.2703681   0.15628904 -0.00455538  0.14816599  0.09572782  0.02338004
 -0.00095207 -0.07723068 -0.11460359 -0.08320535  0.05954835  0.00170343
  0.02341478 -0.00447672]