[-0.07327623  0.05778621  0.0029971  -0.07921331 -0.1085174  -0.06134997
 -0.06664513 -0.05021372  0.24587692 -0.14825617  0.03657506 -0.04273898
 -0.17092815  0.08907358 -0.1219188   0.16265529 -0.17995419 -0.2064622
 -0.0430152  -0.03573665  0.0930406   0.00949727 -0.03454801  0.14830111
 -0.1407337  -0.29073316 -0.07301574 -0.07724817  0.02025183 -0.10663042
  0.0771364   0.10773007 -0.18090567  0.02318647 -0.03957961  0.04794351
 -0.03007719 -0.08927352  0.22291583  0.07916278 -0.31673887 -0.06087019
  0.0469215   0.33722445  0.24574721  0.10005369  0.00559024 -0.04775357
  0.14530234 -0.33153987  0.01076731  0.22354625  0.03678497  0.09140559
  0.00301311 -0.13484451  0.10698665  0.01869799 -0.23610835  0.0666546
  0.08038414 -0.10852809  0.05003567 -0.03163089  0.27897725  0.08205697
 -0.11287796 -0.10712063  0.23134758 -0.31634942 -0.07584162  0.06365931
 -0.07750836 -0.18436313 -0.27071202 -0.09641244  0.36920583  0.19123259
 -0.02918664  0.15713435 -0.07888829 -0.04497065  0.01075475  0.23204428
 -0.02402251  0.0171824  -0.029071    0.00933547  0.2699877  -0.02587904
  0.01337909  0.28609499  0.03170067 -0.07085367 -0.03347777  0.06165354
 -0.11536185  0.03241434 -0.03084806  0.00880912  0.00525855  0.02152111
  0.03941458  0.12552696 -0.21908404  0.23327778 -0.06160477  0.03554197
  0.00622954  0.04455132 -0.07764181 -0.11395299  0.15205804 -0.2012459
  0.1353872   0.17155352  0.03937434  0.10526729  0.03058243  0.1306453
  0.03675438 -0.04277183 -0.20351639 -0.05096193  0.00627491 -0.08419518
  0.00432104  0.08758763]