[-0.19089277  0.155663    0.04841513  0.02411964 -0.06449828  0.023003
 -0.01342826 -0.02393489  0.16852687 -0.11567851  0.12511449 -0.08518161
 -0.22285008  0.08661725  0.00145188  0.1476379  -0.14989413 -0.18056096
 -0.12346527 -0.07373947  0.02638633  0.03018766 -0.10613227  0.04989047
 -0.16667858 -0.2577146  -0.02524655 -0.05147713  0.10247882 -0.14659397
 -0.04686794 -0.07001317 -0.14406842 -0.02426822  0.02219672  0.09137914
 -0.0115476  -0.09977185  0.24958026 -0.02446172 -0.1745965   0.09338215
  0.01275991  0.38331166  0.13473137  0.00583187 -0.0290953  -0.06762227
  0.13183348 -0.27283573  0.09571705  0.13850968  0.13370772  0.11532876
  0.0356707  -0.21358618  0.02114021  0.18330297 -0.2148252   0.14016938
  0.11081766 -0.04093709  0.04354063 -0.05786594  0.20772114  0.05306141
 -0.15976946 -0.08984178  0.05884754 -0.14149222  0.05596141  0.02146788
 -0.07695541 -0.22969566 -0.27736354  0.14169775  0.37162957  0.17866552
 -0.20277853  0.00469293  0.03903273 -0.02494374  0.09905046  0.12040983
 -0.13058285 -0.06870893 -0.04332006  0.0855985   0.22668892  0.07043864
 -0.03566089  0.17517881  0.04151027 -0.10379021 -0.01991202  0.0654321
 -0.11075529 -0.06964132 -0.04581988  0.05814992  0.01118234 -0.12549379
 -0.01695919  0.1484258  -0.22570179  0.19269009 -0.01089768 -0.02883058
 -0.04562773  0.06701624 -0.10489719  0.00488572  0.17564918 -0.27369326
  0.16109273  0.22723164  0.05534488  0.15447871  0.03025307  0.03787281
  0.06105438  0.12638101 -0.15577157 -0.07306237  0.05335143 -0.03476253
  0.10153244  0.0861809 ]