[-0.13133743  0.08618113  0.07090047 -0.06674541 -0.10304631  0.06054914
 -0.01811253 -0.10878463  0.16831373 -0.11419817  0.19177738 -0.07674905
 -0.26352233  0.07676153 -0.06504891  0.18545826 -0.13851927 -0.21680275
 -0.1013322  -0.06907767 -0.07430511 -0.00325242 -0.09069337  0.06591094
 -0.05065292 -0.36929649  0.03385184 -0.01716825 -0.0240971  -0.11570241
  0.01886958  0.12509304 -0.19724168  0.02209086  0.02136552  0.13227747
 -0.07887525 -0.1543107   0.22521639  0.08646891 -0.25735769 -0.04461032
  0.03707075  0.38381186  0.25972965 -0.08599943 -0.03568532 -0.04522065
  0.22381875 -0.31796536  0.0198525   0.21884404  0.06849554  0.0769992
  0.03081804 -0.11288942  0.01070588  0.11212637 -0.1826977   0.03092041
  0.10285077 -0.12575412  0.03314478 -0.16934386  0.22092503  0.10334357
 -0.11769217 -0.1434077   0.17230096 -0.12502524 -0.06895647  0.00135489
 -0.18934275 -0.23409277 -0.28156352  0.08792983  0.28415778  0.17931738
 -0.09632336  0.07717297  0.00720076 -0.05538594  0.02151421  0.25072002
  0.04823712  0.01026316  0.00410252  0.03595766  0.25747618  0.01670363
 -0.07461565  0.26057768 -0.10423394 -0.10896069 -0.01184507  0.0455357
 -0.11972001  0.00920942 -0.20073417 -0.0669214  -0.0468334   0.00898084
  0.05151108  0.14859354 -0.18957911  0.15434736 -0.06851298  0.09278726
  0.01843181 -0.09949306 -0.02562618 -0.03686715  0.14652008 -0.2003372
  0.17075622  0.12790698  0.13907774  0.08409873  0.07819889 -0.02272633
  0.09913568  0.00878332 -0.18863373 -0.03049636  0.03226024  0.03040348
 -0.01272824  0.05421424]