[-0.14794375  0.10027091 -0.01605402 -0.01466429 -0.11834023 -0.01663747
  0.03123304 -0.02477979  0.18733428 -0.16098511  0.21415812  0.02368031
 -0.14664057  0.02155468 -0.04194125  0.1594698  -0.13390301 -0.14123374
 -0.15633571 -0.08833872 -0.00273207  0.13836944 -0.10450682  0.04182303
 -0.13253228 -0.26835614 -0.08277056 -0.0581947   0.06914257 -0.09128558
  0.03420559  0.10348024 -0.06005107  0.01456654  0.06711625  0.06505096
 -0.08118819 -0.02978156  0.27036351  0.04906626 -0.21815018 -0.03434975
  0.13366374  0.33626887  0.11645232 -0.02052977 -0.00427187 -0.10237256
  0.12890394 -0.22811371  0.07849971  0.1418169   0.05697776  0.14633152
  0.10118896 -0.1466032   0.00884276  0.12513262 -0.17518584  0.05036101
  0.04380786 -0.11268196 -0.07952371 -0.04943202  0.15961501  0.09592482
 -0.07197002 -0.17499638  0.20107341 -0.23198973 -0.10362379  0.13500583
 -0.04396616 -0.18543515 -0.26225787  0.03157642  0.40394592  0.22197215
 -0.08194798  0.06569156  0.04024913 -0.13998044  0.12828359  0.12508956
 -0.10944265 -0.01984303 -0.05852669  0.06750572  0.2506167   0.05975424
 -0.02971316  0.20146783  0.079905   -0.00734754  0.03827808  0.02373442
 -0.07167967 -0.08307408 -0.12228537 -0.06191526  0.05668776 -0.05459487
 -0.01298726  0.11381674 -0.13521744  0.2142221   0.01820523 -0.00252942
 -0.03244212  0.04573217 -0.07456894 -0.00251462  0.16091129 -0.1510288
  0.13202295  0.07199121  0.03400319  0.14402902  0.11741846  0.05640668
 -0.02765161 -0.09476971 -0.20227219 -0.05050899  0.06038682 -0.04196098
  0.09075371  0.03345662]