[-0.15132828  0.03779264  0.06928491 -0.04249502 -0.0307938  -0.05507571
 -0.00344028  0.02684154  0.16963023 -0.06366855  0.18816711 -0.06016781
 -0.15735628 -0.13777995  0.00762473  0.09154185 -0.17107756 -0.14671426
  0.05187701 -0.07841776  0.05809968 -0.01559816 -0.00880513  0.06851029
 -0.16714196 -0.37106496 -0.01387311 -0.18613055 -0.02672136 -0.11372095
 -0.03189235  0.07293448 -0.18505487 -0.06597929  0.01035318  0.18475363
  0.03688522  0.0169202   0.20945391 -0.01971555 -0.1360659   0.022749
  0.0083512   0.33150977  0.12838314  0.00507996 -0.05733381  0.04809199
  0.17614569 -0.27952027  0.10674711  0.11733582  0.08939303  0.03656833
  0.07024074 -0.10611947  0.01307238  0.10710311 -0.28043425  0.08662784
  0.00995469 -0.08763991 -0.01630126 -0.01847453  0.23111108  0.16770522
 -0.08490573 -0.12652537  0.11813468 -0.12046967  0.01617023  0.07678568
 -0.09227567 -0.1614708  -0.18698937  0.14364992  0.36452642  0.14000919
 -0.17030831  0.04527502 -0.09415615 -0.04268146  0.10411855  0.01266702
 -0.02728838  0.06155834 -0.10592634  0.0722224   0.13467923  0.03818294
 -0.07185396  0.1679821  -0.04041127  0.07433476  0.05892644 -0.03158735
 -0.08404561  0.0461405  -0.18025675 -0.01281466  0.06803071 -0.09356374
  0.00593281  0.06874173 -0.18415806  0.07063006 -0.00884339 -0.03335791
 -0.03442014  0.07023449 -0.11931527 -0.01557692  0.11211812 -0.28805411
  0.25626919  0.11830643  0.04938905  0.19418369  0.04016699 -0.03285389
  0.04598608 -0.07115322 -0.12155025 -0.0256802   0.07755999  0.05407055
  0.10317566  0.03416761]