[-0.07282662  0.2820873   0.07486859  0.00860566 -0.19674647  0.1361751
 -0.10718071 -0.04471637  0.1732513  -0.12820855  0.23033161  0.03046916
 -0.18722729 -0.00937103 -0.03122271  0.14613383 -0.12167382 -0.14883453
 -0.13199349 -0.10132413  0.01536684  0.07569886 -0.12837704 -0.02429345
 -0.24142571 -0.25557768  0.04666792 -0.06862497  0.14778751 -0.19409625
 -0.10475627 -0.02948197 -0.15185678 -0.03685525  0.03132809  0.07710151
 -0.03128921 -0.10656779  0.16036865  0.02734845 -0.17954293  0.04226269
 -0.00217892  0.25249287  0.16396382 -0.04629641  0.02361117 -0.10717899
  0.17246781 -0.20692205  0.03688341  0.15242654  0.20213027  0.11176719
  0.07517561 -0.19244829  0.0092518   0.09801287 -0.21617331  0.04055886
  0.0846816  -0.04813757 -0.03269232 -0.05168573  0.18391848  0.1090912
 -0.04365717 -0.15469469  0.2429906  -0.09367642 -0.049038    0.04621537
 -0.01737174 -0.16770823 -0.20567513  0.07580727  0.40644735  0.28647277
 -0.28442264 -0.02530302 -0.03821979 -0.05719248  0.06417141  0.0327375
 -0.11124311 -0.06258325 -0.033405    0.06866825  0.26266363  0.02736146
 -0.00115772  0.19362628  0.10015276 -0.03588659  0.04034502 -0.01347838
 -0.16225986 -0.00888283 -0.05663379 -0.0397074   0.03744831 -0.12185755
  0.0376609   0.18077327 -0.1800704   0.22030292  0.00911049 -0.01462023
  0.0115444   0.08233009 -0.07326774 -0.01859109  0.21044011 -0.21968961
  0.2201965   0.12778705  0.04070616  0.13627774  0.1239126   0.07583579
  0.07358912 -0.03672671 -0.13208495 -0.17996407  0.01011812 -0.16162464
  0.0527356   0.06100685]