[-0.13772865  0.01863265 -0.01452224 -0.05730145 -0.13120458 -0.0153086
  0.01781554 -0.04584699  0.15453915 -0.08621167  0.16279028 -0.02697362
 -0.16716692 -0.01482906  0.02034014  0.07306087 -0.15723056 -0.16080704
 -0.11533204 -0.13910241 -0.0584236   0.08286243 -0.11370954  0.10901813
 -0.28232229 -0.271166   -0.09215132 -0.1749759   0.06181861 -0.13182452
  0.0317299   0.05442103 -0.10833733 -0.05427028  0.0738102   0.09124725
 -0.10467191 -0.02393792  0.20608225  0.06803288 -0.18281852 -0.00778401
  0.04720023  0.34578511  0.19058755  0.04321158  0.07249112 -0.09798586
  0.13166332 -0.20532635  0.02948445  0.18290257  0.13092743  0.11403999
  0.06355952 -0.12184881  0.00191562  0.16930762 -0.2208796   0.1074275
  0.02270946 -0.11578891 -0.0099519  -0.00891686  0.1882865   0.0122342
 -0.11905197 -0.11815725  0.19248652 -0.22874834 -0.11974668  0.12574624
 -0.06741843 -0.23490675 -0.27412215  0.05958683  0.42706841  0.178482
 -0.1133793   0.07319002 -0.05539032 -0.09358455  0.06925119  0.14158908
 -0.06612357 -0.08413808  0.00630679  0.08067238  0.23789874 -0.00181738
  0.03297678  0.10415076  0.02018229 -0.018334    0.00802041  0.0413673
 -0.15131146  0.0297787   0.04673954 -0.01528362  0.07235888 -0.0277453
  0.08791746  0.09207685 -0.19359837  0.28792199  0.00752034 -0.08105478
 -0.03030547 -0.01237773 -0.0196939   0.00673025  0.21169829 -0.32576591
  0.19155991  0.20325547 -0.02685007  0.17642832  0.02174932  0.00423884
 -0.01265367 -0.00905661 -0.19989897 -0.05940538  0.03815673 -0.08359542
  0.07815238 -0.02088021]