[-0.14193781  0.01853659  0.00157137 -0.02988092 -0.2135087  -0.04176876
  0.00232048 -0.06422074  0.03794229 -0.09450641  0.12100644 -0.06213799
 -0.23772478 -0.04439958  0.07734632  0.0982051  -0.05008935 -0.15830162
 -0.15300567 -0.06106701  0.03088628  0.02896903 -0.05331218  0.08505823
 -0.09871218 -0.26635158 -0.02643651 -0.09312524  0.04694552 -0.06237861
  0.01477901  0.12471917 -0.13858534 -0.01976375  0.04610214  0.08478959
 -0.106635   -0.07065866  0.22423816 -0.06756018 -0.25177041 -0.10023647
  0.05497371  0.16931748  0.13682625  0.03511114 -0.00480332 -0.0201075
  0.1065786  -0.28971916  0.08142588  0.16206954  0.07795817  0.06654629
  0.05287838 -0.20062409  0.09855998  0.13188691 -0.25957015  0.06573006
  0.02907158 -0.20411664 -0.07620719 -0.04018935  0.20791306  0.13594814
 -0.06167592 -0.1214226   0.17204665 -0.18492354 -0.08482734  0.09180915
 -0.09496928 -0.21568315 -0.24132121  0.04086456  0.38008118  0.22430646
 -0.1402794   0.06571165  0.02650954 -0.04278631  0.13809338  0.07608571
 -0.10640261 -0.07320584 -0.06623109  0.06855601  0.17508537 -0.02456352
 -0.02637463  0.23513372  0.04537324  0.04393767  0.03742182 -0.03551916
  0.00735318 -0.02144439 -0.06901612  0.00406318  0.15132394 -0.09022763
  0.05728259  0.07425859 -0.12130046  0.12298458 -0.01764201  0.04399933
 -0.01801291 -0.07112691 -0.13320895  0.00137286  0.13587745 -0.19218987
  0.23888917  0.12483902  0.0393554   0.14148255  0.15082218  0.01005211
  0.09081259 -0.12587583 -0.22550945 -0.03063058  0.21418302 -0.03109043
  0.07122099  0.07250945]