[-0.07108015  0.07352969  0.06249792 -0.10787904 -0.14736699  0.07825553
 -0.00602387 -0.0987281   0.12677859 -0.13212447  0.20386253 -0.03419105
 -0.17766237  0.01098569  0.02729353  0.17924018 -0.07402917 -0.19741671
 -0.15502784 -0.06887991 -0.08780166  0.08641363  0.02426064  0.08689441
 -0.08610427 -0.34875539 -0.02670296 -0.03206385  0.0853469  -0.0942439
 -0.04844097  0.13782695 -0.21051274  0.00716387  0.09956729  0.0945636
 -0.12601705 -0.12405008  0.26847595  0.05856229 -0.21228068 -0.01726848
  0.05974923  0.28060013  0.22700623 -0.04664265  0.04253079 -0.1224184
  0.1299036  -0.27388528  0.08406144  0.17911427  0.0111751   0.076091
  0.04050068 -0.10316186 -0.00672116  0.15083987 -0.18929189  0.02620369
  0.07114023 -0.07819881 -0.10080518 -0.19910435  0.23105836  0.13395856
 -0.12920813 -0.20790477  0.23132969 -0.12502863 -0.10405011  0.08560385
 -0.15318666 -0.13288701 -0.26446733  0.02750009  0.43173978  0.18240486
 -0.14392668  0.03461412 -0.0536307  -0.07665844 -0.00620483  0.16414078
 -0.03786404 -0.07001273  0.04234548  0.07137462  0.22572535  0.04639243
 -0.05584251  0.18658102  0.01673333 -0.01310098  0.0060085   0.065363
 -0.09059981 -0.04934546 -0.19454283 -0.05807262 -0.10702595  0.00068094
  0.0219563   0.2330671  -0.19847901  0.28078371 -0.03706658 -0.01988614
  0.0372089   0.00850988 -0.01447437 -0.04039112  0.09277942 -0.26476634
  0.10919467  0.13455039  0.11650873  0.09583429  0.05212964  0.08724775
  0.04447642  0.00246707 -0.27770373 -0.07939167  0.07083082 -0.02304016
  0.00263073  0.07025566]