[-0.09316622  0.04572107 -0.04700743 -0.00679803 -0.07845876 -0.04947598
 -0.03770785 -0.04393329  0.11664946 -0.01511674  0.13840628 -0.04540749
 -0.18822519 -0.02109    -0.01176758  0.0838828  -0.14682585 -0.08903974
 -0.14945708 -0.09228028  0.03822407  0.07429235  0.04862771  0.18938458
 -0.13211109 -0.32348827 -0.15698674 -0.21217468 -0.05689086 -0.14564455
 -0.01824008  0.01807302 -0.13718644 -0.10159884  0.04042218  0.02949525
 -0.0137392  -0.03394033  0.17891632  0.09447214 -0.08121215  0.06902343
  0.07377087  0.36260259  0.16811913  0.13092317  0.04960571 -0.01119125
  0.15033135 -0.2502448   0.10127266  0.14412461  0.12018366  0.03328689
  0.12156474 -0.12491944 -0.00776714  0.09593398 -0.17008193  0.19793944
  0.02699243  0.04332312  0.00510174 -0.04348698  0.22924289  0.14758806
 -0.12267743 -0.09396438  0.0881414  -0.2126299  -0.04672778  0.0925954
 -0.17096952 -0.20196071 -0.2086079   0.03992796  0.50526434  0.07515436
 -0.15923482 -0.05989309 -0.1183705  -0.08189928  0.04488276  0.02963551
 -0.07746492 -0.0670571  -0.10021452  0.08511641  0.28605947 -0.00972729
 -0.03258938  0.22808126  0.00298846 -0.00532585  0.03414114  0.02652277
 -0.10784134 -0.01087563 -0.06773406  0.06241395 -0.03168228 -0.11353429
 -0.06158628 -0.00154971 -0.1420164   0.07493502  0.001825   -0.07136383
 -0.10767368  0.07646994 -0.28735974 -0.03876841  0.22568873 -0.23729572
  0.18051666  0.1723344   0.02501843  0.08018936 -0.02950194  0.08263038
 -0.01027277  0.00669753 -0.1178368  -0.07035886  0.08862741 -0.00507266
  0.00477346 -0.02470721]