[-0.02767515  0.07655479  0.07016344 -0.08609901 -0.1471393  -0.01149658
 -0.02783932 -0.05137268  0.06015897 -0.12539673  0.11796442 -0.0979223
 -0.18519905  0.03067253 -0.05695846  0.13962686 -0.09799093 -0.17177863
 -0.03791418 -0.01022227  0.10329623  0.05018306 -0.03966948  0.11118785
 -0.1964647  -0.26605782 -0.05632889 -0.05058439 -0.09301984 -0.17156692
 -0.06224071  0.16564913 -0.14611456  0.03090889  0.01124114  0.13495657
 -0.03562207 -0.09748426  0.20484322  0.14727183 -0.23752525  0.00115771
  0.04454731  0.32377917  0.21515812  0.0173985   0.01138436 -0.00794588
  0.08984153 -0.37367886  0.02083156  0.18601693 -0.03889354  0.1035993
 -0.02683804 -0.11324003  0.0395484   0.05576879 -0.2131041   0.03717109
  0.02538229 -0.22248697 -0.03239861 -0.10408784  0.24170539  0.11003333
 -0.10974151 -0.11957096  0.14370622 -0.19978765 -0.17546993  0.0525193
 -0.11143526 -0.14613917 -0.27297536  0.03100577  0.34570134  0.20143011
 -0.13686652  0.11973488 -0.11011926 -0.04532282  0.03388409  0.16451935
  0.07442588  0.05751468 -0.05109106  0.06578882  0.24821134 -0.08001281
 -0.01392065  0.26294559  0.0089301   0.01547384  0.02884464  0.03667479
 -0.07842377 -0.00830349 -0.10380209 -0.02492665  0.02201493 -0.06255675
 -0.02401577  0.16398413 -0.26542997  0.19375147 -0.06569915 -0.08307581
 -0.02459779 -0.08766223 -0.09702411 -0.02112947  0.13506772 -0.29842028
  0.10501061  0.2236134   0.05588293  0.12003333  0.09930381  0.03586023
  0.05400507 -0.07262013 -0.20072375 -0.0760559   0.12042428  0.03076591
 -0.01481339  0.03994963]