[-0.05615844  0.11803015  0.06838777 -0.11926153 -0.16688019  0.01735938
 -0.05967088 -0.09628876  0.14897428 -0.19902197  0.14397715  0.0304019
 -0.19594824  0.12559852 -0.09072572  0.19264193 -0.18443844 -0.18951105
 -0.06973809 -0.07566226 -0.01977126  0.0173598  -0.00723636  0.10133493
 -0.09018286 -0.36748073 -0.09688234 -0.02831417  0.01898432 -0.05481754
  0.06008599  0.08292747 -0.1841822   0.07321914 -0.01310329  0.04880597
 -0.09396544 -0.16175346  0.18751289  0.10119199 -0.2455833  -0.01043248
  0.04150042  0.30310875  0.22666462 -0.02442501  0.08888492 -0.11748989
  0.10649423 -0.25868687  0.06056334  0.14852381 -0.01545527  0.08386956
  0.01598321 -0.14477837  0.05479976  0.16252187 -0.19557336  0.08399709
  0.07777188 -0.08299243 -0.00085712 -0.07263631  0.29241383  0.13709871
 -0.1488201  -0.1726613   0.25398415 -0.18869014 -0.04887392  0.08437614
 -0.13158216 -0.21347561 -0.22456411  0.0819288   0.41458243  0.2396929
 -0.06227904  0.02825994 -0.08729164 -0.02326156  0.06941421  0.23209129
 -0.03077968 -0.07523547 -0.04911217  0.04596595  0.24568886  0.03396448
 -0.09476433  0.31038547  0.00066795 -0.06436694 -0.00562463  0.10545337
 -0.18119892  0.01210923 -0.16002941 -0.08740238 -0.02849112 -0.00504199
 -0.03283535  0.19333287 -0.12550423  0.16152401 -0.09639245  0.00913958
  0.01907551  0.01374364 -0.10330445 -0.13500085  0.13563183 -0.21815255
  0.10663664  0.17823534  0.09951538  0.12504311  0.13106559  0.09280157
  0.05881329 -0.11863312 -0.21809614  0.01089707  0.07494405 -0.02950211
  0.01261072  0.02481492]