[-0.14499603  0.11509638  0.05484514 -0.03865956 -0.18100791  0.02631468
 -0.00750218 -0.08754347  0.21124516 -0.12615882  0.18989085 -0.09265693
 -0.25185019  0.04839737 -0.05862106  0.23357646 -0.0900906  -0.18943582
 -0.15857515 -0.08819805  0.05392069  0.05294245 -0.01797931  0.11150532
 -0.08284554 -0.42616168 -0.05320096 -0.04128014 -0.01692786 -0.09194175
  0.04648489  0.1351525  -0.18799295 -0.02213712  0.00637245  0.07792187
 -0.10808917 -0.16140914  0.22797428 -0.02920266 -0.2398802  -0.02454069
  0.0516455   0.25942141  0.13367736 -0.03707714  0.09152535 -0.0685406
  0.06182696 -0.23126487  0.02530739  0.23736767  0.03965278  0.06893592
  0.04029671 -0.15248096 -0.00326767  0.18334761 -0.23097132  0.0398445
  0.07893912 -0.11467622 -0.06218266 -0.15215033  0.15856738  0.10269606
 -0.11156318 -0.1370157   0.22995397 -0.11097816  0.03273682  0.07246829
 -0.21158019 -0.31251699 -0.22542498  0.06721681  0.47448936  0.18087539
 -0.09290994  0.03008971 -0.03517919 -0.03296557 -0.0218163   0.13559015
  0.02005884 -0.09048796 -0.06428655  0.1471785   0.15994173  0.00235861
 -0.05532274  0.23859163  0.02244534 -0.1242521  -0.0481912   0.09501423
 -0.09618803  0.01224203 -0.10159846  0.01796198 -0.04848728 -0.03015474
 -0.03443049  0.05107965 -0.1038478   0.18076044 -0.02012279  0.01332192
 -0.09160874 -0.02009681 -0.10298527 -0.02950165  0.17224896 -0.19281979
  0.12018973  0.15700355  0.03876356  0.21795528  0.02911896  0.12694508
  0.06393386 -0.10496619 -0.23663923 -0.07362686  0.08123408  0.02309054
  0.02851372  0.07609855]