[-0.10871331  0.01285493 -0.00837869 -0.07570204 -0.13861895  0.04982753
 -0.03447168 -0.15241581  0.1751416  -0.13972552  0.17388198 -0.00074767
 -0.15553874  0.00536805 -0.05829916  0.12193096 -0.18408494 -0.11996701
 -0.07058582 -0.10268696 -0.01631218  0.02235234  0.01824523  0.08206809
 -0.17720415 -0.23521964 -0.07180961 -0.17402487  0.02729799 -0.03515916
  0.02831014 -0.03665382 -0.10099509  0.04570527  0.03845369  0.10024887
 -0.07899532 -0.07499997  0.21462205 -0.02354563 -0.19555378 -0.01722094
  0.06808334  0.24317259  0.22291899  0.05740366 -0.0025508  -0.10295735
  0.20920998 -0.25577319  0.07021853  0.10419966  0.06082363  0.04644225
  0.06397755 -0.09712408  0.04267519  0.24527392 -0.18833965  0.04186294
  0.03506194 -0.09009244 -0.01760975 -0.04575191  0.27384791  0.1353299
 -0.15529592 -0.11249357  0.17325278 -0.21289252 -0.14078838  0.06179392
 -0.10391995 -0.18546154 -0.28684899 -0.00904065  0.47486961  0.1731773
 -0.10548034  0.02608258 -0.0530607  -0.01469814  0.08796212  0.15253702
 -0.03152777 -0.11793183 -0.04850942 -0.0635305   0.24400507 -0.03652128
  0.00848367  0.19005772  0.00795157 -0.0193668  -0.0449331   0.03446041
 -0.13601086  0.01258982 -0.049597   -0.0634522  -0.01133979  0.02086622
  0.05987201  0.11182559 -0.27129197  0.22187299 -0.03855019 -0.04091333
  0.05735328 -0.04844127 -0.00503706  0.00097984  0.18349223 -0.30603725
  0.15020512  0.16927117  0.08689453  0.18418416  0.03283443  0.03543735
 -0.00262199  0.01349307 -0.25478411 -0.05594862  0.01885214 -0.09439107
  0.0490605   0.04141896]