[-0.06398416  0.03579938  0.03616649 -0.01207285 -0.11086774 -0.01566558
  0.01493659 -0.01134588  0.09446974 -0.11434326  0.17319775 -0.03840128
 -0.27229097 -0.00440567  0.03977066  0.07933283 -0.07627176 -0.05866818
 -0.14341232 -0.08721903  0.05703835  0.10086013  0.02231739  0.04369127
 -0.16531581 -0.38317063 -0.02706567 -0.09198501 -0.03128974 -0.12972303
 -0.09550637  0.14809084 -0.0759633  -0.0053662  -0.0004359   0.11638604
 -0.12256041 -0.07150033  0.1694997   0.09059501 -0.12860417 -0.02432816
 -0.00316006  0.32518691  0.19936594 -0.0101513   0.10217526 -0.06236376
  0.05090818 -0.2767458   0.00470955  0.1230299   0.04394875  0.10326698
  0.1168317  -0.14703742  0.01298046  0.00098233 -0.14450385  0.08756962
  0.05562652 -0.13487139 -0.07937638 -0.09698723  0.21207975  0.08138292
 -0.09000046 -0.07814331  0.13115199 -0.2025018  -0.122555    0.05703931
 -0.12287854 -0.19284502 -0.23487002 -0.01067173  0.27912197  0.21220985
 -0.18164609 -0.00095576 -0.06333005 -0.00751833  0.15394154  0.07887238
 -0.04002905  0.0207958  -0.10372224  0.13720457  0.20952235 -0.06264748
 -0.06463465  0.21050939  0.06552497  0.01966986  0.08015521  0.00855198
 -0.08252802 -0.01190469 -0.13610996  0.0174499   0.12075663 -0.1695741
  0.00479527  0.06005775 -0.16016652  0.18937884 -0.02413171 -0.02093447
  0.0248079  -0.07733502 -0.18230546  0.0469017   0.17792252 -0.25461489
  0.14403702  0.21450838  0.05651468  0.14081804  0.0471913   0.0246112
 -0.04003476 -0.05039435 -0.20492558 -0.0533752   0.04541181  0.05898978
  0.0090472   0.02035831]