[-1.46759510e-01  2.09509078e-02 -4.53108922e-02 -1.15728915e-01
 -1.39466166e-01  5.90957999e-02 -1.76701080e-02 -5.91961704e-02
  2.04273492e-01 -9.16961282e-02  1.69968590e-01  8.60929117e-03
 -2.83329576e-01 -4.73240316e-02 -2.85878032e-02  1.09931357e-01
 -1.04381979e-01 -1.47057906e-01 -9.36370939e-02 -9.98483971e-02
  3.31699774e-02  1.32416874e-01 -3.12942192e-02  8.77602696e-02
 -1.08093783e-01 -1.87483713e-01 -4.53312732e-02 -1.84830964e-01
  1.87438913e-02 -1.15227744e-01  7.43395165e-02  1.08906969e-01
 -9.12490562e-02  2.69094855e-02  4.34305370e-02  7.50047266e-02
 -1.01075143e-01 -4.87291962e-02  2.50275075e-01 -5.17903641e-03
 -1.47980541e-01 -1.21303648e-01 -2.40449030e-02  2.16769084e-01
  1.33658201e-01  1.19402772e-04  1.09852394e-02 -8.00212473e-02
  1.60232544e-01 -2.83199519e-01  2.07740832e-02  1.93781227e-01
  1.25154391e-01  1.13344572e-01  5.60304988e-03 -2.25296587e-01
  5.71050867e-02  1.48116514e-01 -2.38170236e-01  1.41197577e-01
 -2.31868438e-02 -2.03878582e-01 -3.66230793e-02 -2.60440893e-02
  2.19831675e-01  1.04697727e-01 -1.21805929e-01 -1.97606623e-01
  2.45426506e-01 -1.95888594e-01 -1.23603940e-01  1.95973575e-01
 -1.42867044e-01 -2.03912020e-01 -1.87606573e-01 -3.95548716e-02
  3.80326867e-01  1.28778458e-01 -1.49485648e-01 -9.85812861e-03
 -8.05705115e-02 -7.28095248e-02 -1.84796788e-02  9.40446481e-02
 -5.36597967e-02 -1.33339658e-01 -7.33917356e-02 -3.91904712e-02
  2.83732206e-01 -6.29628748e-02 -4.97371592e-02  2.38382369e-01
  5.31711131e-02  6.88019171e-02 -1.69743923e-03  1.00365346e-02
  1.12068318e-02 -2.53756661e-02  1.78577080e-02  1.54736312e-02
 -4.08122763e-02 -1.41749442e-01  1.52597157e-03  6.59106299e-02
 -1.22788213e-01  2.58339703e-01 -1.21316044e-02  2.47615296e-02
 -9.50279012e-02 -4.74389344e-02 -7.95180053e-02  3.87953781e-02
  2.73669839e-01 -2.23754495e-01  2.90741563e-01  1.47122502e-01
  1.28316984e-01  1.76741421e-01  7.99627416e-03  9.71040130e-02
 -6.48403727e-03 -9.52125266e-02 -2.16943949e-01 -8.98228064e-02
  5.84744811e-02 -6.48468584e-02  2.54298653e-03  6.78213760e-02]