[-4.73444089e-02  8.32349956e-02  7.19098225e-02 -5.16736917e-02
 -1.78705081e-01 -3.95979732e-02 -1.29257053e-01 -6.27469793e-02
  1.79137841e-01 -1.06150165e-01  6.44332767e-02 -1.90113559e-02
 -2.01070920e-01  6.38778508e-02 -1.57873146e-03  2.41200790e-01
 -1.45567536e-01 -2.04978541e-01 -5.35115972e-02 -2.82807369e-02
 -6.50599897e-02  3.61199901e-02 -3.40112275e-03  9.87221822e-02
 -8.99319947e-02 -3.86401206e-01 -9.29362476e-02 -6.66126162e-02
  3.22712734e-02 -2.73031536e-02 -8.45168605e-02  1.48879081e-01
 -7.28327632e-02 -1.32139809e-02  1.13461562e-01  1.42047077e-01
 -1.23218045e-01 -1.12883687e-01  2.41099879e-01  3.74972411e-02
 -2.50850797e-01 -5.54200523e-02  6.11245632e-02  2.70134121e-01
  2.17684343e-01  1.55981444e-02  1.17292374e-01 -5.04504330e-02
  8.94944966e-02 -2.61266351e-01  2.53305212e-02  2.12858409e-01
  4.54029217e-02  1.61797553e-01  6.53988793e-02 -1.42078385e-01
  6.30909204e-02  1.46234497e-01 -1.82877555e-01  4.30273190e-02
  8.68765637e-02 -1.52088597e-01  2.71449350e-02 -8.33521634e-02
  3.19243640e-01  1.30660757e-01 -1.27550900e-01 -1.30319268e-01
  1.53080747e-01 -1.88824296e-01 -1.39000833e-01 -4.27064300e-02
 -1.43641949e-01 -1.48258254e-01 -3.01327020e-01 -3.32341157e-02
  3.51532340e-01  1.96016788e-01 -1.21036805e-01  9.50965434e-02
  1.37672946e-02 -8.41377601e-02  3.94800864e-03  1.81722447e-01
 -9.54796299e-02 -1.39717739e-02 -1.32888881e-02 -2.56342813e-04
  2.49495581e-01 -2.55851336e-02  3.92208733e-02  1.48421988e-01
  3.28645110e-05  5.93095571e-02  8.67354777e-03  5.01168296e-02
 -8.62245560e-02 -2.61479486e-02 -1.14183515e-01 -9.98792984e-03
 -2.75400765e-02 -6.07855134e-02  5.09573445e-02  1.20553106e-01
 -1.74809903e-01  1.80439278e-01 -3.76520380e-02  3.66892107e-03
 -3.65246832e-02  7.94301778e-02 -1.10738933e-01 -7.78442994e-02
  1.91710725e-01 -1.82426587e-01  2.03469411e-01  2.09719375e-01
  5.12487888e-02  1.27497494e-01  8.81080106e-02  1.02501586e-01
 -1.19562093e-02 -4.13820669e-02 -1.35745078e-01 -6.10338897e-02
  7.42372274e-02 -1.02480529e-02  3.76813561e-02  1.07983731e-01]