[-1.13744035e-01  4.74762097e-02  4.22133468e-02 -4.46496494e-02
 -6.60263002e-02 -1.11999102e-01 -6.35353774e-02 -1.07255861e-01
  1.02593198e-01 -9.28340927e-02  2.70513892e-01 -7.12409690e-02
 -2.11006731e-01 -2.19703633e-02 -5.17265536e-02  9.41173062e-02
 -1.82546511e-01 -5.13379276e-02 -3.71236801e-02 -2.68707573e-02
  7.39677697e-02  1.74150970e-02  5.42889126e-02  2.85862386e-02
 -3.66548151e-02 -3.73385906e-01 -1.26219556e-01 -9.69302431e-02
  7.25872740e-02 -7.22437538e-03 -2.69171968e-02  3.74637619e-02
 -1.25906825e-01 -6.12714291e-02  5.01033701e-02  3.04812882e-02
 -3.07476390e-02 -9.25491974e-02  2.24726543e-01  8.04843009e-03
 -9.60971639e-02 -7.48154968e-02  5.06323874e-02  2.25917652e-01
  1.34030029e-01  1.20990328e-01  3.84289995e-02 -9.62566957e-02
  1.02481604e-01 -2.20362470e-01  1.50183178e-02  1.15044832e-01
  9.74615961e-02  2.83075087e-02  7.83465728e-02 -1.26143262e-01
  8.24484676e-02  5.30203581e-02 -1.74008772e-01  1.90258045e-02
  5.27548008e-02 -4.58169021e-02  2.55919062e-04 -2.55383477e-02
  2.53430307e-01  9.35452953e-02 -7.04384893e-02 -3.40348706e-02
  1.59130543e-01 -1.34412095e-01 -5.34881502e-02  1.69038996e-02
 -1.15707792e-01 -1.64558560e-01 -2.23448202e-01 -2.76021976e-02
  4.17606890e-01  1.41866326e-01 -9.48465765e-02  7.04304781e-03
 -5.80365099e-02 -4.97159660e-02  1.29372701e-01 -1.32032880e-03
 -1.63001373e-01 -3.07810418e-02 -1.26940414e-01  2.71378569e-02
  2.27871999e-01 -4.52590920e-02 -3.26478109e-02  1.72086015e-01
 -6.56318292e-03  8.86127725e-02  6.24014810e-02 -1.36194602e-02
 -6.82442784e-02 -9.17466171e-03 -1.19178712e-01  1.34138530e-03
  8.48573968e-02 -7.58071765e-02  1.69624202e-02  1.05047867e-01
 -1.86072975e-01  1.25982733e-02 -2.15633418e-02 -7.41761550e-02
  1.12283044e-02 -4.11529653e-03 -1.41084164e-01 -4.77355495e-02
  1.08744636e-01 -1.69611976e-01  1.44125357e-01  1.68475151e-01
  6.48746118e-02  1.51638642e-01  6.82955757e-02  1.93650518e-02
 -2.97062322e-02 -5.56798540e-02 -1.40799373e-01 -8.80523250e-02
  6.67225868e-02  5.47478162e-02  7.54875839e-02 -1.73418857e-02]