[-0.13705944  0.05874681  0.03601632 -0.05613651 -0.08371494 -0.01060142
 -0.0763537  -0.08152096  0.19568066 -0.12711528  0.22677225  0.01634907
 -0.22425009 -0.0835401   0.00785162  0.11932313 -0.16939384 -0.11273159
 -0.01541186 -0.07666624  0.08033267  0.04235867  0.03444032  0.02035224
 -0.24665104 -0.38664082 -0.10047434 -0.02093812  0.00880592 -0.01890218
 -0.02870951  0.05242331 -0.23137146 -0.07608489  0.02659672  0.09410962
  0.02914201 -0.03630659  0.12532167  0.03754277 -0.19527033 -0.04000867
  0.02888962  0.2343955   0.08292724  0.07399397  0.03801123 -0.06644831
  0.06918471 -0.26979572  0.07067843  0.13626584  0.05977025  0.0193646
  0.03502993 -0.11286901  0.0288797   0.08957835 -0.16661525 -0.01064193
  0.07579829 -0.00169828 -0.00121423 -0.05359103  0.17602874  0.1183454
 -0.09955377 -0.09159328  0.10230923 -0.14527385 -0.04199341  0.04336795
 -0.07496473 -0.20545931 -0.3734335   0.01023448  0.39262626  0.17397723
 -0.13618781 -0.01656001 -0.07861093  0.02259473  0.09350779  0.00812263
 -0.11836124  0.07670998 -0.08039768  0.08994595  0.24781387  0.03867251
 -0.04980187  0.24813475  0.06898739  0.07926688  0.05639303  0.1065845
 -0.0660096  -0.04758493 -0.11073186  0.06093013  0.07189161 -0.0298672
  0.02086195  0.16481426 -0.23360212  0.17508273 -0.0022985  -0.07038002
  0.01095845  0.07050918 -0.12429409 -0.08025433  0.08438786 -0.23459309
  0.09359326  0.22721295  0.03692113  0.18744303  0.06830381  0.01547958
 -0.06104722 -0.0455428  -0.13189781 -0.12101924  0.04149045 -0.07753462
  0.07793464  0.0264922 ]