[-5.53747825e-02  1.46108061e-01  1.00910246e-01 -6.64236844e-02
 -9.05986503e-02  1.25327874e-02 -6.85565099e-02 -2.56236326e-02
  1.72262117e-01 -8.37702379e-02  1.83698013e-01  7.76271895e-02
 -1.66530713e-01 -5.11264466e-02 -1.00097179e-01  6.94079623e-02
 -9.11096483e-02 -1.52119190e-01 -1.09208837e-01 -7.18783364e-02
 -6.33526221e-02  3.25577445e-02 -3.63786588e-04  4.42230962e-02
 -8.05239230e-02 -2.88081735e-01 -2.43842155e-02 -6.36298358e-02
  9.88426059e-02 -1.74987331e-01 -1.80747584e-02  4.62108105e-02
 -1.05242126e-01 -3.77350338e-02 -5.47983572e-02  5.82540780e-02
 -6.57806695e-02 -1.10590376e-01  2.53926575e-01  3.25478129e-02
 -1.55719206e-01  5.45811467e-02 -2.27823425e-02  3.63877952e-01
  2.42427766e-01 -2.36616787e-02  2.01563854e-02 -7.16430172e-02
  1.23942591e-01 -2.29201615e-01  1.03893727e-01  1.70636237e-01
  1.21760793e-01  7.22779101e-03  1.26894370e-01 -1.37471139e-01
  3.73517722e-03  1.37560010e-01 -1.57288939e-01  5.88351563e-02
 -2.77579576e-02 -5.59215471e-02 -2.63631977e-02 -8.74612406e-02
  1.25359640e-01  8.52623880e-02 -6.43535107e-02 -1.35756627e-01
  1.39068082e-01 -1.43187106e-01 -7.85497278e-02  6.88029975e-02
 -8.01881924e-02 -1.38400882e-01 -2.65447140e-01  1.06480889e-01
  3.65700096e-01  2.38107741e-01 -1.81366414e-01  5.94225153e-02
 -4.14509401e-02 -9.00758132e-02  7.07593560e-02  5.58749996e-02
 -1.61468804e-01 -1.14898041e-01 -1.00613065e-01  1.74065251e-02
  1.38623461e-01  6.73299879e-02 -1.12380765e-01  8.47777799e-02
  2.48171929e-02 -4.45651785e-02  2.18374794e-03  1.58187356e-02
 -1.54028490e-01  9.41894278e-02 -1.50975332e-01 -2.99182981e-02
  1.12220868e-01 -5.46993054e-02 -2.22576316e-03  1.34398729e-01
 -1.79679289e-01  1.19473867e-01  2.42158212e-02 -5.34521975e-02
  8.22124928e-02  3.54642496e-02 -1.48105368e-01 -3.13779078e-02
  1.96603984e-01 -2.31414706e-01  1.83308557e-01  1.64938763e-01
  7.95171931e-02  1.35717958e-01  1.91637173e-01  3.14552858e-02
  5.02800532e-02 -7.12399930e-03 -1.15540415e-01 -8.69697481e-02
  4.71635312e-02 -1.15671791e-02  1.08434953e-01  6.47481680e-02]