[-0.04690027  0.07379013  0.10149131 -0.06105693 -0.14475432  0.02237275
 -0.0110208  -0.03547266  0.26990262 -0.12599982  0.19673483  0.09833367
 -0.15289097 -0.01441863  0.04162516  0.12105447 -0.13910969 -0.09044614
 -0.0545655  -0.11335673 -0.00988703  0.07324687  0.03634856  0.00769168
 -0.13020651 -0.28058732 -0.10566715 -0.04377038  0.10957612 -0.07056918
  0.01079687  0.03578914 -0.10802483 -0.00578977 -0.02046766  0.04470592
 -0.09274015 -0.1186711   0.18042533 -0.01878244 -0.16239774  0.01240063
 -0.08771171  0.25341284  0.22636029 -0.04662514  0.12023872 -0.09179317
  0.09815133 -0.22013631  0.12280809  0.10739482  0.00985676  0.03929622
  0.04101831 -0.11589971 -0.06012034  0.22819093 -0.19815798  0.07692894
  0.08532865 -0.10154876 -0.03114776 -0.1065509   0.16812709  0.1843179
 -0.08601004 -0.24211541  0.16629831 -0.22267486 -0.10141888  0.06177885
 -0.14279589 -0.146212   -0.30559039  0.04352046  0.38101149  0.14967118
 -0.09313763  0.01288815 -0.0257445   0.00513876  0.04753878  0.12117526
 -0.06250724 -0.06822067 -0.04207091  0.04928536  0.23907296  0.00362884
 -0.10723229  0.16540709  0.03305484 -0.04175211 -0.00419578  0.02540257
 -0.00396303  0.02108398 -0.07427627  0.04734645 -0.03831788 -0.09967112
 -0.00087704  0.11420288 -0.18732652  0.28634274 -0.03730329 -0.00113058
 -0.01875134 -0.04159503 -0.08588356  0.04874729  0.23701891 -0.24779421
  0.21239246  0.17647596  0.11479501  0.20590083 -0.01971035  0.11104937
 -0.02073501 -0.02025302 -0.17113523 -0.01700127 -0.02334205 -0.06625518
  0.10218253  0.11669467]