[ 0.0194023   0.10719179  0.04555572 -0.06372977 -0.09285317  0.0133314
 -0.05340414 -0.05724931  0.1963869  -0.2089131   0.25280973 -0.01092068
 -0.20069475  0.02983223 -0.07608231  0.1369215  -0.13697739 -0.16509272
 -0.03506199 -0.09184335  0.01548409  0.00739016 -0.05760772  0.06095203
 -0.11669742 -0.37852216 -0.10888708 -0.02810141  0.05805359 -0.11800421
  0.0284068   0.12225984 -0.11955758  0.08115578  0.01345365  0.06031781
 -0.08031052 -0.09506846  0.20765418  0.0622487  -0.23861565 -0.04137184
  0.02529358  0.32025173  0.20816158 -0.08577906  0.05463417 -0.08970468
  0.16551739 -0.23848857  0.03841021  0.19547926  0.0450471   0.11549191
  0.07920535 -0.10049646 -0.01923824  0.16742697 -0.13553937  0.05131994
  0.03507581 -0.14547455 -0.05252886 -0.08117796  0.19430348  0.10528446
 -0.14772476 -0.22251068  0.23015207 -0.20993689 -0.07133061  0.12430914
 -0.11102565 -0.19269902 -0.25185996  0.09348699  0.38344261  0.18901928
 -0.10679139  0.08803061 -0.00688463 -0.05545015  0.07862211  0.22806324
 -0.0196739  -0.0063056  -0.08774639  0.0498781   0.21915671 -0.01379097
 -0.06136853  0.21756706 -0.06992555  0.0517711   0.02108327  0.10464241
 -0.17968632 -0.00238072 -0.16022003 -0.05983576  0.0131767  -0.01764371
 -0.06708682  0.14618951 -0.09760211  0.2139198  -0.06221316  0.01697029
  0.00950922 -0.00990402 -0.03515139 -0.05695921  0.12677689 -0.24898723
  0.12366407  0.09569411  0.09360231  0.13664205  0.11087875  0.04942215
  0.03804275 -0.15005754 -0.21195288 -0.03377764 -0.01517158 -0.02198329
 -0.04954996 -0.06561654]