[-1.53360114e-01  1.41950160e-01  6.24339767e-02 -2.33292188e-02
 -1.93456873e-01  4.17715386e-02 -5.74823841e-02 -1.97398201e-01
  1.63836330e-01 -1.39462456e-01  2.66181409e-01 -3.78577262e-02
 -1.93096533e-01  2.26114579e-02 -5.96543588e-02  1.02559522e-01
 -1.62276149e-01 -1.57559350e-01 -1.06766969e-01 -1.35038525e-01
 -1.20735392e-02 -3.09937336e-02 -1.08725488e-01  7.04237968e-02
 -1.33675411e-01 -2.57147074e-01 -9.02098492e-02 -4.16801833e-02
  9.16576460e-02 -1.15981720e-01  7.67131150e-02 -9.35878884e-03
 -1.49836361e-01 -5.20661101e-02  2.45036855e-02  9.51888114e-02
 -3.47794965e-02 -1.05141386e-01  1.85160875e-01 -8.03596005e-02
 -1.01206817e-01  2.89613847e-02  4.79454808e-02  2.68145680e-01
  1.53280810e-01  3.81068289e-02  9.79686901e-03 -8.06201100e-02
  1.66019678e-01 -2.39887550e-01  3.42447944e-02  1.69383198e-01
  2.08481088e-01  8.14484209e-02  8.44438672e-02 -1.26304224e-01
 -1.11158295e-02  2.11445600e-01 -1.30442470e-01  9.55383480e-02
  6.86737895e-02 -5.91801926e-02  1.83639750e-02 -1.04770064e-01
  2.41991669e-01  1.37952715e-01 -1.29874051e-01 -6.89213648e-02
  1.76585332e-01 -1.21617168e-01 -1.13381259e-01  1.90050676e-02
 -9.78369936e-02 -1.97753102e-01 -2.21141234e-01  7.75650814e-02
  5.04296720e-01  1.97672904e-01 -2.40575001e-01 -6.18204512e-02
 -2.39468813e-02 -1.40793230e-02  5.29870354e-02  8.03029239e-02
 -6.89494237e-02 -1.61620900e-01 -2.96469871e-02  2.59278975e-02
  2.69159019e-01  3.13713551e-02 -2.74592116e-02  2.16294199e-01
  3.26648727e-02 -1.73833016e-02 -2.43449658e-02 -1.66826765e-04
 -7.31186047e-02 -3.19714798e-03 -3.45811546e-02  8.56777094e-03
 -3.95026710e-03  9.79292206e-04  3.20422649e-02  9.28687081e-02
 -1.61212415e-01  1.99844122e-01 -4.69974242e-03  2.30544247e-02
 -4.01563663e-03  3.20160799e-02 -7.04637393e-02  1.93122476e-02
  2.28063464e-01 -2.97131240e-01  2.20280141e-01  1.61013141e-01
 -1.13648009e-02  1.57911330e-01  3.19904275e-02  7.04437196e-02
  8.93379599e-02 -1.38424262e-02 -9.54500288e-02 -1.46148026e-01
  1.85185522e-02 -1.40031233e-01  3.77164781e-02  2.26829480e-02]