[-0.09880817  0.07041501  0.05858245 -0.07299136 -0.03150404 -0.0849655
 -0.00264511 -0.01074291  0.13188928 -0.10900869  0.17673008 -0.0575537
 -0.22144082 -0.06675284 -0.04353181  0.16928774 -0.08614723 -0.13519587
 -0.1227157  -0.07635118  0.05559359 -0.01774613 -0.05233257  0.03807645
  0.00635272 -0.36110675 -0.03566553 -0.05452357  0.00406673 -0.08137888
 -0.01836499  0.05203505 -0.11115701 -0.04696647  0.00917561  0.06546329
  0.0111669  -0.10152942  0.20926304  0.01663548 -0.10427824 -0.05156285
  0.0813037   0.29997048  0.16039589  0.03338706  0.02269097 -0.02175855
  0.16821627 -0.30146927  0.0874726   0.10606337  0.14681539  0.04549792
  0.17430405 -0.08651505  0.06106152  0.04639529 -0.21910313  0.05437313
  0.03956888  0.00607764 -0.08862503 -0.09852657  0.23466477  0.13521424
 -0.13140465 -0.03475722  0.15821216 -0.13374275 -0.03534219 -0.07742862
 -0.10200195 -0.12330581 -0.24833931  0.03608855  0.36896858  0.20801809
 -0.19829339  0.03363893 -0.06555312 -0.05040083  0.1239887   0.00873236
 -0.10680352 -0.01345905 -0.09648499  0.04215922  0.16283961  0.01874451
 -0.07340332  0.17425276  0.00352765 -0.00389932 -0.00753462  0.00145921
 -0.08479546 -0.02686545 -0.1664748  -0.01917666  0.09139706 -0.07002562
 -0.01062809  0.08099325 -0.16803876  0.05934112  0.0052996   0.02684683
  0.01368899  0.06577626 -0.19315763 -0.04477647  0.07700193 -0.12944625
  0.12361143  0.12096176  0.02057295  0.08459421  0.0953842   0.02723475
  0.07182541 -0.07356276 -0.10944919 -0.1097191   0.04578544  0.08271214
  0.05488024  0.06979206]