[-1.94474369e-01  8.82985815e-02  4.14458886e-02 -5.06425723e-02
 -7.46441260e-02  1.06804566e-02 -6.28135502e-02 -8.64923894e-02
  1.31062657e-01 -6.61098063e-02  2.42287353e-01  7.36740977e-03
 -2.03169301e-01  1.05706267e-02 -1.34044308e-02  4.39643040e-02
 -7.84220695e-02 -7.60918856e-02 -8.75075981e-02 -7.62308985e-02
  6.99955449e-02  2.25377977e-02  2.28230730e-02  1.03083901e-01
 -2.33185232e-01 -2.69913584e-01 -7.06317872e-02 -1.25226170e-01
  7.94938356e-02 -1.03342578e-01 -9.16087851e-02 -6.08039275e-02
 -1.77400783e-01 -1.01821676e-01  4.03938070e-02  1.57386601e-01
 -4.73818071e-02 -9.13341865e-02  2.46078879e-01 -1.19613670e-02
 -7.34463558e-02  1.29666952e-02  1.03867508e-01  2.42191091e-01
  1.44138426e-01  5.52298352e-02  7.50364140e-02 -8.57624188e-02
  1.35683686e-01 -2.32872307e-01  1.02933556e-01  1.01050489e-01
  1.80615395e-01  1.07236572e-01  7.35176951e-02 -1.90017506e-01
  1.60727706e-02  1.41970068e-01 -1.87195495e-01  1.09962665e-01
  5.05506732e-02  2.67726090e-02 -2.86729261e-02 -3.56042497e-02
  2.86096275e-01  1.23237774e-01 -1.56346276e-01 -8.78485143e-02
  1.53808206e-01 -8.95942971e-02 -3.02373543e-02  6.93898425e-02
 -1.02826491e-01 -1.99681491e-01 -1.53533205e-01  1.48425296e-01
  4.47162747e-01  1.95173308e-01 -1.93088219e-01  3.03145759e-02
 -1.37304753e-01 -1.10702217e-01  3.49369133e-04  1.29003515e-02
 -6.70502186e-02 -3.53302211e-02 -4.72546667e-02  8.49904269e-02
  2.35229507e-01  3.17803249e-02  2.98732519e-02  1.78003341e-01
  8.03976208e-02  5.63948229e-02  3.56647931e-02  5.73698096e-02
 -2.33049706e-01  1.73357427e-02 -9.96189862e-02  2.04935018e-03
  2.32297555e-02 -2.74988730e-02  8.09515044e-02  1.04278609e-01
 -1.81091696e-01  1.91468284e-01 -8.47161375e-03 -1.00252837e-01
  8.15465115e-03  4.83617559e-02 -1.44226536e-01 -5.08397296e-02
  1.25179708e-01 -2.83850759e-01  1.74438894e-01  1.17868111e-01
  8.21970925e-02  1.72890186e-01  1.19229488e-01  6.52664527e-02
  1.33559138e-01  1.03854164e-01 -1.56447724e-01 -8.81948471e-02
  7.42417052e-02 -8.32145885e-02  9.11900401e-02  4.09821272e-02]