[-1.27489597e-01  1.52583690e-02  2.57726759e-02 -5.78087419e-02
 -1.62504911e-02  8.60986952e-03  3.60783711e-02 -3.97185609e-02
  1.47614837e-01 -2.23197713e-02  2.25037888e-01  6.99884910e-03
 -2.43618935e-01 -1.22457827e-02 -1.25438627e-03  9.54893827e-02
 -2.08945185e-01 -3.34627181e-02 -1.35278255e-01 -5.87668270e-02
  6.87831640e-02  1.14567243e-01 -7.23045319e-02 -1.47558609e-03
 -2.00116903e-01 -3.00646871e-01 -6.81201369e-02 -9.16369855e-02
 -2.27077771e-02 -2.13221610e-02  9.92688015e-02 -1.60893449e-03
 -2.01389387e-01 -3.99771184e-02  4.55419458e-02 -7.11093470e-03
 -9.18383524e-02 -7.05392659e-02  1.82575658e-01  8.63762870e-02
 -1.38937101e-01 -3.43557149e-02  6.59413785e-02  2.55267322e-01
  1.19436182e-01  6.56736195e-02 -4.13370430e-02 -3.82490233e-02
  1.35750994e-01 -3.56003672e-01 -7.60475732e-03  1.65997460e-01
  6.87763691e-02  1.28456488e-01  4.35256660e-02 -9.61488783e-02
  3.11696716e-02  8.25080052e-02 -2.86758184e-01  4.39733528e-02
  1.10402517e-02 -9.40120220e-02 -5.36927953e-02 -8.28580707e-02
  1.34393737e-01  9.42755938e-02 -1.72878727e-01 -8.60785022e-02
  8.95701498e-02 -1.56141743e-01 -6.40341267e-02  1.43908914e-02
 -7.26103708e-02 -2.48755097e-01 -3.31251502e-01  7.73347840e-02
  3.31791133e-01  1.31641597e-01 -1.28765196e-01 -1.85788982e-02
 -6.85908571e-02 -4.73602675e-02  2.92536784e-02  4.08451557e-02
 -3.47701386e-02 -1.56542286e-02 -2.01171730e-04  6.26042709e-02
  1.89872608e-01 -4.73446697e-02  4.36713733e-03  2.76835710e-01
 -2.94873845e-02 -1.91072263e-02 -1.70473401e-02  8.99488404e-02
 -1.14178345e-01 -2.94390228e-02 -4.61592078e-02  5.54982424e-02
  1.10995315e-01 -3.14895585e-02  9.12767872e-02  1.13822579e-01
 -1.76611453e-01  2.31557384e-01 -1.71912368e-03 -7.57182688e-02
  4.08248976e-02 -6.86205849e-02 -1.36739507e-01 -2.93069389e-02
  1.40155822e-01 -2.11559117e-01  2.29405642e-01  1.58345789e-01
 -1.49441212e-02  1.40105486e-01  2.79272199e-02  3.12793907e-03
 -7.96895102e-02  4.55348045e-02 -1.82671815e-01 -1.30828291e-01
  4.22986783e-02  2.22063158e-04  7.18523655e-03 -4.70712073e-02]