[ 0.01082541  0.02518535  0.03277955 -0.04298865 -0.06808736  0.0071948
  0.03866533 -0.11994905  0.2209716  -0.11744354  0.19314915 -0.16411917
 -0.22253142  0.05426768 -0.03894821  0.15139644 -0.15135841 -0.13802269
 -0.09105711 -0.10581975  0.03822569  0.03094529  0.05856426  0.17727207
 -0.18577519 -0.24980655 -0.00911578 -0.17212665 -0.01656229 -0.13368785
  0.06800991  0.1298631  -0.1117113   0.05919233  0.00597234  0.0845311
 -0.11477607 -0.17371337  0.25130859  0.01845691 -0.25310144 -0.00989495
  0.00912925  0.29516312  0.15028994 -0.07636352  0.01758791 -0.11123546
  0.16654289 -0.31328264 -0.06606726  0.21317823  0.0041147   0.02492462
  0.10781945 -0.08144245  0.02881484  0.08193938 -0.19767845  0.05606144
  0.08914155 -0.00799191  0.01699792 -0.15221465  0.19118017  0.08657206
 -0.16522264 -0.05624563  0.09718005 -0.153584   -0.08611294  0.19702435
 -0.16516073 -0.28064784 -0.18859421 -0.02937766  0.49651307  0.11221419
 -0.08186609  0.062175   -0.07510352 -0.00110092  0.05376773  0.14869471
  0.00579791 -0.00443806 -0.0476476   0.09849487  0.19801773 -0.10919175
 -0.06405142  0.19724193 -0.05279869 -0.05990492 -0.045849    0.04150671
 -0.10936974  0.0646527  -0.11893316 -0.01112959  0.02643046 -0.00394832
  0.01996801  0.00460114 -0.18826133  0.16635014  0.01181461 -0.07895419
  0.0265904   0.01503855 -0.15448669  0.05348964  0.20410021 -0.342417
  0.13216105  0.11149869  0.0649996   0.0979048   0.00944079  0.06181377
 -0.01510769 -0.02810863 -0.14574173 -0.06409982  0.06274724  0.04616576
  0.017391   -0.06628224]