[-0.15052946  0.13381137  0.16939065 -0.04144458 -0.13819312  0.02698082
 -0.10118655 -0.06189555  0.07236722 -0.09323279  0.1480116  -0.02957537
 -0.23986489 -0.00160209  0.04963626  0.13739792 -0.14443074 -0.08219241
 -0.16303349 -0.10977468 -0.03882956  0.131118   -0.01764491 -0.08280575
 -0.113619   -0.32330033 -0.12046317 -0.04723765  0.07591537 -0.05077386
  0.02088888 -0.02952827 -0.13599037 -0.06890012  0.05262112  0.05566296
 -0.06450029 -0.0370276   0.09330903 -0.00710072 -0.1757158  -0.05333436
  0.09565514  0.24638572  0.21112543  0.05292881  0.05094526 -0.06625984
  0.05138977 -0.2570321   0.1473306   0.07380097  0.13222171  0.10499693
  0.16891547 -0.13063139  0.0609457   0.15331356 -0.1517646   0.11697904
  0.12735936 -0.12399611 -0.03980477  0.04139967  0.13083817  0.0856339
 -0.02699162 -0.21236837  0.14373852 -0.16456258 -0.06238252  0.12377053
 -0.05033378 -0.11232875 -0.36680564 -0.03636312  0.43647349  0.13688517
 -0.19737862 -0.02345908 -0.00559797 -0.04253829  0.14646409  0.08340529
 -0.0778844  -0.0674492  -0.06822722  0.05468326  0.21856937 -0.03996337
 -0.03654486  0.18808758  0.0839518  -0.05918036  0.06042447  0.05504614
 -0.03414187 -0.08987544 -0.06532092 -0.06615012  0.0760095  -0.08025128
 -0.02815344  0.08905947 -0.19836594  0.23126113  0.02448267 -0.01352479
 -0.00901881 -0.0620267  -0.03454178  0.0225818   0.24163045 -0.23840456
  0.09798422  0.22641578 -0.08113194  0.12854409  0.01832391  0.07381234
 -0.00435521 -0.0417317  -0.11934284 -0.10859317 -0.03374452 -0.05577899
  0.02108101  0.08431934]