[-0.08638705  0.05867385  0.01119181 -0.03753223 -0.09788135  0.12617624
 -0.04353762 -0.11437821  0.20325641 -0.06889516  0.23689575 -0.02281299
 -0.19044518 -0.06508818  0.01248766  0.04106697 -0.17711422 -0.06063705
 -0.11614271 -0.01575114 -0.00523245  0.01701027  0.02827782  0.07377162
 -0.20123395 -0.28575632 -0.04419482 -0.20774905  0.06076723 -0.06561372
 -0.11235238  0.03311224 -0.16498193 -0.08396122 -0.03053629  0.0519959
 -0.1229836  -0.07024489  0.17172639 -0.0220668  -0.12331229 -0.01524385
 -0.01199831  0.22340794  0.20645387 -0.00818817  0.04959797 -0.08426544
  0.17608139 -0.33529374  0.07481363  0.17283796  0.16277318  0.10077264
  0.12032524 -0.10555411  0.01768818  0.16472764 -0.14793542  0.11901444
  0.04398167  0.01318919  0.0597614  -0.08340283  0.17881308  0.11716019
 -0.05768108 -0.06408726  0.05685865 -0.11850428 -0.05819995  0.12647708
 -0.13927069 -0.30132788 -0.26728585  0.05646276  0.37385774  0.25359234
 -0.14087027 -0.0305233  -0.10909782 -0.08967619  0.04881791 -0.00771028
 -0.07635579 -0.04582769 -0.04797302  0.08331299  0.26918706 -0.06870444
  0.05149398  0.2470466   0.0290595  -0.05923788 -0.01444423 -0.00277662
 -0.05496985  0.00939206 -0.0932342   0.04289226  0.01095017 -0.05945757
  0.04742481  0.03227076 -0.24866669  0.14731272 -0.01603076 -0.08749621
  0.00635915 -0.15621969 -0.111568    0.05334304  0.25161231 -0.26099902
  0.14493574  0.1340825   0.12341302  0.16417713 -0.00578054 -0.00169908
 -0.04416768 -0.02760057 -0.13088351 -0.04559756  0.12469789 -0.04111952
  0.00038077 -0.00704576]