[-0.03040009  0.06017348  0.05384558 -0.12819864 -0.15656629  0.04303836
 -0.04821782 -0.08916779  0.19849436 -0.20581721  0.19642356  0.00798643
 -0.11822641  0.07300418 -0.03947686  0.09757257 -0.14770786 -0.11522258
 -0.04976095 -0.02748185  0.04074389 -0.03404706  0.06530483  0.12350039
 -0.15617299 -0.32493758 -0.07506882  0.00293761  0.07682243 -0.0809835
 -0.01070554  0.05456517 -0.20364994  0.03842706 -0.04356791  0.04396607
 -0.09281598 -0.11812044  0.18931544  0.00047252 -0.21915209  0.00749751
  0.01560181  0.26775852  0.21021912  0.02356261  0.08773164 -0.12216726
  0.1316454  -0.27010414  0.04765603  0.14395601 -0.01419602  0.03884298
  0.02572083 -0.09375507  0.03495833  0.13922827 -0.14371392  0.06124967
  0.02921061 -0.00316917  0.00848972 -0.09952274  0.29252136  0.14533177
 -0.12933661 -0.17914324  0.16092588 -0.16394722 -0.06781917  0.10297263
 -0.15046024 -0.19229478 -0.23994435  0.01787083  0.42899302  0.17674749
 -0.06828069  0.06967261 -0.11459495 -0.01615162  0.04496697  0.16615175
 -0.04568236 -0.0362357  -0.03639673  0.11009434  0.25010592 -0.04491483
 -0.06335238  0.22205779  0.05722639 -0.05371442 -0.03378248  0.09962694
 -0.16042535  0.07497599 -0.14280313 -0.01161476  0.02476449  0.04375119
  0.02777424  0.18810743 -0.23771031  0.23464288 -0.06904052 -0.04569561
  0.0853027   0.02521776 -0.0929785  -0.10041546  0.07207448 -0.30668813
  0.10764073  0.17142384  0.12905705  0.13647786  0.03957967  0.07976739
  0.07531509  0.02875128 -0.15312634 -0.01344795  0.03998057 -0.04362259
  0.0245458   0.01965014]