[-0.05520391  0.0888295   0.04118652 -0.07652448 -0.10398158  0.00776591
  0.00834695 -0.00444716  0.27131811 -0.06590125  0.1510485   0.00296056
 -0.2485815   0.05560448 -0.14154755  0.14199084 -0.16239282 -0.07421709
 -0.05125091 -0.142032    0.10643245  0.17989114 -0.07077484  0.01977691
 -0.1076466  -0.25410429 -0.09010074 -0.07784206  0.05390624 -0.12539536
  0.1195379   0.07309683 -0.12617856 -0.03323053  0.02991676  0.00625248
 -0.00841045 -0.06423108  0.15454224  0.08124076 -0.15310186 -0.01463378
  0.04836576  0.31541824  0.04857437  0.04923391 -0.03130005 -0.10362276
  0.09019829 -0.22509223  0.0614707   0.17488439  0.02864714  0.09566845
  0.06508709 -0.18823287  0.04275133  0.12586863 -0.24173732  0.05933185
  0.07396366 -0.04433595 -0.01626731 -0.01601853  0.09482784  0.04034558
 -0.10368007 -0.11725397  0.09670822 -0.17699397 -0.04960518  0.04149744
 -0.09973691 -0.15411651 -0.30719465  0.05393573  0.42187476  0.14463791
 -0.09547901  0.02984706 -0.01473232  0.00739262  0.10001204  0.06488071
 -0.12637922 -0.00666011 -0.05876295  0.07390554  0.09932211  0.01136696
 -0.07576777  0.20206684  0.00613355 -0.00043581 -0.01052703  0.09244487
 -0.12721901 -0.02566109 -0.08075718 -0.01549655  0.06604321 -0.0286429
 -0.0046728   0.13101527 -0.17387111  0.17817591  0.03410848 -0.08420531
 -0.0622424   0.04037832 -0.12017648  0.00398486  0.19685903 -0.17192949
  0.18271959  0.15575203  0.00654395  0.1836015   0.07390807  0.05065818
 -0.04845227 -0.08573943 -0.11672854 -0.08992194  0.03203036 -0.0160278
  0.05867474 -0.00750249]