[-0.14774016  0.09823381  0.0160938  -0.09149908 -0.0731658   0.0172362
  0.02343344 -0.10300194  0.16097769 -0.13650976  0.22415757  0.00815723
 -0.26417488 -0.1816535   0.09831505  0.07342274 -0.09724316 -0.1921044
 -0.05746593 -0.1672194   0.02230965  0.03320173 -0.04023189  0.00852569
 -0.22084078 -0.26595211 -0.06300566 -0.1173482   0.02049953 -0.08458329
  0.01661644  0.14323492 -0.14165974 -0.06627595  0.0429884   0.19567436
 -0.06163281 -0.02706407  0.19809547 -0.04790375 -0.16082413 -0.05352816
  0.09705956  0.29399016  0.20032103 -0.05676826  0.02576859 -0.0273162
  0.17389855 -0.27318868  0.09387755  0.12076118  0.13990964  0.09441882
  0.12435377 -0.17334782 -0.02365033  0.15797475 -0.17155173  0.11626336
  0.06261772 -0.2035719  -0.10224193 -0.08789901  0.17229989  0.09316239
 -0.13340333 -0.13719626  0.19445115 -0.13588345 -0.08223993  0.21603283
 -0.13048305 -0.18597314 -0.25680485  0.1121961   0.37582371  0.19948149
 -0.12264254 -0.01842302 -0.00359998 -0.02076098  0.07987494  0.10067727
 -0.02928244 -0.0500757  -0.0777142   0.10166052  0.23682857  0.01994944
 -0.08091152  0.21625014  0.00529464  0.09376385 -0.0075206   0.05547126
 -0.04927074 -0.03680208 -0.13524622 -0.02182922  0.0973527  -0.13589211
  0.0025463   0.1224036  -0.1172947   0.16346502 -0.01058584  0.05298087
 -0.04335308 -0.07923388 -0.0348071   0.0794908   0.15865578 -0.27290046
  0.18288226  0.15747687  0.02175081  0.1445327   0.08618467 -0.00202922
  0.051626   -0.15828127 -0.21261221 -0.07514776  0.05988964 -0.02266157
  0.07244015  0.0194647 ]