[-0.16609214  0.15743949  0.06212959 -0.1208161  -0.18439938 -0.03918241
 -0.13152657 -0.09038953  0.17887402 -0.02273877  0.15980195 -0.06562689
 -0.28050289  0.03822424 -0.04800338  0.20673496 -0.26757756 -0.12797852
 -0.07947639 -0.05648384  0.03986869  0.0792492   0.00318873  0.17458068
 -0.05027482 -0.38528389 -0.01819134 -0.01889965 -0.02318525 -0.1261234
  0.04767736  0.09440393 -0.26303977  0.00695461  0.00858473  0.1982654
 -0.00574961 -0.11471707  0.15631515  0.05146575 -0.22457319 -0.06556716
  0.1730451   0.25878599  0.29374456  0.00268408  0.03717622 -0.02866715
  0.1975881  -0.38658699  0.01218553  0.22250921  0.0254422   0.06279947
  0.09808767 -0.26529405  0.02383546  0.06700131 -0.11069445  0.04140849
  0.13239616 -0.05352366 -0.01777916 -0.06404001  0.28416529  0.10270333
 -0.14640298 -0.14019245  0.15226229 -0.16322827 -0.09341988  0.06511305
 -0.15146637 -0.1559208  -0.37625334  0.00385731  0.38794398  0.05629638
 -0.13177416  0.10623049 -0.0528404  -0.02873986 -0.05088661  0.16306901
 -0.03244142  0.05900864 -0.14764459  0.11959335  0.25806484  0.01358952
  0.07635628  0.33444825  0.02694799  0.02991078  0.01743486  0.12593883
 -0.09047914 -0.05439099 -0.18716173  0.04580002  0.00767737 -0.03820991
 -0.04278841  0.07332703 -0.22483446  0.12262577 -0.00908679  0.00408358
 -0.12060265 -0.07848112 -0.12540205  0.02919981  0.19395383 -0.24155757
  0.21193039  0.14804046  0.04696646  0.12949298  0.06250635  0.08144599
  0.04379223 -0.07375752 -0.08519512 -0.07407472 -0.02313756 -0.0793522
 -0.06129916  0.09966886]