[-1.16250418e-01  3.46917436e-02  7.79308379e-02 -1.15213078e-03
 -1.56185776e-01  1.42831691e-02  2.53912061e-04 -5.00257798e-02
  1.02966651e-01 -1.22473396e-01  2.11233974e-01 -1.33760661e-01
 -2.92701662e-01  1.13996826e-01 -2.60985494e-02  2.05399469e-01
 -1.34979993e-01 -7.70931318e-02 -1.08366355e-01 -7.50966445e-02
  2.00911183e-02  1.16699770e-01 -3.31308991e-02  7.66887590e-02
 -1.84172183e-01 -3.24946404e-01 -5.58474101e-02 -3.92047465e-02
 -3.72211337e-02 -5.95305637e-02  3.97115946e-04  1.31218523e-01
 -2.46653873e-02  8.80388618e-02  9.95088592e-02  7.50486404e-02
 -8.20109248e-02 -1.11810327e-01  2.44598582e-01  3.73163968e-02
 -2.34212577e-01 -8.93969610e-02  1.19288161e-01  2.28410572e-01
  1.83269531e-01 -6.74711028e-03  2.49456596e-02 -1.37018725e-01
  4.14995402e-02 -3.65209162e-01  5.67357242e-03  1.62904173e-01
 -9.79774520e-02  1.44338652e-01  5.51002957e-02 -1.80067971e-01
 -4.00135890e-02  1.32141769e-01 -1.19344674e-01 -1.75289400e-02
  8.12429264e-02 -1.19637497e-01 -4.94704656e-02 -1.20562352e-01
  1.90209866e-01  1.24627292e-01 -1.56228840e-01 -1.58787981e-01
  1.05746254e-01 -2.38704562e-01 -1.11252181e-01  1.11385450e-01
 -7.33246580e-02 -1.98097080e-01 -2.70329118e-01  1.46007407e-02
  3.63673598e-01  1.59079343e-01 -1.11574978e-01 -1.21521195e-02
 -1.07462183e-02 -4.31121439e-02  1.13137089e-01  9.95240286e-02
 -1.50641836e-02 -1.00110464e-01 -4.54818681e-02  2.33703107e-02
  2.40413904e-01 -5.53918853e-02  4.70117219e-02  2.39808962e-01
  2.35977769e-02 -1.74643453e-02  3.46230604e-02  1.20748475e-01
 -1.14618428e-01 -3.56167667e-02 -9.34674889e-02 -1.44942123e-02
  4.91363332e-02 -4.84765843e-02  5.09590060e-02  1.13372691e-01
 -2.15598792e-01  2.15879291e-01 -6.84029609e-02 -7.60932341e-02
  4.43133526e-02 -6.72083721e-02 -9.58355367e-02  3.26114632e-02
  2.16398805e-01 -2.37001672e-01  8.05857554e-02  1.36811003e-01
  3.47018689e-02  1.63637519e-01  8.82232860e-02  1.13023825e-01
 -6.62572980e-02 -3.22424546e-02 -1.87287971e-01 -2.69456133e-02
  5.04075252e-02 -2.03581695e-02 -3.69619206e-02 -2.59644985e-02]