[-0.08178072  0.03433459  0.03862339 -0.0646951  -0.17299362  0.0101045
  0.01295446 -0.05143384  0.13264027 -0.01127064  0.21850263 -0.10307312
 -0.31426588 -0.008361   -0.03612817  0.13229178 -0.1358622  -0.04222451
 -0.11367699 -0.13534755  0.09765283  0.05664014  0.04770062  0.01877923
 -0.10868062 -0.36114675 -0.05535585 -0.13812365  0.07437822 -0.1023572
  0.07739063  0.00428426 -0.14122662 -0.04590808  0.0085572  -0.01627421
 -0.07617699 -0.14989281  0.1892266  -0.03645663 -0.12879953  0.03916949
  0.00973779  0.20597939  0.11391684  0.03804831  0.07960185 -0.04206624
  0.08640415 -0.29879501  0.11501724  0.12087659  0.06313328  0.0170665
  0.12989186 -0.11136381 -0.04660761  0.19004895 -0.21758504  0.09499038
  0.1024966   0.05616482 -0.06621088 -0.14282264  0.18789428  0.16405198
 -0.16434893 -0.10405786  0.10588379 -0.13525207 -0.04929289  0.04034137
 -0.14890972 -0.13715254 -0.23535156  0.07698229  0.45049888  0.09666108
 -0.18760015 -0.10399709 -0.07963317  0.06345727  0.0766606  -0.00508776
 -0.02959367 -0.13393873 -0.06363965  0.01633107  0.12263872 -0.06245907
 -0.1042833   0.22917834  0.02688082 -0.02310935 -0.02268279  0.06797667
 -0.11193869 -0.04811618 -0.01855569  0.02517831  0.05297067 -0.06002233
 -0.01678626  0.08680606 -0.11852141  0.17672449 -0.04680774 -0.00837586
  0.01119581  0.0124543  -0.11228984  0.01902007  0.15505695 -0.2614843
  0.20639129  0.15084155 -0.00060333  0.12096512 -0.01570587  0.04738129
  0.00931511  0.0241141  -0.16289501 -0.13297078  0.02316786 -0.00112105
 -0.02008785  0.01373864]