[-0.03318284  0.06343438  0.05678544 -0.06503658 -0.10956877  0.06165294
 -0.01337802 -0.14148559  0.20046492 -0.08515354  0.2387674   0.03815055
 -0.22104047 -0.00426965  0.03319841  0.08322467 -0.20498185 -0.05931123
 -0.05651905 -0.10686411 -0.05124467  0.05241081 -0.04325149  0.03555386
 -0.11027966 -0.31097829 -0.03754308 -0.07584476  0.15714058 -0.04107822
  0.01405723  0.05553168 -0.14162819  0.00309436  0.04547983  0.06345522
 -0.06703255 -0.08924605  0.2517224  -0.05668938 -0.14504366 -0.02509635
  0.04105486  0.22389661  0.18760715  0.04220777  0.0766584  -0.0771324
  0.14033824 -0.22605774  0.0745366   0.15526699  0.06262904  0.03650258
  0.03189941 -0.22627664 -0.04068834  0.11883393 -0.20251128  0.07120816
  0.1064125  -0.07496262 -0.03390967 -0.03958276  0.22112592  0.02481787
 -0.13741933 -0.14302577  0.21799092 -0.19522008 -0.07860018  0.04878418
 -0.11810106 -0.20626873 -0.27110118  0.0880076   0.49899605  0.20458464
 -0.1584686   0.02760784 -0.03917783 -0.10675954  0.1080427   0.13552563
  0.00072889 -0.10548695 -0.04300689  0.0357409   0.24628007  0.04032876
 -0.02524879  0.19443476  0.05373612 -0.01228562 -0.05898599  0.04539409
 -0.07863696  0.02615903 -0.11439738  0.0046434   0.00538704  0.00485384
  0.05532308  0.19467288 -0.23710532  0.31767318  0.00826559 -0.06294425
  0.0371565  -0.01657725 -0.04722016 -0.0010139   0.21939847 -0.3033002
  0.16804074  0.1760281   0.14670494  0.19613123 -0.01830377  0.06938681
  0.09210131 -0.01789536 -0.26637354 -0.13162425 -0.03877535 -0.1226032
  0.0633776   0.0787957 ]