[-0.07441876  0.01089391  0.03002853 -0.05513844 -0.12959316 -0.01865547
  0.06497848 -0.08585607  0.13200207 -0.14862747  0.20554963 -0.14803228
 -0.31443593  0.04209128 -0.00258572  0.18695967 -0.08315846 -0.067
 -0.14796387 -0.10428082  0.02606252  0.09248333 -0.06166012  0.05263749
 -0.01709313 -0.30000114 -0.05618196 -0.07304277  0.02240327 -0.02108856
 -0.02439779  0.07137414 -0.09016751 -0.02063631  0.03565076 -0.006906
 -0.0880794  -0.10936912  0.15825929  0.05174479 -0.19950692 -0.06054254
  0.07069588  0.25017396  0.09343698  0.00983992  0.04884826 -0.06109582
  0.05771035 -0.24276508  0.0228646   0.06745373  0.19453645  0.00766191
  0.13190916 -0.1446078   0.01384975  0.13753651 -0.19316047  0.14234377
  0.10610585 -0.07941749 -0.04140461 -0.02656756  0.17953153  0.10977481
 -0.08822818 -0.10940342  0.14325519 -0.16571002 -0.13693798  0.01735675
 -0.10104121 -0.22106345 -0.25756735  0.00656962  0.41574511  0.18670857
 -0.17436582  0.00910299  0.03612252 -0.01356688  0.19130549  0.10239544
 -0.09136519 -0.04516255 -0.09623592  0.03076246  0.19418418 -0.08764461
 -0.07188459  0.22330575 -0.01859191 -0.05428946 -0.03160457 -0.01669505
 -0.06453487  0.00147723 -0.07701602 -0.0865778   0.13588932 -0.09442744
  0.03535621  0.06863436 -0.21111363  0.12168749 -0.04053646 -0.02449609
  0.01021979  0.00795628 -0.11266594  0.06214025  0.14759137 -0.16364548
  0.12949772  0.16541576  0.02650095  0.10197259  0.07489478 -0.01387605
  0.09159264 -0.05982041 -0.17485194 -0.12439334  0.09186167  0.02458547
  0.08027145  0.03501449]