[-3.92008275e-02  1.53003424e-01  9.62551534e-02 -4.67633903e-02
 -1.52437314e-01  3.59396413e-02 -5.75983226e-02 -7.31499344e-02
  1.07209124e-01 -1.43097699e-01  3.15327555e-01 -9.75764729e-03
 -1.71943888e-01 -4.44770157e-02 -5.99943474e-02  1.45509228e-01
 -1.31460011e-01 -8.60829353e-02 -8.68549570e-02 -1.65206604e-02
  3.65469046e-02  4.60616499e-02  2.94246189e-02  4.08457816e-02
 -1.77444424e-02 -3.95343632e-01 -7.30337128e-02 -4.70076725e-02
  1.05394065e-01 -1.68393224e-01 -1.03456371e-01  4.51966235e-03
 -1.39015585e-01 -1.77872255e-02 -6.88521843e-03 -9.77338292e-03
 -5.20767160e-02 -6.00417145e-02  1.69979855e-01 -2.75347382e-03
 -1.85472786e-01  7.50266239e-02  4.06010523e-02  2.72358596e-01
  2.02106625e-01  4.29918468e-02  5.10662869e-02 -1.25456035e-01
  1.27677515e-01 -1.53361738e-01  1.18934378e-01  1.09964013e-01
  1.20277084e-01  3.03239059e-02  8.70187134e-02 -1.16087534e-01
 -1.04708403e-01  1.63704053e-01 -8.84121954e-02  1.09685615e-01
  1.05652764e-01  4.41493839e-03 -2.55088694e-03 -1.54608503e-01
  2.66817153e-01  1.36371493e-01 -1.37093857e-01 -1.86509132e-01
  1.25705928e-01 -1.40445933e-01 -8.28885362e-02  3.08553949e-02
 -1.25164941e-01 -1.25118226e-01 -1.79113895e-01  9.46869478e-02
  3.75642419e-01  1.77617610e-01 -2.24689841e-01 -4.73664366e-02
 -5.86574040e-02 -3.16330902e-02  1.07538432e-01  1.26486972e-01
 -7.34904408e-02 -3.66538018e-02 -7.83233345e-02 -8.82751122e-03
  2.05495507e-01  6.07233960e-03 -4.58771028e-02  2.30051309e-01
 -2.88726911e-02  3.93642560e-02  1.65665876e-02 -1.10808015e-02
 -1.78331450e-01  3.05419564e-02 -1.54977545e-01 -4.14411724e-02
 -7.56919980e-02 -7.59770721e-02 -2.48037893e-02  1.41353056e-01
 -7.91850239e-02  1.48241445e-01 -7.62123168e-02  7.43336529e-02
  4.60999161e-02  8.20304379e-02 -9.75062400e-02 -9.04974565e-02
  9.93819162e-02 -1.91792190e-01  2.04210326e-01  8.25219154e-02
  1.20886557e-01  1.00428209e-01  1.36695608e-01  1.40727878e-01
  4.57397699e-02 -3.08142975e-04 -1.58202797e-01 -2.54575927e-02
  9.90390107e-02 -8.01448151e-02  9.29854661e-02 -1.22480318e-02]