[-0.02224622  0.06969589  0.01455658 -0.04431439 -0.07497612  0.04499672
 -0.09365875 -0.024735    0.16137838 -0.13358451  0.17209014 -0.00717014
 -0.19274452 -0.01936701 -0.0024735   0.0603394  -0.14279397 -0.10947406
 -0.03729953 -0.03537171  0.01094836  0.07622601 -0.01457736  0.02680046
 -0.16667324 -0.36720514 -0.09434617 -0.13045856 -0.05678762 -0.07738578
 -0.07407655  0.11641757 -0.08175167 -0.00825182  0.04806875  0.106098
 -0.04606191 -0.01137816  0.14212006  0.13846676 -0.10734878  0.01507589
 -0.01700068  0.32592598  0.18495971  0.0650573   0.01590834 -0.02990848
  0.08267995 -0.2288269  -0.0159682   0.23665112  0.04135786  0.08223209
  0.07020307 -0.08763266  0.05966319  0.03217925 -0.1552092   0.10224174
  0.02301925 -0.07691283  0.00878668  0.00758006  0.22318622  0.09303796
 -0.09244197 -0.09212929  0.09776176 -0.17750266 -0.12621242 -0.00099962
 -0.16613066 -0.23651655 -0.15157187  0.01011911  0.37377408  0.2298204
 -0.17916887  0.07407955 -0.0709109  -0.09414019  0.12391133  0.11635362
 -0.05256443  0.02421563 -0.07498956  0.05053532  0.24378036 -0.01651017
 -0.01393138  0.26117662 -0.02463216  0.07459488  0.07700221 -0.0515238
 -0.07583031 -0.00044824 -0.1389617  -0.07952591  0.05354588 -0.12604247
 -0.00096926  0.08865846 -0.17994492  0.14114383 -0.01412435 -0.00988079
  0.02203495  0.03220756 -0.13292202 -0.04077043  0.21279521 -0.19791864
  0.1457248   0.1983812   0.08324944  0.13488306  0.1226951   0.03946102
  0.00401834 -0.03926    -0.14924692 -0.07308168 -0.00833977  0.0406022
  0.02140517 -0.01793923]