[-0.12760244  0.14849104 -0.05853034 -0.05453188 -0.0330286  -0.02205269
 -0.00383653 -0.07780734  0.14050056 -0.05038901  0.25603756 -0.0944519
 -0.2674275  -0.08337243 -0.08097395  0.1155618  -0.25475895 -0.13028684
  0.01323495  0.01965453  0.131366    0.02307539  0.03150477  0.09658623
 -0.16770586 -0.30512115 -0.05457147 -0.13519002 -0.04480591 -0.10326993
  0.03124601  0.12328976 -0.22554481 -0.04820163 -0.01691951  0.05372256
 -0.04195315  0.04478242  0.21169414 -0.00981755 -0.16981521 -0.09089555
  0.0153044   0.30980858  0.12663037 -0.00762902 -0.02878373 -0.07118949
  0.04286297 -0.25586206  0.00963344  0.18304871  0.09406352  0.09972025
  0.00546803 -0.09713784  0.01479514  0.11604419 -0.14510661  0.03540336
  0.02866437 -0.1077815   0.06785242 -0.06773573  0.22959748  0.01701671
 -0.12225938 -0.09787248  0.05680082 -0.11693476 -0.08583069  0.13482843
 -0.07662402 -0.24626374 -0.32257658  0.05292444  0.31771541  0.11317381
 -0.11921495  0.05399043 -0.03068147 -0.08391693  0.10538071  0.09993017
 -0.07369831  0.06227869 -0.11350601  0.09646328  0.17598504 -0.07326382
 -0.07339246  0.19951688 -0.0859319   0.08182532  0.05964443  0.06214352
 -0.04237962  0.06252346 -0.0943514   0.09346408  0.02779002 -0.0726207
 -0.05260717  0.10120249 -0.04022419  0.0378521  -0.02084325 -0.02570514
 -0.08444972 -0.03212436 -0.13767064 -0.06820222  0.11005983 -0.26375091
  0.21305579  0.11345751 -0.03716996  0.14196873  0.0770238   0.0444251
 -0.04486972 -0.04217032 -0.15909874 -0.0170751   0.20809689  0.0245935
  0.09950425 -0.08234992]