[-2.19346568e-01  1.50588274e-01  1.41901523e-01  2.93354131e-03
 -9.75738168e-02 -4.15841416e-02  6.95066452e-02 -5.37803397e-02
  1.59284920e-01 -1.14482166e-02  2.41920754e-01 -5.34697808e-03
 -1.97995052e-01 -1.06108822e-01  4.28208522e-03  1.24420285e-01
 -1.44498914e-01 -1.21424399e-01 -9.48908105e-02 -1.42333224e-01
  4.51142155e-02  2.13634931e-02 -3.26155238e-02  6.29321933e-02
 -7.78393224e-02 -2.63468415e-01 -6.51172176e-02 -1.63935289e-01
  1.01926968e-01 -1.10577740e-01  4.67774346e-02 -6.27685413e-02
 -1.62722051e-01 -8.11754316e-02 -7.21636787e-02  2.49249190e-02
  5.67011014e-02 -1.71563141e-02  1.55702755e-01 -6.94856271e-02
 -1.17565192e-01 -2.38132067e-02  2.21265443e-02  2.73787111e-01
  1.08691312e-01  1.75949223e-02  6.34795427e-02  4.81012873e-02
  9.67192352e-02 -2.33152628e-01  6.47434443e-02  9.26803201e-02
  1.90342829e-01  3.53162885e-02  3.89055312e-02 -1.55855417e-01
 -8.96086469e-02  1.23246886e-01 -1.86522111e-01  1.35322064e-01
  8.04617554e-02 -4.33145538e-02 -8.64572078e-02 -4.86158058e-02
  2.43349150e-01  1.35756597e-01 -1.33661106e-01 -9.51820239e-02
  1.70553789e-01 -1.49839252e-01  1.38774049e-04  6.78150654e-02
 -1.06374711e-01 -9.02003646e-02 -2.28126511e-01  1.40860006e-01
  4.32449818e-01  8.53599459e-02 -1.80354074e-01 -6.89747557e-02
 -1.79201066e-01  6.56750500e-02 -5.51245436e-02  6.75095245e-03
 -1.10408388e-01  5.12956716e-02 -1.20552123e-01  4.32876721e-02
  1.25587761e-01  6.30263425e-03  1.24690905e-02  2.22189516e-01
  5.40836044e-02 -1.68936327e-02 -2.52064168e-02  1.77435242e-02
 -2.24824287e-02 -6.56265542e-02 -1.47511922e-02  3.62698287e-02
  2.84067988e-02 -1.07862316e-01  2.76632421e-02  2.75384411e-02
 -1.70036465e-01  1.36591330e-01 -3.91199999e-03  3.26363705e-02
 -7.19530433e-02  8.22051540e-02 -5.95972203e-02 -2.75135003e-02
  1.95981890e-01 -1.88237324e-01  1.81981742e-01  1.70337126e-01
 -5.29843122e-02  1.41761452e-01 -2.13551726e-02  1.12002589e-01
 -2.07931101e-02 -3.79103161e-02 -3.86724100e-02 -7.56873637e-02
  3.33943181e-02 -1.04069240e-01  3.81692052e-02  7.68957436e-02]