[-7.03997463e-02  3.18156332e-02  3.80738080e-02 -6.89054132e-02
 -1.16829999e-01  2.07661968e-02 -4.98925894e-02 -4.65260893e-02
  2.13184834e-01 -1.97882369e-01  1.35706991e-01 -5.58014140e-02
 -1.96551010e-01  6.40170872e-02 -3.39839980e-02  9.36003700e-02
 -2.15460852e-01 -1.61353126e-01 -4.96812537e-02 -1.67828321e-01
  5.55654727e-02  1.09116398e-01  3.17810616e-03  1.06595054e-01
 -3.10412079e-01 -3.49535108e-01 -5.74383885e-05 -8.46547931e-02
 -3.75097990e-02 -9.56919119e-02  1.24452543e-03  1.38676897e-01
 -1.92267463e-01  6.65625110e-02  2.58897319e-02  1.66736543e-01
  2.15631556e-02 -9.41715017e-02  2.04798877e-01  6.51032850e-02
 -2.93953151e-01 -2.75657550e-02  9.14459005e-02  2.75514096e-01
  2.67458886e-01 -6.57758415e-02 -2.03235559e-02 -8.77614506e-03
  1.76407546e-01 -3.70700926e-01  1.92290954e-02  2.28907272e-01
  1.88146159e-02  6.14477582e-02  4.21638861e-02 -1.37056872e-01
 -3.75226624e-02  9.75175202e-02 -1.12310193e-01 -2.59342156e-02
  6.71128109e-02 -1.21895403e-01  2.80928444e-02 -4.95069399e-02
  1.86171770e-01  6.57609776e-02 -1.55570999e-01 -1.12472221e-01
  1.25397056e-01 -2.36534521e-01 -8.49328563e-02  1.20436423e-01
 -1.10196196e-01 -2.28764907e-01 -2.75376856e-01  4.86651622e-02
  3.86346549e-01  1.85351387e-01 -7.09882975e-02  1.37809291e-01
 -8.99427682e-02 -1.55283380e-02  1.83052197e-02  1.91248551e-01
  2.35510077e-02  6.98317736e-02 -3.11421342e-02  1.44783035e-01
  2.73824304e-01  6.43942319e-03 -3.96134071e-02  2.65146494e-01
 -1.46413129e-02  8.93456023e-03  2.99627334e-02  9.49399769e-02
 -1.49684027e-01 -2.24158894e-02 -1.22464702e-01  3.78017314e-02
  2.60213036e-02  5.16604818e-03 -1.37334205e-02  1.27097577e-01
 -2.76308864e-01  2.37932101e-01 -8.66786689e-02 -9.85229909e-02
 -5.99252339e-03 -6.13068156e-02 -3.03010270e-02  2.97014173e-02
  1.54277995e-01 -3.16561878e-01  8.99139792e-02  1.65123850e-01
  6.62738010e-02  2.54142314e-01  6.14370927e-02 -1.10809207e-02
  5.39193712e-02 -4.45630215e-02 -1.96127057e-01 -9.91140157e-02
  8.55356455e-03 -6.46804646e-02  2.15619635e-02  1.57429883e-03]