[-0.03665659  0.00516702 -0.00350184 -0.101625   -0.09082524 -0.06522942
 -0.00866775 -0.12746945  0.21375848 -0.08172669  0.13253897 -0.08512299
 -0.15947726  0.0078219  -0.0068561   0.10126948 -0.15786275 -0.13854735
 -0.08557286 -0.07369852  0.06806474  0.03454392 -0.02313191  0.09922688
 -0.17831162 -0.24372184 -0.07602988 -0.09745733  0.15168744 -0.12461296
  0.03632769  0.11481538 -0.14811312  0.03773305  0.06604031  0.06849369
 -0.0100032  -0.12487809  0.2231757   0.02005606 -0.3283582  -0.0419245
  0.01566646  0.20095135  0.12888977  0.01354739  0.02454953 -0.08579683
  0.10963305 -0.19097963  0.03807838  0.22264987  0.08289465 -0.00714362
  0.08369426 -0.09974074 -0.01639579  0.10938118 -0.22009487  0.02722222
  0.111378   -0.07038476 -0.02336533 -0.09511279  0.11271786  0.0764915
 -0.15311131 -0.10196786  0.15632546 -0.22095567 -0.10505326  0.09832989
 -0.05790924 -0.18766287 -0.24809787 -0.0599784   0.41007337  0.14298117
 -0.16965474  0.06911846 -0.05893344 -0.06525823  0.06573408  0.16554868
 -0.05365944  0.0377391  -0.0197506   0.00156935  0.2190714  -0.03464033
  0.03471239  0.18067276 -0.00688523 -0.04603094 -0.09127001  0.04652409
 -0.11332288 -0.03322115 -0.00546763 -0.0619376   0.05582023  0.0272254
  0.00582     0.1578777  -0.23433447  0.22330825  0.02908762 -0.09787378
  0.01783045  0.03576615 -0.0023115  -0.06600472  0.1164008  -0.26528338
  0.11447706  0.17214747  0.01933944  0.10095782  0.00618523  0.0665627
  0.05149868 -0.04831199 -0.15295419 -0.13657315  0.02627097 -0.04193189
  0.00253115 -0.02993071]