[-9.63971838e-02  1.28642723e-01 -9.30450391e-03 -3.61312134e-03
 -6.90151304e-02 -2.94364914e-02 -5.28790504e-02 -8.23415965e-02
  1.59065112e-01 -8.61880630e-02  1.91370323e-01 -2.59585492e-02
 -2.05096945e-01 -7.84423295e-03 -1.37413830e-01  5.36717847e-02
 -2.46793330e-01 -9.96686593e-02 -4.69192304e-03 -2.54972558e-02
  7.91298896e-02  7.74509683e-02 -1.97093096e-03  8.42910334e-02
 -9.06670913e-02 -2.81626135e-01 -5.12085520e-02 -9.29804817e-02
  4.25174721e-02 -9.28941444e-02  4.06193584e-02  4.61893491e-02
 -2.04300761e-01 -3.46856564e-02 -5.53842820e-03  1.79139655e-02
  1.06829330e-02 -5.44675160e-03  1.72150686e-01 -4.43335176e-02
 -1.61906168e-01  7.58688077e-02  4.96378951e-02  3.18185508e-01
  1.74933225e-01  7.68839419e-02 -7.03434944e-02 -1.36954010e-01
  8.48923251e-02 -1.91872537e-01  1.13965012e-02  1.99883401e-01
  3.03227678e-02  8.38737562e-03 -2.62753107e-02 -1.50508419e-01
  8.87377746e-03  7.49268830e-02 -1.71704352e-01  6.34750128e-02
  5.50701953e-02 -6.77260235e-02  4.65170294e-02 -1.19538512e-04
  1.58045202e-01  2.76798420e-02 -8.59548748e-02 -1.73127562e-01
  9.77027863e-02 -2.56948352e-01 -7.34955892e-02  8.44461545e-02
 -5.45866266e-02 -2.07501799e-01 -2.40581200e-01  4.18436825e-02
  4.27683175e-01  1.50274485e-01 -9.34512615e-02  1.45253539e-01
 -3.25287730e-02 -8.10103342e-02  1.34176582e-01  1.49614125e-01
 -7.17427284e-02 -4.69162762e-02 -1.11770950e-01  7.12440014e-02
  2.05780044e-01  2.97880732e-02 -7.51215518e-02  1.93028271e-01
 -4.16630507e-03  4.07085754e-04  5.17413169e-02  1.58446934e-02
 -1.10964924e-01  7.61154816e-02 -1.36366308e-01  2.40796246e-02
  6.84773363e-03 -1.20439436e-02 -2.06615180e-02  1.22024551e-01
 -1.08763203e-01  1.13961346e-01 -9.34037473e-03 -4.57111821e-02
  1.54449884e-02  1.49520673e-02 -9.09770429e-02 -3.81781757e-02
  1.33684069e-01 -2.48170033e-01  2.44928688e-01  9.55352485e-02
  1.06614605e-01  1.82585418e-01  9.42942724e-02  6.16571978e-02
  4.67676520e-02  4.65802662e-03 -1.84999540e-01 -7.26674795e-02
  6.09895959e-02 -5.85947670e-02  1.50837585e-01 -2.70082653e-02]