[-0.03539742  0.11378504  0.0515418  -0.07800359 -0.18054977 -0.01804343
  0.0501103  -0.0966632   0.18936197 -0.07132576  0.23122627 -0.07006413
 -0.25184262  0.02316507 -0.06260194  0.27093509 -0.13074304 -0.11638597
 -0.16368645 -0.09507094  0.07319777  0.14815359 -0.04351281  0.11671349
 -0.05376799 -0.30963376 -0.02830713 -0.02355548  0.03992999 -0.0717863
  0.03158711  0.2388875  -0.11280047 -0.01957629  0.08318564  0.07497295
 -0.03802459 -0.10649309  0.16075717  0.04257211 -0.28733015  0.04194038
  0.18450245  0.26997623  0.18146043  0.00851109  0.04443859 -0.10984147
  0.04126562 -0.31838989  0.01348173  0.11888978  0.11115785  0.07143838
  0.0461464  -0.24064958  0.00938938  0.05742428 -0.28474313  0.01881931
  0.14502659 -0.17877617 -0.06515183 -0.12678647  0.19151126  0.11826731
 -0.14287572 -0.14414366  0.14535595 -0.23835665 -0.08836349  0.10985899
 -0.09695225 -0.16654515 -0.30128947 -0.00322565  0.42670718  0.2119347
 -0.15213735  0.04735237 -0.01399328 -0.00369065  0.03156446  0.17621218
  0.00517844 -0.06046176 -0.09171057  0.0442672   0.15658624 -0.04989416
  0.01874402  0.34450704  0.07435033 -0.01602508 -0.08128319  0.0703206
 -0.10632554 -0.01256571 -0.09145465 -0.01953305 -0.08806241  0.01684596
  0.03121209  0.07446405 -0.18014711  0.21930002 -0.05684204 -0.00561401
 -0.03586922 -0.05221386  0.01171655 -0.00068354  0.14662389 -0.2209042
  0.09212717  0.14845239  0.0495224   0.15106207  0.05543052  0.11002629
  0.04225594 -0.14957368 -0.21898288 -0.03823609  0.08005735 -0.16153416
  0.01858641  0.06514721]