[-0.11510829  0.02152533  0.0619812   0.06166661 -0.10835826  0.00975772
  0.00646897 -0.08707572  0.11079647 -0.1373523   0.14872548 -0.03162232
 -0.26886916  0.02580862  0.00746628  0.13782921 -0.11047319 -0.06201857
 -0.1600786  -0.05549624 -0.046108    0.03756421  0.07751257  0.05217528
 -0.1401864  -0.30944356 -0.10560703 -0.10605822 -0.0114285  -0.06672267
 -0.0424698   0.05691337 -0.14332552 -0.02213226  0.01725949  0.10204807
 -0.10027813 -0.10089501  0.28131425  0.0024653  -0.22669704  0.02404744
  0.08475158  0.23519368  0.25792903 -0.04675528  0.01698139 -0.08496153
  0.11532231 -0.31891915  0.00403022  0.15439948  0.03874175  0.09385827
  0.04538286 -0.13057555  0.03569579  0.14438784 -0.16953592 -0.00225151
  0.06755235 -0.09404553 -0.03612321  0.0292529   0.16227682  0.13266125
 -0.08970342 -0.17073266  0.17102893 -0.25834277 -0.00141487  0.14703545
 -0.1178512  -0.22664331 -0.28082272  0.04664984  0.39920565  0.18155728
 -0.07700809  0.02535824 -0.1153737  -0.05591618  0.02631477  0.08833733
 -0.05826533 -0.05985044 -0.07855775  0.0803988   0.22446349 -0.02036723
  0.02095543  0.22805297  0.09249867 -0.06601681  0.06197596  0.06727896
 -0.11383484 -0.08212911 -0.18699874 -0.02886609  0.04582475 -0.09646846
  0.05182787  0.11234    -0.24914917  0.18083936 -0.076503   -0.11406112
  0.03362744 -0.08067982 -0.09945935  0.04720081  0.20213689 -0.24905786
  0.10491827  0.15666293  0.00584934  0.12470151  0.08150357  0.09147301
 -0.06117592 -0.00773526 -0.19769348 -0.06575093  0.04324671  0.00756998
  0.03445623 -0.00047258]