[ 0.00407423  0.06496365  0.11787658 -0.05157422 -0.10932599 -0.04715798
 -0.03193795 -0.06732734  0.10959553 -0.13217981  0.14734584 -0.07138579
 -0.25556368  0.09364671 -0.11270244  0.19390142 -0.06063032 -0.12101616
 -0.12136097 -0.01178004 -0.00343499  0.16938339  0.00998093  0.05108858
 -0.04134779 -0.31008229 -0.02742944 -0.01648933  0.04028499 -0.00126267
 -0.02600019  0.13448717 -0.11285086  0.01387096  0.09847242  0.082885
 -0.0718025  -0.07482781  0.18105426  0.08578891 -0.26075876  0.00200661
  0.03528832  0.31799862  0.11771476  0.05304697  0.07996044 -0.10014558
  0.09999767 -0.31643844 -0.06744915  0.11980303  0.0334922   0.05697229
  0.03864268 -0.21835689  0.05462869  0.1034322  -0.18539026  0.13021734
  0.06170468 -0.11954758  0.00846959 -0.08918807  0.28128424  0.04130618
 -0.17776668 -0.12773012  0.22092146 -0.19831876 -0.0616244   0.09762844
 -0.10516331 -0.11131795 -0.26188827 -0.07172965  0.42289376  0.11061288
 -0.10323893  0.04126797 -0.04687321  0.06069301  0.03277717  0.16234931
 -0.04584819 -0.00458159 -0.07248615 -0.03011224  0.26619294 -0.06698296
 -0.04337905  0.22216804  0.00464064  0.06831715 -0.03508662  0.04643323
 -0.11932719 -0.02814693 -0.09439448  0.03801439 -0.03537096 -0.09645913
  0.03584315  0.16376625 -0.16636428  0.20058404 -0.07660224  0.03446156
  0.06152765  0.10568748 -0.06800361 -0.0493733   0.15332283 -0.22849895
  0.20212078  0.20929554  0.08989324  0.06386078  0.06537322  0.05461932
  0.01350261  0.00264687 -0.20905876 -0.14832424  0.00579178 -0.1070859
 -0.00916392  0.04923736]