[-8.90612677e-02 -2.28858087e-02  4.34641764e-02 -1.30750507e-01
 -6.05143718e-02 -2.80800276e-03 -8.64944607e-02 -1.66571394e-01
  1.60180300e-01 -1.83370367e-01  1.80361047e-01 -6.22397140e-02
 -1.74871206e-01  4.45493981e-02 -7.39975423e-02  1.94432378e-01
 -1.27679348e-01 -1.67631730e-01 -9.01931375e-02 -5.21177985e-02
 -1.11985905e-03  3.89710553e-02  3.93265113e-02  1.72009513e-01
 -1.33123666e-01 -3.99074495e-01 -7.68495575e-02 -6.59757480e-02
 -1.18329324e-01 -5.85465245e-02  6.03708113e-03  1.02502793e-01
 -2.30484903e-01  6.48400784e-02 -3.43432091e-02  1.40575871e-01
 -7.34704584e-02 -1.25905409e-01  2.23741129e-01  8.39618519e-02
 -2.59858310e-01 -1.51518174e-02  6.69994056e-02  2.32620046e-01
  2.02038229e-01 -4.95217070e-02  3.49672511e-04 -4.05667722e-02
  1.04793549e-01 -2.82809973e-01  5.33011928e-02  1.70981228e-01
  6.20424189e-02  6.08541891e-02  5.88904694e-02 -4.19882536e-02
  3.74463052e-02  1.17596157e-01 -1.97199121e-01  6.05352875e-03
  6.09333627e-04 -4.41297665e-02  3.26685905e-02 -9.15845707e-02
  2.22696677e-01  1.98611140e-01 -1.18560001e-01 -5.81485108e-02
  1.79334983e-01 -1.37543812e-01 -1.01929173e-01 -7.84695148e-05
 -1.73211053e-01 -2.70400912e-01 -2.99638182e-01  1.77511610e-02
  3.91823322e-01  1.90870151e-01 -1.31206572e-01  8.94240513e-02
 -4.38062288e-02 -8.18184465e-02  2.35154815e-02  1.25942051e-01
 -6.35529123e-03  4.48145121e-02  3.23010143e-03  1.31217152e-01
  2.15851635e-01  3.53266299e-02 -7.05638900e-02  2.70306677e-01
 -5.96867427e-02 -1.24042109e-02  3.34119163e-02  9.53916758e-02
 -8.26853514e-02  1.95109025e-02 -1.91998661e-01 -1.04390681e-02
 -8.09783954e-03  6.23698197e-02  3.50310914e-02  1.08953469e-01
 -1.85702682e-01  1.85143322e-01 -1.61527786e-02 -6.85166121e-02
  1.88483521e-02  9.12207440e-02 -1.37683958e-01 -7.62607455e-02
  1.21385388e-01 -1.97047681e-01  1.32933423e-01  1.27806082e-01
  5.98193258e-02  1.46333441e-01  7.15356097e-02  5.36038093e-02
  1.65654700e-02 -4.81426492e-02 -2.03251153e-01 -4.77378778e-02
  1.15539744e-01  4.44067344e-02  9.46140736e-02  8.83042365e-02]