[-0.16594864  0.13446492  0.06462257 -0.04916596 -0.13318571  0.02570187
 -0.03738354  0.03142037  0.15402725 -0.03169986  0.12432469 -0.03747682
 -0.21519579  0.02507792 -0.03982126  0.13609502 -0.2329331  -0.11705734
 -0.05197952 -0.10479405  0.06633636  0.10555321 -0.06424046  0.02571524
 -0.20775995 -0.30873561 -0.04440179 -0.1544926   0.00685026 -0.13975571
  0.05109375  0.03141245 -0.16811197  0.01833232  0.02501795  0.01516961
 -0.03191946 -0.04611553  0.14964418  0.02953639 -0.14613317  0.02742399
  0.06767839  0.29687032  0.13990428  0.12491939 -0.037384   -0.08199082
  0.17931047 -0.26410359  0.09021761  0.18280862  0.00345255  0.09421604
  0.12779391 -0.14448546  0.05738018  0.06440157 -0.23618387  0.0243124
 -0.00083246  0.03646147  0.02777272 -0.05963429  0.16787627  0.08813485
 -0.03996483 -0.11719979  0.16224644 -0.16626862 -0.08982399  0.06944069
 -0.08277223 -0.15666537 -0.28217024  0.03286269  0.38160527  0.1699831
 -0.11684217  0.02029642 -0.00422566 -0.10300738  0.06460063  0.04353406
 -0.16030264 -0.03840315 -0.04964524  0.08495564  0.24157511  0.01165732
 -0.01259114  0.19912761  0.06276462 -0.05356582  0.00578497 -0.00155547
 -0.13354655 -0.03376438 -0.11106962 -0.07807764  0.067549   -0.01079633
 -0.04689638  0.18876743 -0.23587152  0.16093196  0.00595819 -0.10817867
 -0.13041508  0.03543744 -0.10775121  0.03683453  0.14246036 -0.19253133
  0.19379453  0.14705494  0.02859316  0.11557698  0.01258219 -0.01925086
 -0.04832036 -0.03718803 -0.15783085 -0.11195565  0.11471695 -0.0130762
  0.03576972  0.03162229]