[-0.11347736  0.0806054   0.03575837 -0.08953179 -0.1196683   0.01746843
 -0.0524749  -0.10190269  0.16525444 -0.1086764   0.2102657   0.00693938
 -0.30692828  0.03707176 -0.06029662  0.04822759 -0.21727332 -0.13507165
  0.03309924 -0.01020828  0.13785549  0.05643403  0.01941089  0.09734882
 -0.13363005 -0.27454832 -0.14035617 -0.14941439  0.0263579  -0.09360439
  0.05958176  0.00793939 -0.14271772  0.030778   -0.01563975 -0.00547908
 -0.05354271 -0.05466037  0.24505094  0.05877184 -0.1271634   0.02373122
 -0.02162744  0.27332285  0.10372521  0.0708321   0.02838164 -0.1488023
  0.09831689 -0.26217267  0.11655456  0.24126758  0.08027413  0.07274331
  0.07923584 -0.20963982  0.06563856  0.05020913 -0.21016905  0.1577888
  0.05606625 -0.02180696  0.0928514  -0.03899551  0.21664318  0.05146287
 -0.10689132 -0.11731405  0.16688786 -0.16528313 -0.12592116  0.12339489
 -0.16269924 -0.1907303  -0.2394703   0.01623888  0.46241644  0.16171095
 -0.13908148  0.04267916 -0.14018063 -0.1058486   0.03530722  0.08248411
 -0.08552183 -0.07075549 -0.10583368  0.04027199  0.21494392 -0.01711629
 -0.05458105  0.27629232  0.06886804  0.04603481  0.08134864  0.03506358
 -0.09173825 -0.05592296 -0.08492701 -0.01175462 -0.09526989 -0.10901842
 -0.04861657  0.12503047 -0.192664    0.16042274  0.00570441 -0.11308043
 -0.11388575  0.04731202 -0.17851998 -0.0170029   0.17004921 -0.30778033
  0.21987428  0.15053773  0.13466817  0.14529572  0.01521161  0.07710743
 -0.05384582 -0.05292724 -0.13535044 -0.08408584  0.04358725  0.00731307
  0.0387699   0.0452185 ]