[-0.06676175  0.05399226  0.01352745 -0.09645097 -0.05369157  0.03918423
 -0.08258291 -0.05207387  0.15180369 -0.17870115  0.12713864  0.0480302
 -0.15958393 -0.00290732 -0.00333634  0.17017461 -0.16922601 -0.14305411
 -0.10074824 -0.06103224  0.00940118  0.07870688  0.09666548  0.11737714
 -0.14010912 -0.39951998 -0.05178201 -0.08474418 -0.10687833 -0.07175611
  0.0291377   0.10314926 -0.14277983  0.12084616  0.02999775  0.12678039
 -0.04658308 -0.11182059  0.20374775  0.12119488 -0.25535184  0.01640688
  0.04372033  0.31850064  0.26119861 -0.05420308  0.04798254 -0.01270127
  0.2098745  -0.29136667  0.09179601  0.15902686  0.05384783  0.03348585
  0.08066322 -0.06583863  0.04049632  0.11339553 -0.16550408 -0.01843941
  0.02109296 -0.05299245 -0.02597234 -0.07727474  0.19423442  0.20477451
 -0.14090644 -0.18058863  0.17918432 -0.15679045 -0.09317864  0.07839253
 -0.1927878  -0.18621276 -0.19116889 -0.0427736   0.36511254  0.15860368
 -0.0834535   0.06254823 -0.12983568 -0.05726286 -0.05534664  0.17176962
 -0.00300767  0.00799889 -0.02510277  0.0950929   0.26500767  0.02466742
 -0.08994524  0.2662991   0.00165645 -0.05596929 -0.00324323  0.01832246
 -0.10713919  0.01700229 -0.15826128 -0.07475404 -0.06484964 -0.03744925
 -0.0391641   0.09582779 -0.30134785  0.28323156 -0.03721121  0.01970421
  0.05497484  0.03024849 -0.10141958  0.02826703  0.11906108 -0.24152207
  0.13116996  0.14349431  0.14856963  0.13877243  0.03603329  0.04274909
  0.02158124 -0.07569747 -0.26038915 -0.0730264   0.02780808  0.01928423
  0.00976435  0.05927463]