[-7.59247616e-02  4.44513895e-02  1.00863464e-02 -9.90895629e-02
 -3.13684568e-02 -2.31153797e-02  2.71556713e-02 -4.98395786e-02
  1.96454704e-01 -9.09955800e-02  1.73950672e-01 -5.93240783e-02
 -2.97008604e-01  3.09090167e-02 -1.71444207e-01  6.28899932e-02
 -1.73698351e-01 -1.38989642e-01 -7.40506425e-02 -8.89419243e-02
  1.02647960e-01  5.68641000e-04 -4.18395959e-02  7.40186870e-02
 -1.32445306e-01 -2.43390128e-01 -5.49372584e-02 -1.17776185e-01
  8.27046335e-02 -1.38711199e-01 -1.22371744e-02  1.09890342e-01
 -2.10768372e-01 -1.07955337e-01 -5.25649637e-02  9.46553983e-03
 -3.32444683e-02 -5.60888201e-02  2.06087023e-01  8.96955431e-02
 -1.49180859e-01 -1.24319680e-02 -7.32759573e-03  3.62507582e-01
  1.67010978e-01  7.37424567e-02 -8.07151571e-03 -8.89760107e-02
  1.26736090e-01 -3.43508959e-01  2.01766454e-02  1.77383810e-01
  1.22250751e-01  1.08788744e-01  4.33217064e-02 -2.55478382e-01
  9.33549404e-02  5.78475483e-02 -1.74559355e-01  1.21991940e-01
  1.41320275e-02 -7.01783039e-03  7.48510584e-02 -2.41844114e-02
  1.62571207e-01 -3.55065912e-02 -1.07598215e-01 -6.17288835e-02
  1.23456910e-01 -1.71743751e-01  2.49792971e-02  1.70369089e-01
 -9.44247544e-02 -2.04733312e-01 -2.42514983e-01  6.63956702e-02
  4.49265361e-01  1.92408577e-01 -7.82054886e-02  1.70676671e-02
 -1.16382129e-01 -7.52741247e-02  8.27447399e-02  3.15118916e-02
 -1.55433416e-01  1.89447589e-02 -9.82265025e-02  4.52183709e-02
  1.79441765e-01  1.66303962e-02 -8.58125836e-02  2.21827373e-01
 -1.09262764e-05  9.39276442e-03  2.63401121e-02  1.03012696e-01
 -1.69431210e-01  4.49847467e-02 -8.19336176e-02  5.54492511e-03
  6.97279647e-02 -1.15811862e-01 -2.51292400e-02  1.41889498e-01
 -1.85181722e-01  1.40083924e-01 -6.16906844e-02 -3.84078920e-02
 -5.91641292e-02 -2.48688776e-02 -1.14936240e-01  2.83458689e-03
  1.65589958e-01 -2.62774915e-01  1.01282656e-01  2.46815473e-01
  7.24682584e-02  1.05403066e-01  7.31738657e-02 -3.56483199e-02
 -5.20346221e-03 -1.50938490e-02 -1.76512972e-01 -7.22246170e-02
  8.68831426e-02 -4.10130583e-02  3.26284058e-02 -3.52354236e-02]