[-0.1753481   0.10727619  0.04922953  0.01808142 -0.06251115 -0.087364
 -0.01073464 -0.06712011  0.1408803  -0.00568851  0.16436028 -0.04066044
 -0.17688693 -0.07286608 -0.08161741  0.17760473 -0.10515928 -0.11600178
 -0.14635271 -0.05543251  0.05803901  0.03886663  0.01608922  0.08185598
 -0.07457883 -0.26320618 -0.08209659 -0.04082245  0.07801059 -0.07668594
 -0.05595931 -0.0260922  -0.25889793 -0.14535998  0.06234401  0.09763162
 -0.00131531 -0.00505879  0.1180381  -0.02702975 -0.18109189  0.03465061
  0.08594061  0.30559671  0.16846539  0.12035531 -0.03900525 -0.01824913
 -0.02386597 -0.23238036  0.06961915  0.09157047  0.12567344  0.01794211
  0.05515574 -0.13135433  0.01125177  0.15958491 -0.16861245  0.03978107
  0.05677257 -0.07150232 -0.04141059  0.00658027  0.21891658  0.118729
 -0.11288307 -0.0956919   0.10386051 -0.17851277  0.02248652  0.0155269
 -0.02352029 -0.12740172 -0.33551365  0.03101293  0.48887235  0.11018907
 -0.20828755  0.04178902 -0.05771084  0.0627633   0.11471911  0.00392387
 -0.14475435  0.03000577 -0.12838878  0.02647123  0.15661903  0.02448361
 -0.03174065  0.13824855  0.02557503 -0.05750792  0.03797876  0.01381255
 -0.03275547 -0.05879496 -0.11828608 -0.01365506  0.03605558 -0.04277627
  0.00347073  0.08627955 -0.16610694  0.04380122  0.05702304 -0.0491738
 -0.01724949  0.09749735 -0.14000042 -0.07425637  0.09516714 -0.24411523
  0.21611896  0.19995815 -0.05944771  0.12146493  0.08395029  0.06935973
  0.03115039  0.02531357 -0.03738445 -0.11313218  0.08950217 -0.0655817
  0.17233776  0.03606505]