[-0.06247923  0.02345417  0.05257454 -0.08215336 -0.14076866  0.00537871
  0.01991533 -0.04333109  0.15746561 -0.17137554  0.21474211  0.01123039
 -0.18385673  0.07176889 -0.05596286  0.18339506 -0.1224243  -0.06481364
 -0.13424072 -0.13012005 -0.03197471  0.05097833  0.00199224  0.04129329
 -0.07166561 -0.25388038 -0.06455413 -0.08151696  0.1702664  -0.08942548
  0.01509507  0.06184281 -0.0126699   0.0230777   0.06635389  0.07300624
 -0.02947092 -0.11883321  0.25641248 -0.01476779 -0.1317943   0.03726478
  0.0227434   0.31048268  0.10379059  0.00671266  0.09783013 -0.12947206
  0.1584722  -0.24199365  0.09827988  0.02423126  0.10704868  0.0404717
  0.10471237 -0.16707143  0.05448202  0.12924625 -0.14223294  0.11418105
  0.08035814 -0.06627471 -0.06009326 -0.11404242  0.19952382  0.06561533
 -0.13371803 -0.11702253  0.16981331 -0.15975714 -0.06078341  0.01738687
 -0.12644151 -0.07582015 -0.25464535  0.03935479  0.411854    0.1908637
 -0.15024234 -0.00582016  0.03439768 -0.01473968  0.05157135  0.14445668
 -0.15003961 -0.11481468 -0.03909162  0.03988242  0.18704383 -0.0437198
 -0.02940137  0.1393373   0.04634714 -0.00784411 -0.04767967  0.03199551
 -0.15643953 -0.03159673 -0.03582128 -0.00939739  0.10027033 -0.10396097
  0.04131922  0.16426568 -0.25032926  0.22613665 -0.11816086 -0.04684041
  0.10060509  0.09161346 -0.06358138 -0.00975597  0.20124677 -0.15195723
  0.12488752  0.24221578  0.09128816  0.10238184  0.05993906  0.09227544
  0.0164375   0.08624105 -0.19671729 -0.08590743 -0.00072288 -0.0938572
  0.01083642  0.05152224]