[-0.01809882  0.02036518  0.09281244 -0.0576657  -0.10078434 -0.03006897
 -0.04062593 -0.07918522  0.18824172 -0.09545964  0.12983976 -0.01644147
 -0.16010919  0.08439217 -0.04034334  0.18717113 -0.10062103 -0.16975844
 -0.16436395 -0.06427275  0.04174001  0.01685422 -0.02649836  0.11846503
 -0.22673787 -0.3431381  -0.08694212 -0.0711877  -0.03199486 -0.03900365
 -0.02633322  0.12510215 -0.2210325  -0.05186024  0.12034386  0.09071525
 -0.01085437 -0.09768519  0.21691865  0.04641799 -0.23827513  0.01237085
  0.12781803  0.23642348  0.15160346  0.07487687  0.08730449 -0.03187731
  0.11602534 -0.2664392   0.13600004  0.15431552  0.06834111  0.11120868
  0.06939811 -0.13140164  0.02600439  0.19339338 -0.27626377  0.11033735
  0.0952126  -0.12265497 -0.07153831 -0.11838561  0.21543831  0.14349562
 -0.15578656 -0.10779301  0.20892453 -0.15802792 -0.00432936  0.01273535
 -0.1382191  -0.18878737 -0.27854568  0.00817958  0.46464121  0.19910465
 -0.17123163  0.02771219 -0.08797318 -0.04626315 -0.02054939  0.09546349
  0.03124721  0.00555404  0.02391439  0.08766196  0.24919218  0.06110305
  0.02261211  0.26101363 -0.01035283 -0.11335315 -0.05764773  0.0602599
 -0.16083083 -0.07067866 -0.11633276 -0.02615293 -0.0810146   0.04938203
  0.01031432  0.11491548 -0.22886299  0.18370196 -0.05791543 -0.0567482
 -0.02696982  0.05310138 -0.12137447 -0.11732091  0.14271128 -0.24173093
  0.09824316  0.15794124  0.04564726  0.11646585 -0.01200841  0.08332768
  0.07346946 -0.05236106 -0.22706026 -0.10124565  0.09347018 -0.06720832
  0.06341085  0.05777113]