[-0.01310917 -0.03605827  0.05966842 -0.09515121 -0.13850781  0.05500175
 -0.01323817 -0.02555148  0.16201626 -0.17512843  0.13488096 -0.06848913
 -0.13975638  0.0924058  -0.05338124  0.19837441 -0.15606299 -0.19528358
 -0.12705612 -0.10484436 -0.00938042  0.04755163 -0.0183368   0.15333104
 -0.13815157 -0.35962269 -0.05934897 -0.02023138 -0.05342533 -0.12390406
  0.03782348  0.18605165 -0.17139104  0.08217041  0.03800113  0.11203947
 -0.03271315 -0.11700924  0.1696807   0.1045004  -0.24941821  0.08441637
  0.10229915  0.30954695  0.16863279  0.01611697 -0.00492739 -0.03957634
  0.15736729 -0.31307611  0.02919231  0.18496439  0.06355544  0.01910751
  0.09057894 -0.05579523  0.02037196  0.11662544 -0.14208125  0.07705081
  0.01378389 -0.08210102 -0.00502714 -0.20151396  0.17751808  0.13567552
 -0.1266371  -0.1682374   0.15171595 -0.16668496 -0.1499241   0.07826153
 -0.13616142 -0.15921479 -0.27140251 -0.04669018  0.42928416  0.12830858
 -0.13723953  0.08765525 -0.04644188 -0.04470364 -0.02288631  0.19891834
 -0.00761528 -0.0284611  -0.02711391  0.0605651   0.25854853  0.0247421
 -0.04506478  0.22017768 -0.01361823 -0.03496699 -0.04548908  0.02743443
 -0.11940973  0.00678931 -0.14265127 -0.04695619 -0.0957179   0.02009781
 -0.05929067  0.09374082 -0.25347158  0.23024423 -0.06234046 -0.03658255
  0.02508418  0.09317677 -0.10777046  0.00232905  0.13132232 -0.32246146
  0.06178242  0.19349903  0.08708932  0.08216532  0.03594163  0.06592333
  0.01560599 -0.02188287 -0.24471687 -0.08279743  0.04212981 -0.07054417
 -0.04663249  0.05245964]