[-0.06174773  0.09486549 -0.00764862 -0.07798666 -0.1570643   0.01717587
  0.03913733 -0.06662963  0.13087738 -0.16947657  0.15957336 -0.04472483
 -0.23877971  0.07297936  0.03295801  0.15050034 -0.13364725 -0.0978394
 -0.08381326 -0.10007073  0.03341559  0.10870953  0.03266566  0.13403252
 -0.102919   -0.26040447 -0.09257895 -0.05404817 -0.02450722 -0.02730891
 -0.00192528  0.08337968 -0.13950378  0.05514339  0.02213744  0.04735089
 -0.17416653 -0.11752775  0.24925756  0.09778847 -0.1679606  -0.06227776
  0.07051106  0.31377482  0.17429666 -0.04425675  0.01987257 -0.00763948
  0.0971216  -0.29127944  0.04846577  0.14449808  0.03362493  0.11142933
  0.02574549 -0.13810222  0.10026817  0.11538835 -0.20326769  0.02101517
  0.09359026 -0.19172911 -0.05699813 -0.0085386   0.28334722  0.15166393
 -0.08358033 -0.18453899  0.15938255 -0.21381958 -0.12494875  0.09641384
 -0.14331691 -0.18107387 -0.24291171  0.05136353  0.33499438  0.20995301
 -0.08615211  0.05153822 -0.01177292  0.01318746  0.14723025  0.17733699
 -0.03071395 -0.03944624 -0.12254135  0.07052986  0.18473639 -0.08552805
 -0.09540805  0.28105709  0.09701464 -0.02922363  0.07593758  0.00772779
 -0.06349908 -0.04726    -0.15156712  0.01531096  0.00163689 -0.05933801
 -0.04721952  0.10955719 -0.18210705  0.20287736 -0.05147295 -0.07524164
 -0.08548336 -0.09729345 -0.13690859 -0.0084822   0.09021755 -0.25829411
  0.08922909  0.11794962  0.0410357   0.17675959  0.04907731  0.06683672
  0.00628879 -0.07505426 -0.20545684 -0.05115151  0.11920946  0.03739902
  0.03255315  0.02800806]