[-9.93265510e-02  4.93578054e-02  1.08012045e-03 -3.38857472e-02
 -1.47424579e-01 -4.15866030e-03 -9.91866514e-02 -7.19027370e-02
  8.35474357e-02 -1.41551942e-01  2.12954670e-01 -4.36339825e-02
 -1.51901677e-01 -4.76796106e-02  3.47896852e-02  1.09369069e-01
 -1.63844153e-01 -1.41830415e-01 -4.66237068e-02 -6.73097521e-02
  1.69661827e-02  1.22271650e-01  3.46764140e-02  9.07229558e-02
 -2.24954039e-01 -3.82959217e-01 -9.68261510e-02 -1.58152983e-01
 -6.34006485e-02 -8.07049945e-02  3.73057090e-03  1.24902673e-01
 -7.24787265e-02  6.16007149e-02  4.45688106e-02  7.74344951e-02
  1.30093489e-02  1.06185721e-02  2.41568267e-01  3.87925580e-02
 -2.41943777e-01  8.49039108e-03  3.08682974e-02  3.53524089e-01
  2.45739549e-01 -6.99011050e-03  1.99902765e-02 -4.87038121e-02
  1.76174924e-01 -1.92193210e-01  1.08772583e-01  1.75692946e-01
  3.30017693e-02  1.00940831e-01  2.68602446e-02 -6.64803013e-02
 -2.86876485e-02  1.44726932e-01 -2.12329164e-01  2.44932203e-03
  7.60154426e-03 -1.18392065e-01  4.29623351e-02 -1.14224367e-01
  2.28197068e-01  1.01180002e-01 -1.08405277e-01 -1.84357047e-01
  1.51538104e-01 -2.17166871e-01 -1.47895217e-01  1.08969711e-01
 -2.06857458e-01 -1.97803989e-01 -3.22733670e-01  3.28149311e-02
  2.99379438e-01  1.52961671e-01 -1.54537514e-01  3.07229199e-02
 -1.81545634e-02 -9.95029062e-02  5.40978312e-02  1.54537931e-01
  5.44527508e-02 -3.37065198e-02 -3.26408036e-02  5.19958548e-02
  2.78597176e-01 -6.19351603e-02 -4.65422273e-02  2.49946624e-01
  1.39141455e-02 -1.39945652e-03  6.97623044e-02  8.90873075e-02
 -7.80625194e-02  2.18088273e-04 -1.14414662e-01  4.21267822e-02
 -6.45230487e-02 -4.78272252e-02 -8.85653589e-03  1.01508707e-01
 -1.95912421e-01  2.65764832e-01 -3.34273167e-02 -2.01689191e-02
 -8.73390958e-02 -2.35680230e-02 -5.79456985e-02 -4.39449884e-02
  1.92077398e-01 -2.55832046e-01  1.68162778e-01  1.37284055e-01
  1.15522638e-01  2.22803265e-01 -1.93656720e-02  6.39927387e-02
 -8.15519392e-02 -5.30184470e-02 -2.10084870e-01 -3.90397161e-02
  8.46387744e-02  1.64994784e-02  3.19289789e-02  7.03950524e-02]