[-0.10751643 -0.01125603  0.0105047  -0.04548417 -0.08933174  0.04959042
 -0.0176286   0.00781971  0.18153009 -0.10809214  0.12689921 -0.07760351
 -0.1707447   0.03568398 -0.01599908  0.121269   -0.12284876 -0.13626322
 -0.07487556 -0.00235573  0.00930589  0.07813166 -0.09772763  0.09257782
 -0.24693058 -0.33598855 -0.04844283 -0.12698546 -0.02866176 -0.09668193
 -0.03162032  0.14412898 -0.15756154 -0.0012758   0.06620084  0.0918477
 -0.00337456 -0.01901264  0.2219262   0.12813446 -0.24919783  0.01724447
  0.06533264  0.29387018  0.09956132  0.03241929  0.01924809 -0.02523783
  0.15081437 -0.28798372 -0.00907419  0.14155883  0.11622898  0.049866
  0.03333564 -0.11579037  0.02037897  0.0977315  -0.18911134  0.10339698
  0.04421949 -0.08739229 -0.02730593 -0.02380837  0.23306815  0.05347439
 -0.13396233 -0.07519023  0.1415607  -0.14777811 -0.07146828  0.07110295
 -0.07308469 -0.20840412 -0.27073666  0.06315494  0.43219292  0.15357125
 -0.17894065  0.08379748 -0.04706923 -0.06013715  0.05099891  0.15459917
 -0.08884908  0.04213188  0.01738893  0.04242266  0.28982976  0.05674422
  0.04331316  0.19298093  0.03280252  0.04489264 -0.00301222 -0.03390472
 -0.08264893 -0.09382133 -0.07480031 -0.00994328  0.0118595  -0.01346567
  0.02430217  0.15497838 -0.26356298  0.20429912 -0.02367262 -0.11468305
  0.01960824  0.0948346  -0.06863123 -0.02371295  0.12461594 -0.26207924
  0.0656037   0.13880125  0.07678902  0.11783901  0.08758181 -0.00317185
  0.01771869  0.05910549 -0.21146871 -0.09660994  0.13831528 -0.07348984
  0.04852528 -0.02648925]