[-0.08014028  0.10898875  0.01286395 -0.07562251 -0.19357882  0.11887351
  0.01798511 -0.03392513  0.12641954 -0.06768987  0.19565448 -0.04335009
 -0.2372776   0.02028738 -0.05943634  0.13336073 -0.18965125 -0.17903879
 -0.03954848 -0.16948555 -0.05532304  0.0296272  -0.09850007  0.06460855
 -0.14078803 -0.25644368 -0.00374378 -0.12763622  0.02047345 -0.16174597
  0.04697966  0.02078211 -0.095571    0.04298221  0.01089069  0.09107986
 -0.05793336 -0.0982791   0.17256197  0.04498134 -0.08624605  0.06818867
  0.05864634  0.40705138  0.15079665  0.0524073   0.01084592 -0.05180454
  0.20014051 -0.25276765  0.07710679  0.15128338  0.15057281  0.04796793
 -0.00573015 -0.11982962  0.02381067  0.08349178 -0.21472424  0.10574327
  0.12676333 -0.02475218 -0.02623358 -0.1347008   0.23786549  0.09983123
 -0.11526728 -0.11659753  0.15516476 -0.18312886 -0.1565222   0.02225487
 -0.12449568 -0.1460067  -0.20577291  0.06989989  0.4070079   0.20053983
 -0.13560849 -0.05991207 -0.03853916  0.0147558   0.05761181  0.08545687
 -0.08065216 -0.12256745 -0.1036669   0.04002649  0.26012069 -0.02605352
 -0.06912494  0.15420409  0.07322338 -0.05618534 -0.02772952  0.03072137
 -0.10338528  0.05078562 -0.07108045 -0.01299096 -0.02883343 -0.08749613
  0.01549772  0.09506529 -0.23186728  0.25308502 -0.01567029 -0.01317724
 -0.02693678  0.0223276  -0.08660026  0.03956778  0.22786982 -0.27566567
  0.15310541  0.19515315  0.12226157  0.12794717  0.02848185  0.04612375
 -0.00562753 -0.04351213 -0.19142261 -0.12806606 -0.02488599 -0.06148768
  0.04456377  0.08791286]