[-1.14902496e-01  1.32266253e-01 -2.40333602e-02 -4.33063768e-02
 -3.27804722e-02 -8.31189845e-03  3.93670648e-02 -1.03822656e-01
  1.44709378e-01 -1.05279543e-01  2.40409628e-01 -1.95633005e-02
 -2.51508921e-01 -6.50275350e-02  3.49144340e-02  6.34934977e-02
 -6.70490563e-02 -1.58819690e-01 -5.82896322e-02 -3.45288143e-02
  9.81440619e-02  1.89603791e-02 -7.91209489e-02  1.13159642e-01
 -1.46565497e-01 -3.41753691e-01  6.27093576e-03 -6.02312014e-02
  1.67327188e-02 -1.19767331e-01  3.34138200e-02  6.28786460e-02
 -1.27191737e-01 -3.61434221e-02  1.28232017e-02  1.48993239e-01
 -9.14862305e-02 -5.10057248e-02  2.59035051e-01  5.81312887e-02
 -1.60632119e-01 -3.58596165e-03  1.06853575e-01  3.32059503e-01
  1.55048296e-01 -1.94690730e-02  1.91627052e-02 -6.14685044e-02
  1.40616447e-01 -3.17504257e-01  7.48627260e-02  1.47795230e-01
  1.65351614e-01  1.50823265e-01  1.01184830e-01 -1.58459932e-01
  1.82891712e-02  2.46578828e-02 -2.56062090e-01  8.12928826e-02
  5.73554933e-02  2.83047557e-04 -6.42120242e-02 -3.28939557e-02
  2.20126674e-01  1.10713489e-01 -1.43123373e-01 -3.70132253e-02
  1.21426821e-01 -1.96466282e-01 -1.33745372e-01  4.44501303e-02
 -5.22854365e-02 -2.20431864e-01 -1.82595447e-01  1.17853105e-01
  3.25533479e-01  2.38376826e-01 -2.10482344e-01  4.63995263e-02
 -4.88016903e-02 -6.01170510e-02  1.19948320e-01  2.36129612e-02
 -2.84564532e-02 -3.23207527e-02 -4.15260680e-02  3.95666510e-02
  1.92855597e-01  7.08265305e-02 -5.23947850e-02  2.72645175e-01
  6.97416067e-02  3.63687500e-02  8.85048956e-02  6.78600147e-02
 -1.00633286e-01 -3.18538817e-03 -1.77892745e-01 -5.29441796e-02
  6.43839985e-02 -8.68326575e-02  5.55917695e-02  7.46372342e-02
 -2.31536150e-01  2.46933147e-01  4.45657633e-02  1.97152197e-02
  9.21978801e-02  8.48070160e-02 -1.68397382e-01 -2.80549284e-02
  9.71893817e-02 -2.72755861e-01  2.16393486e-01  1.02633357e-01
  4.68772873e-02  1.37076944e-01  1.29886866e-01  2.12910436e-02
  1.00317463e-01 -5.22042066e-02 -1.25253633e-01 -1.06983811e-01
  4.91882116e-02  1.99599639e-02  3.14310938e-02  1.92240700e-02]