[-0.05281516  0.06494659  0.03884932 -0.08135916 -0.03287055 -0.03068916
 -0.04512811 -0.03614124  0.17086907 -0.06826148  0.22087577 -0.0108947
 -0.20873752 -0.03840583 -0.11239904  0.15681535 -0.05743205 -0.11654451
 -0.15899299 -0.10248724 -0.02749682  0.01880603 -0.01767005  0.02993511
 -0.10889047 -0.2735939  -0.02780042 -0.10560384  0.04051168 -0.12114178
 -0.07494342  0.01866154 -0.16972639 -0.03010523  0.03134793  0.02549686
  0.00191816 -0.03754451  0.20788251  0.07674735 -0.13950735  0.07601239
  0.04873535  0.26116151  0.13834357  0.05702882  0.02107709 -0.07907357
  0.16880794 -0.25798056  0.17055483  0.07422686  0.13693881  0.00488703
  0.17766805 -0.1850642  -0.03428676  0.12763828 -0.16277218  0.10508155
  0.03526956  0.07077642 -0.11965442 -0.12105957  0.14567342  0.14489359
 -0.10720532 -0.07730423  0.17758484 -0.13725105  0.05460609  0.03702853
 -0.05383406 -0.13630585 -0.22805335  0.12931973  0.36999667  0.2065784
 -0.18813589 -0.01164471  0.00626109 -0.02597596  0.05419677 -0.04399276
 -0.18240105  0.00927241 -0.04266853 -0.00115076  0.15028121  0.0617041
  0.00344258  0.20094547 -0.02817655 -0.00583686 -0.01502897 -0.01261848
 -0.16048782 -0.0515637  -0.11439864 -0.01729886  0.04715185 -0.09458403
  0.00811116  0.09753498 -0.17090951  0.03769429 -0.05985927 -0.04583421
  0.00920429  0.16347049 -0.09617367 -0.09785438  0.10825662 -0.16620547
  0.13257065  0.11961631  0.05432865  0.06276201  0.10081486  0.05172207
  0.03975639  0.03785803 -0.1186192  -0.10005404  0.05242378 -0.04815958
  0.03491547  0.04217499]