[-0.07367883  0.08827856  0.01408008 -0.0454144  -0.09108516 -0.00569187
  0.05733124 -0.01156298  0.08628885 -0.03681031  0.21846893 -0.05511022
 -0.31865612 -0.05688228 -0.00185485  0.09101483 -0.14515033 -0.16979012
 -0.09455331 -0.07728378  0.11096194  0.07584634 -0.05134057  0.02120723
 -0.12264233 -0.38191995 -0.05491252 -0.06823161  0.0441808  -0.14068358
  0.09972527  0.10101733 -0.15010703 -0.0026575   0.01751169  0.0460775
 -0.00993584 -0.11092754  0.22891866  0.01585389 -0.19601925 -0.00524633
  0.05819583  0.37315148  0.06066079 -0.00949928 -0.0009077   0.06074639
  0.08485098 -0.27138355  0.10157377  0.19795693  0.12732425  0.0257739
  0.15385243 -0.08774856 -0.00452291  0.1318655  -0.21933405  0.07372039
  0.0461844  -0.03336629 -0.03203514 -0.19646063  0.10197347  0.023488
 -0.13173147 -0.08870395  0.06171694 -0.17099527 -0.10929143  0.04971095
 -0.11092624 -0.18332009 -0.24497692  0.0789251   0.38837206  0.20251608
 -0.22333321  0.0475904   0.04524635 -0.07125275  0.14370276  0.08603668
 -0.02251481  0.0435418  -0.12663102  0.05509805  0.1519907   0.01948892
 -0.09512699  0.24683191 -0.01574952 -0.0165625   0.02785769  0.00251695
 -0.06535922 -0.02614412 -0.08237362  0.01180516  0.07486972 -0.10866289
 -0.08825968  0.08597606 -0.10981969  0.14811763  0.01728005  0.03977742
 -0.00697574  0.04327361 -0.13730463 -0.0322542   0.11494195 -0.27357462
  0.12328728  0.15901488 -0.06573655  0.10013271  0.05782022  0.03008651
  0.02618583 -0.05121809 -0.20984812 -0.1670683   0.08296268  0.0071567
  0.02789403 -0.01286059]