[-0.06537215  0.02134736  0.05691168 -0.1027694  -0.02909904  0.02531935
  0.05441016  0.04637878  0.1389363  -0.08674901  0.05365552 -0.01227813
 -0.22909439 -0.05931021  0.03753713  0.10807505 -0.16116577 -0.17337541
 -0.1111012  -0.14688702 -0.0422252   0.06199755 -0.08576182 -0.01827874
 -0.12847337 -0.30090579 -0.0243772  -0.10699252  0.06505091 -0.0949311
  0.00561905  0.04483764 -0.18444732 -0.02127256  0.00400945  0.06094229
 -0.08712716 -0.07223695  0.14451686  0.12278708 -0.16248955 -0.00149781
  0.04217152  0.34762561  0.17754962  0.06807409 -0.01812669 -0.00187568
  0.15787679 -0.31646195  0.11119503  0.14122064  0.10668589  0.08472765
  0.14210497 -0.19231299  0.08450389  0.00352538 -0.23210911  0.08057334
  0.00862406 -0.01365155 -0.01742708 -0.0287493   0.11965243  0.07567109
 -0.0374168  -0.11142479  0.16414875 -0.22461401 -0.00132053  0.0687128
 -0.03093003 -0.12481207 -0.22110118 -0.00960308  0.29198137  0.18652575
 -0.14974523  0.00914971 -0.04198732 -0.04679391  0.17733203  0.05940042
 -0.09141775  0.01080357 -0.05513199 -0.00546206  0.20078154  0.00246057
 -0.05757087  0.1419767   0.05189314 -0.0936641   0.04599613 -0.0246397
 -0.09760243 -0.01216697 -0.11822128 -0.06044985  0.0427962  -0.14645433
 -0.05620103  0.08365905 -0.25035664  0.22608966  0.05206049 -0.05394411
 -0.04335872 -0.01091451 -0.08702335  0.02528678  0.15144657 -0.23975348
  0.15867646  0.24225467 -0.04283416  0.12783891  0.01136274  0.00654094
 -0.03960899 -0.06022701 -0.15280986 -0.12683608 -0.02099916  0.00546801
  0.00375798  0.04263533]