[-0.04095666 -0.00239     0.0203731  -0.05854441 -0.14356585 -0.03834281
 -0.01178065 -0.09171698  0.10742893 -0.10608106  0.21342093 -0.04956265
 -0.22688611 -0.04838757  0.00666017  0.09375465 -0.02465535 -0.07422653
 -0.10059525  0.00715968  0.0761094   0.00491679 -0.00275111  0.03417403
 -0.05083692 -0.34707201 -0.05310179 -0.04656991 -0.0679741  -0.12066555
 -0.0468219   0.09180314 -0.16455522 -0.04498747 -0.01034107  0.04791844
 -0.09329639 -0.08062701  0.15332124  0.01970364 -0.20210122 -0.11566599
 -0.04582424  0.20143794  0.14845105 -0.00894126  0.01340918 -0.07204077
  0.09699842 -0.28600904  0.02840209  0.10891682  0.07387105  0.03121457
  0.03904736 -0.02187273  0.05903422  0.12213617 -0.22161238  0.02186835
  0.06875678 -0.1350062  -0.10591287 -0.10498973  0.25400546  0.14815594
 -0.1126309  -0.0787764   0.08750229 -0.12534943 -0.10288728  0.01374315
 -0.11862502 -0.25789365 -0.23678702  0.06482951  0.34081832  0.1555551
 -0.22756225 -0.01451492 -0.05185378  0.00390364  0.17410307  0.06250948
  0.00592228  0.01152887 -0.0707623   0.06744787  0.19902571 -0.11377449
 -0.04707492  0.23847996 -0.03378289  0.04918444  0.02517167  0.02600603
  0.00620333  0.05537535 -0.11510531  0.04055743  0.15794584 -0.04826919
  0.01387358  0.0824802  -0.11723506  0.12541825 -0.03228124 -0.00272503
  0.0850946  -0.16225371 -0.14143339 -0.08014726  0.10559966 -0.21142404
  0.18418646  0.11843861  0.04184978  0.11771927  0.03186798  0.01948403
  0.04778016 -0.08467875 -0.20269002 -0.012151    0.1835124   0.03950023
  0.00444898 -0.05392299]