[-0.0527124   0.08662105  0.03525423 -0.07135224 -0.10564174  0.04215298
 -0.01531725 -0.07419823  0.16106217 -0.08228397  0.23591706 -0.06202457
 -0.25762552  0.08882754 -0.00842107  0.16962002 -0.17308247 -0.13261969
 -0.03540927  0.02063738  0.0693147   0.04346036  0.02578078  0.17103533
 -0.10204586 -0.35043812 -0.08619688 -0.06668427 -0.03160068 -0.16516058
 -0.01086617  0.10640508 -0.15945905  0.06495903 -0.00581354  0.03479664
 -0.07937825 -0.17442815  0.27949825  0.11207986 -0.26938203 -0.02662251
  0.02438734  0.2981005   0.22198629 -0.05148568  0.01608657 -0.02261992
  0.10480381 -0.37947616  0.02941612  0.22571853  0.00608183  0.05369597
 -0.01800907 -0.1123243  -0.03527229  0.05034476 -0.16202039  0.03352287
  0.14674366 -0.09165695  0.02693631 -0.15549386  0.19781747  0.17143223
 -0.15595311 -0.10793999  0.07870021 -0.17117275 -0.07944545  0.08555128
 -0.1985864  -0.23550101 -0.19975379  0.0203268   0.37037325  0.14016899
 -0.05981991  0.02130321 -0.08400427 -0.03633776  0.00138404  0.16099499
  0.03461048 -0.00894211 -0.04740574  0.15116422  0.24662951 -0.0413089
  0.0058904   0.31655908 -0.06368412  0.02748187 -0.01476949  0.11105912
 -0.03303906  0.00956119 -0.08980002  0.09562686 -0.0836552  -0.00993989
  0.02323752  0.12694508 -0.17974743  0.1596947  -0.05347489  0.00348544
  0.0102732  -0.04306065 -0.12090124 -0.0140782   0.13639164 -0.22549801
  0.11772104  0.109832    0.04155026  0.05053982  0.01240361  0.09131124
 -0.00757271 -0.08552852 -0.24776553  0.00696747  0.07724605  0.0124041
 -0.02184268 -0.02276041]