[ 0.01600645  0.10689242  0.15027383 -0.10262436 -0.13271576  0.01172407
 -0.03957186 -0.11924127  0.21083787 -0.15865865  0.17845906 -0.05308513
 -0.2874456   0.06811569 -0.02389722  0.18344049 -0.14596835 -0.15851913
 -0.12931961 -0.07880232 -0.0331447   0.18773748  0.10147876  0.00771262
 -0.14515504 -0.37531868 -0.03115415 -0.02609924  0.01654296 -0.09933208
 -0.02420672  0.11624219 -0.19298816  0.0410061   0.08046088  0.07839393
 -0.12853663 -0.09035545  0.18884142  0.04150906 -0.28712478 -0.04271398
  0.07906526  0.20373909  0.19882575 -0.05032835  0.00097111 -0.13021624
  0.05780927 -0.34399     0.06114684  0.14969634  0.03149076  0.10589868
  0.06861295 -0.2188812  -0.01332028  0.15948498 -0.17910978  0.07506073
  0.13750648 -0.15429771 -0.02960953 -0.00889549  0.21884878  0.1091781
 -0.15836933 -0.19089764  0.08176582 -0.17181015  0.0012221   0.15651466
 -0.08949783 -0.18161696 -0.23889038 -0.00192628  0.3924045   0.08796809
 -0.1388249  -0.0158616  -0.07922913  0.03477949  0.03184624  0.11735453
 -0.05548104 -0.04094472 -0.0889554   0.07492571  0.17400557 -0.09120352
 -0.03875146  0.28551143 -0.02728161  0.06224908 -0.01279814  0.09486645
 -0.16720596  0.00300055 -0.12190808  0.002441   -0.03523329 -0.02840862
 -0.00675559  0.14224888 -0.13172776  0.20425257 -0.0522402  -0.05354627
  0.0667942  -0.00930954 -0.02911661 -0.13376683  0.13644561 -0.30374104
  0.16655326  0.16812986  0.01708808  0.18361332  0.02808075  0.10277885
  0.02767886 -0.01512489 -0.14998539 -0.01314044  0.04544941 -0.03980536
 -0.0222042   0.00044826]