[-8.38625431e-02  4.41092625e-02  4.62037437e-02 -9.76751521e-02
 -8.77942517e-02 -1.01437926e-01 -6.18912391e-02 -8.90460536e-02
  1.42467946e-01 -1.20964609e-01  1.21481009e-01  2.48273276e-03
 -1.95388794e-01 -9.35531594e-03 -6.11696057e-02  2.13689759e-01
 -2.06948519e-01 -1.02872320e-01 -7.67835826e-02 -3.58243734e-02
  6.42034188e-02  5.65665849e-02  7.92787224e-02  8.66490528e-02
 -8.01048130e-02 -2.92417049e-01 -9.24168974e-02 -3.32516134e-02
 -4.67309691e-02 -5.75403124e-03 -1.04655651e-02  1.07804485e-01
 -1.60660863e-01 -4.61748652e-02  3.52728963e-02  2.27187518e-02
  1.19237890e-02 -7.31692836e-02  1.95310473e-01  2.73110084e-02
 -2.43299723e-01 -4.09037061e-02  1.92242995e-01  2.43264079e-01
  2.08867595e-01  7.90723860e-02  3.16211134e-02 -7.11536109e-02
  1.25962257e-01 -2.80716985e-01  1.06339455e-02  8.94089267e-02
  6.43264502e-02  7.00012147e-02  3.60290259e-02 -2.14715317e-01
  8.29056725e-02  9.80193391e-02 -1.89160958e-01  3.13011296e-02
  4.99054641e-02 -8.15732181e-02  1.73648279e-02 -3.77850160e-02
  2.90714324e-01  1.41399533e-01 -1.20198071e-01 -1.45431399e-01
  1.63670778e-01 -1.75546348e-01 -7.55639896e-02  3.74648869e-02
 -1.63253084e-01 -1.62226230e-01 -3.33999157e-01 -6.95303679e-02
  3.06319654e-01  1.58002242e-01 -7.16888681e-02  6.65036961e-02
 -4.48944978e-02  1.34913959e-02  4.83631454e-02  1.55146360e-01
 -7.13524222e-02  3.28322574e-02 -4.56569009e-02  2.12854091e-02
  2.15021834e-01 -3.05412821e-02 -5.61472774e-02  2.32988864e-01
  5.06378934e-02  2.56364159e-02 -1.27401352e-02  3.53126675e-02
 -9.22623128e-02  2.38568336e-02 -1.98044315e-01  5.30805886e-02
 -3.44672501e-02 -2.93520279e-04  5.18146008e-02  1.40257031e-01
 -1.65350810e-01  8.75992700e-02 -4.42086756e-02 -3.05402093e-02
 -7.06021488e-02  4.74769846e-02 -1.04862750e-01 -7.04586506e-02
  6.45083189e-02 -1.62047088e-01  1.85452819e-01  2.03516722e-01
  6.71341270e-02  1.32532611e-01  7.13382438e-02  9.30834562e-02
  1.37158306e-02 -4.00987361e-03 -1.35834634e-01 -2.34033484e-02
  1.13414191e-01 -6.81458563e-02  1.11891299e-01  7.45602548e-02]