[-0.07364552  0.01665545  0.08242977 -0.06002481 -0.03666085 -0.08234005
 -0.00930476 -0.08564828  0.1795681  -0.11488764  0.18968217 -0.06869809
 -0.17706983 -0.01954785  0.01046877  0.14501998 -0.07496307 -0.14761189
 -0.07351086 -0.04507735  0.11301582 -0.01064955  0.02712131  0.18307157
 -0.19109918 -0.34318408 -0.08299156 -0.13088842 -0.04041877 -0.07632016
  0.03808033  0.07525147 -0.22173218  0.00298583 -0.00852086  0.06787874
 -0.02162596 -0.0688269   0.21578301  0.06192721 -0.28824347 -0.02095614
  0.00706134  0.23667185  0.13805482 -0.0191124   0.05613486 -0.08101662
  0.04182607 -0.23322999  0.06892993  0.18228069  0.05704425  0.04601212
  0.08996297 -0.08459288  0.02001132  0.06614625 -0.22685763  0.08591524
  0.06670384 -0.05840881 -0.0492545  -0.12789868  0.17098357  0.11186242
 -0.17363276 -0.06739578  0.1585685  -0.20629174 -0.0352434   0.11755538
 -0.12460339 -0.23936406 -0.30989033  0.01370033  0.39490157  0.16302045
 -0.24789399 -0.00608358 -0.08908022 -0.01101156  0.0722205   0.18530561
  0.05728601  0.03555511 -0.00548865  0.0571303   0.14661007  0.00419307
 -0.00455262  0.27004284 -0.00194673 -0.0359765  -0.02110589  0.08548062
 -0.09662603 -0.04590722 -0.10859863  0.02800197 -0.06926329  0.019448
 -0.03958511  0.0772481  -0.18332061  0.1585566   0.01397546 -0.10540412
 -0.02809685  0.09497046 -0.1291264  -0.13354926  0.10137127 -0.23945481
  0.10669891  0.18503721  0.01192448  0.10241908  0.00119374  0.11918726
 -0.00484003 -0.06414454 -0.16592491 -0.03487952  0.04488746 -0.03481153
 -0.00874393 -0.03140268]