[-0.12941043  0.08528006 -0.01737477 -0.0507728  -0.14634018 -0.01162915
 -0.07044616 -0.01659769  0.12369626 -0.05241957  0.20820487 -0.04462799
 -0.29577813 -0.10126754  0.01301725  0.1655875   0.00994276 -0.09069666
 -0.04838084 -0.04111008  0.08149508  0.05178251  0.00960062  0.0230943
 -0.14865139 -0.34718445 -0.02475214 -0.11090463 -0.06719314 -0.13898554
  0.02918578  0.10117689 -0.10419186 -0.0758893   0.07694821  0.15855752
 -0.08666293 -0.0378546   0.26104042  0.07835883 -0.13338208 -0.09679472
  0.07100812  0.27110678  0.09020321 -0.0009829   0.10663425 -0.07544991
  0.14805073 -0.34465554  0.07045168  0.11613719  0.12522464  0.0991608
  0.14712651 -0.15603819  0.06918734  0.18074332 -0.25997663  0.10544674
  0.05020431  0.01689992 -0.15887912 -0.06843742  0.29119772  0.10758501
 -0.14707983 -0.04676863  0.23057319 -0.04768249 -0.07227207  0.09099545
 -0.12199429 -0.26193848 -0.23717241  0.12224891  0.29487255  0.18146357
 -0.2021783  -0.0175189  -0.02149373 -0.00426381 -0.00465903 -0.01947866
 -0.05362573 -0.03706592 -0.01760137  0.0225778   0.17891985 -0.03559441
  0.0327257   0.26852155  0.07869631  0.07297798  0.02876914  0.05038723
 -0.05555476 -0.0572001  -0.15247646 -0.02658448  0.13824353 -0.19448064
  0.05212874  0.09770212 -0.24272373  0.13732894 -0.02821998 -0.04606392
 -0.00156963  0.01482325 -0.15274405 -0.00585865  0.17755662 -0.23357093
  0.22271544  0.17350307  0.04783322  0.12353131  0.12050579  0.04765567
  0.07082    -0.08877873 -0.14492927 -0.10529748  0.06978732  0.00421866
 -0.10004164  0.04186008]