[-1.78218931e-02  1.09204002e-01  1.11972451e-01 -4.90313210e-02
 -2.05617979e-01  8.60173851e-02 -9.09720510e-02 -1.39334828e-01
  1.34754419e-01 -1.63191170e-01  1.59976840e-01 -6.08721748e-02
 -3.27717125e-01  1.07983604e-01 -2.45567560e-02  1.51641160e-01
 -1.08797334e-01 -1.67421058e-01 -4.78102788e-02 -3.08485907e-02
  7.58423656e-03  6.16592839e-02  4.30195592e-02  5.41205406e-02
 -1.36876166e-01 -3.09153289e-01 -4.09701839e-02 -1.39341995e-01
  3.54879349e-02 -2.10254509e-02 -1.04271874e-01  4.27012779e-02
 -1.49615347e-01  3.64229903e-02  4.14141007e-02  6.83152899e-02
 -1.35860384e-01 -1.22774214e-01  2.48393506e-01 -4.49636877e-02
 -2.18024090e-01 -9.30911601e-02  7.30423629e-02  9.67084616e-02
  1.50715977e-01  1.29547929e-02  7.22689554e-02 -6.16925098e-02
  8.42063725e-02 -3.24958920e-01  7.54776150e-02  1.49278492e-01
  8.46775919e-02  8.58705267e-02  9.81779173e-02 -2.45759368e-01
 -2.79822424e-02  1.12488180e-01 -1.08558819e-01  6.38347268e-02
  6.75927326e-02 -3.05754598e-02 -8.56211931e-02 -7.80828893e-02
  2.78045148e-01  1.35384798e-01 -1.01947717e-01 -1.21668868e-01
  2.02603400e-01 -1.44811615e-01 -7.69510493e-02  1.28870338e-01
 -1.37083724e-01 -1.41132563e-01 -1.27601072e-01 -5.92693686e-06
  4.45463866e-01  1.12905331e-01 -1.32342458e-01 -1.72843747e-02
 -7.38082267e-03 -4.31914479e-02 -2.11900007e-03  3.13267782e-02
 -5.61407730e-02 -6.45581707e-02 -4.84354123e-02  4.42765616e-02
  2.23745316e-01 -1.12361073e-01  4.07762416e-02  1.99869305e-01
  3.88180651e-03  4.40585017e-02  2.74154712e-02  6.36139885e-02
 -8.43897611e-02 -3.24522369e-02 -1.20376788e-01 -2.28162855e-02
  6.60967976e-02 -5.54739051e-02 -2.62593757e-02  1.27848715e-01
 -1.71925321e-01  9.60252732e-02 -9.15071964e-02 -7.72363544e-02
  4.77067158e-02  2.87165400e-03 -1.32432953e-01 -5.23681752e-02
  2.16796666e-01 -2.20311224e-01  1.33778021e-01  1.08287401e-01
 -4.27160934e-02  9.24811512e-02  3.70274484e-02  1.03026465e-01
  4.85172272e-02 -3.34675163e-02 -2.46490613e-01 -1.50034130e-01
  1.29970998e-01 -6.59486428e-02 -5.30709922e-02  3.37357633e-03]