[-0.07068236  0.04775808  0.02174203 -0.05196753 -0.12553684 -0.04777711
  0.02242707 -0.17111777  0.18447137 -0.06474961  0.17653717 -0.10971119
 -0.28872871 -0.0521448  -0.0518622   0.26877463 -0.0389933  -0.26669928
 -0.06618574 -0.0960972   0.04757063  0.02923142  0.00654536  0.10512401
 -0.18549915 -0.23806852 -0.08230235 -0.07098136 -0.01716447 -0.13613774
  0.04900512  0.23254368 -0.07321797  0.03032152  0.10086825  0.12325833
  0.00079042 -0.19203873  0.24848992  0.04512716 -0.31147745 -0.04908074
  0.13340124  0.29784599  0.18772648 -0.12730388  0.03217702 -0.05608614
  0.04634046 -0.29247066  0.0900111   0.12402083  0.07736189  0.11533464
  0.06303452 -0.12475634  0.01221027  0.16063589 -0.30746886  0.00363331
  0.12764321 -0.13334781 -0.01669493 -0.10742176  0.16058196  0.18273607
 -0.13742399 -0.09890105  0.1991456  -0.18377779 -0.10908435  0.06408979
 -0.15606156 -0.19587374 -0.27500445  0.04645832  0.39995807  0.20874438
 -0.13581924  0.05918844  0.04792039 -0.01863495  0.00185552  0.12656072
  0.02743434 -0.04884085 -0.02583627  0.03140178  0.21600205 -0.02841005
 -0.04909455  0.25680357  0.00762532 -0.07265346 -0.00270891  0.09605937
 -0.00743163 -0.00047182 -0.11916867 -0.01604713 -0.09839831 -0.01755836
  0.05629636  0.08265742 -0.13216765  0.14878264  0.04189303 -0.05479132
 -0.09812388  0.02045371 -0.03937803 -0.01109995  0.11161265 -0.24639459
  0.15808868  0.12949154  0.10307302  0.12067017  0.02801305  0.08872426
  0.10642836 -0.14254092 -0.06463129 -0.05692022  0.10010032 -0.00370622
  0.03101297  0.11035479]