[-0.16503115  0.10873884  0.11389405 -0.07801194 -0.092995    0.06137654
 -0.01298932 -0.07730088  0.19149978 -0.1095389   0.20669071 -0.09509172
 -0.28575525  0.01339701 -0.06684119  0.28440821 -0.15702274 -0.17162631
 -0.1141431  -0.04213054  0.01642077  0.09048869 -0.04996027  0.01363561
 -0.11504731 -0.37870824 -0.01486625 -0.08914342 -0.01087824 -0.07323708
  0.03986835  0.14504278 -0.11703572  0.02456557  0.02026842  0.09639607
 -0.08196633 -0.11124747  0.28449845  0.06486017 -0.29953161 -0.06829532
  0.10058969  0.28148222  0.21045333  0.01395474  0.01960548 -0.07715654
  0.08973951 -0.30157262 -0.02914344  0.16458444  0.07574325  0.14555207
  0.04323123 -0.14424025  0.02772783  0.06728676 -0.26535118 -0.04536597
  0.09090015 -0.15425579  0.02729586 -0.08158609  0.26645535  0.11257327
 -0.12346733 -0.08802229  0.23718779 -0.15434813 -0.05300594  0.1043188
 -0.12357346 -0.17194888 -0.27818966 -0.02519445  0.36859003  0.14479917
 -0.12451976 -0.04797506 -0.01704422 -0.07044259  0.09438404  0.18025701
  0.03568749 -0.10467908  0.01036272 -0.03264128  0.24792072 -0.03800973
 -0.01448418  0.2058219   0.05871307 -0.06715699 -0.0489949   0.07109227
 -0.06117099 -0.0096125  -0.09606285 -0.00658609 -0.1092363   0.04095265
  0.04443593  0.12001438 -0.12975201  0.17967243  0.00218826 -0.02594523
 -0.03924125 -0.01982947 -0.00354171 -0.04754563  0.15682369 -0.19974494
  0.12207171  0.16051927 -0.03934197  0.12188733  0.03346599  0.12848729
 -0.02883314 -0.0560725  -0.20681815 -0.08365186  0.08170161 -0.00702082
  0.05351935  0.03621667]