[-0.00551915  0.07138071  0.06881686 -0.00064819 -0.16804683  0.02585329
 -0.05048153 -0.04044418  0.1391889  -0.06935447  0.07805211 -0.05848016
 -0.25107652  0.14727183 -0.05549815  0.20244277 -0.16710322 -0.21147762
 -0.07852391 -0.06510375 -0.00733919  0.08950495 -0.04375928  0.12706243
 -0.14478287 -0.33345914 -0.01519076 -0.05216148 -0.0454483  -0.11125897
  0.01153475  0.15848541 -0.13287978  0.06996402  0.07852635  0.07397585
 -0.03255689 -0.17458615  0.23225568  0.10468181 -0.29219288  0.00301099
  0.0706706   0.34167603  0.20176826 -0.04460875  0.02832367 -0.02793477
  0.08935471 -0.34942824  0.04455214  0.24905711  0.0046985   0.08201081
  0.05651179 -0.12387089  0.00450187  0.11928343 -0.13449551  0.0557829
  0.10112011 -0.08251357  0.05048388 -0.11352424  0.22152428  0.10977463
 -0.13558827 -0.07775371  0.0895638  -0.17986031 -0.16986006 -0.00243986
 -0.15410489 -0.19550242 -0.30586135  0.01662592  0.37370834  0.18210384
 -0.17418718  0.08265771  0.02504245  0.01887232  0.08701776  0.23352449
 -0.0244886  -0.00065987 -0.03418666  0.09720112  0.25571993  0.00887642
 -0.05716273  0.24996798 -0.02338264 -0.0721425   0.01359305  0.09624015
 -0.04881714 -0.05054704 -0.14638589 -0.02476882  0.04608615  0.05299522
  0.0004202   0.17589813 -0.19859275  0.10824928 -0.05234554 -0.03431334
  0.01566887  0.01552833 -0.09619191 -0.02281925  0.15905251 -0.2203041
  0.1366771   0.15026329 -0.00567896  0.07447562  0.05023321  0.04085252
  0.02739284 -0.07496284 -0.15528043 -0.08022397  0.09238669  0.03389769
  0.00557919  0.02639215]