[-0.09539897  0.02291207  0.05228677 -0.1140269  -0.1159488  -0.00067474
 -0.01354716 -0.07646445  0.12634003 -0.19877261  0.13084063 -0.02145547
 -0.1633722   0.05456546  0.00186945  0.17947459 -0.07344377 -0.15270901
 -0.16400544 -0.10857747 -0.0105643   0.13605252 -0.01096591  0.11356355
 -0.06232373 -0.30148083 -0.05351361 -0.0412762  -0.07292666 -0.02571195
  0.03700444  0.18909252 -0.17386489  0.03076948 -0.00192991  0.07048792
 -0.08045375 -0.00763979  0.26783976  0.08713748 -0.25789914  0.02800638
  0.07405822  0.34276009  0.2166784  -0.03271604  0.00846679  0.00074562
  0.17885759 -0.31702203  0.03994163  0.16278572 -0.00115523  0.07942122
  0.03814671 -0.10579002  0.05548675  0.06571532 -0.19400987  0.03688723
  0.07633716 -0.18424021 -0.04559097 -0.11172991  0.25826615  0.10497607
 -0.11387053 -0.17777252  0.14666376 -0.18363325 -0.07591126  0.12522164
 -0.21130426 -0.13823847 -0.30681127  0.0681963   0.37466621  0.10181383
 -0.07418792  0.0985415   0.00093014 -0.0503931   0.08027228  0.17951095
  0.02976733 -0.00938871  0.0127358   0.08987789  0.24238922 -0.01054369
 -0.09307232  0.25514802  0.04001957 -0.02524713  0.02673637  0.07784569
 -0.02989841 -0.07064919 -0.18526678  0.09228708 -0.07846419 -0.02385137
 -0.03691178  0.07960431 -0.15546173  0.26376787 -0.08256     0.01359803
 -0.10283285 -0.02815246 -0.12275125 -0.00967773  0.1248758  -0.18819107
  0.12237542  0.11256675  0.05782051  0.11247319  0.04140587  0.05742906
 -0.02532507  0.01785753 -0.23670678 -0.06535278  0.15891652 -0.00672688
  0.0527441   0.07307174]