[-7.99321681e-02  2.03178339e-02  9.88706946e-02 -9.69814733e-02
 -1.56748489e-01 -5.38774170e-02 -1.74064152e-02 -6.21852241e-02
  1.09687857e-01 -1.27338842e-01  1.63711026e-01 -4.39504683e-02
 -2.85548091e-01  2.78652795e-02 -2.83052381e-02  2.16166615e-01
 -1.96588695e-01 -1.98523164e-01 -8.91880989e-02  5.98693043e-02
  2.16589347e-02  8.81750211e-02 -2.39819987e-04  5.59235811e-02
 -6.00587912e-02 -4.00811523e-01 -5.26628420e-02 -1.87458880e-02
 -2.99510397e-02 -7.18323663e-02  1.34628089e-02  1.53460190e-01
 -1.46251902e-01 -3.16340700e-02  8.98992419e-02  4.10696790e-02
 -6.76695555e-02 -1.66036367e-01  1.84982046e-01  1.78290792e-02
 -3.77195984e-01 -7.08465576e-02  7.89415091e-02  3.10702682e-01
  1.76698297e-01  2.85864156e-02 -2.50271913e-02 -4.58534621e-02
  7.75703341e-02 -3.89350265e-01  8.26829299e-03  1.59938887e-01
  3.66010219e-02  5.02577983e-02 -6.78406563e-03 -1.54514030e-01
  1.08530357e-01  3.92388552e-02 -2.59583056e-01 -3.85730453e-02
  1.09915622e-01 -1.55857235e-01  5.82575314e-02 -1.03367627e-01
  1.98018000e-01  6.66938573e-02 -1.61503002e-01 -5.82020208e-02
  1.46539092e-01 -1.92794189e-01 -5.22937626e-02 -3.87579994e-03
 -1.52838707e-01 -2.11520925e-01 -3.07760924e-01 -9.57076550e-02
  3.42302948e-01  1.49465367e-01 -8.62812847e-02  3.18361893e-02
 -5.39219286e-03  2.16803029e-02 -1.84732303e-03  2.02924460e-01
 -4.93649915e-02  3.43426503e-02 -3.12922448e-02  7.22012073e-02
  2.10902214e-01 -4.65827286e-02 -2.31549535e-02  2.91463673e-01
  1.40068959e-02 -3.98792922e-02  6.12019226e-02  9.89194810e-02
  8.17959197e-04 -3.20742093e-02 -1.42773449e-01  1.01890951e-01
 -2.59585353e-03 -6.56497926e-02  2.10738629e-02  1.98830247e-01
 -1.94164068e-01  1.80792704e-01 -3.19224074e-02  8.99058208e-03
  4.71544489e-02 -4.25117761e-02 -4.69084755e-02 -1.09851286e-01
  9.04343948e-02 -1.67342812e-01  1.35211572e-01  2.43377194e-01
  8.55204836e-02  1.14674129e-01  1.32334288e-02  7.89609458e-03
 -1.88047439e-02 -8.63972753e-02 -2.35114038e-01 -8.35969225e-02
  1.00429207e-01 -4.31980714e-02  2.92277113e-02  4.41534109e-02]