[-0.05195092  0.00820395  0.01973152 -0.04551223 -0.14382553  0.0390603
 -0.01595482 -0.05179755  0.22424619 -0.15591545  0.14667165 -0.04517173
 -0.24264769  0.03652866 -0.00818761  0.18789794 -0.1364824  -0.12264744
 -0.00894182  0.00110038  0.13980702  0.05800938  0.05188033  0.16281524
 -0.13826293 -0.37458673 -0.0861171  -0.12852925  0.02014318 -0.09923689
 -0.00774569  0.04934491 -0.20840906  0.00210929 -0.00435652  0.08976942
 -0.02917437 -0.14373165  0.16286942  0.09723866 -0.28033847 -0.04349004
  0.01635643  0.2382762   0.08934829  0.04533278  0.04115892 -0.0582405
  0.02282389 -0.27159709  0.03555179  0.09731644  0.08007311  0.01950245
  0.0779883  -0.20140533  0.09418197 -0.00648838 -0.20472731  0.04170755
  0.06223566 -0.00991313  0.07486496 -0.04064141  0.23511678  0.05970917
 -0.06393303 -0.07217944  0.10535748 -0.21495111 -0.02414697  0.09742816
 -0.11128698 -0.22200289 -0.23895295 -0.07937991  0.43725628  0.21151981
 -0.1486508   0.06371693 -0.07692192 -0.01030407  0.09352287  0.16465741
  0.04440576  0.07605734 -0.07881371  0.07670119  0.17944202 -0.07348084
  0.02717643  0.31075382  0.0273635  -0.00360983  0.00712139 -0.01616836
 -0.08225145  0.02602664 -0.04352162 -0.01625903 -0.04196371 -0.00644812
  0.02873042  0.06289052 -0.28049186  0.11583687 -0.01812177 -0.1012059
  0.01155994  0.0726221  -0.16934702 -0.06323796  0.13668905 -0.290755
  0.09345172  0.21691158 -0.00366314  0.15377261  0.01208051  0.11106312
 -0.0007056  -0.08394443 -0.19929272 -0.02129749  0.0548649  -0.07794719
  0.01411433  0.00913056]