[-1.26538977e-01  5.11086583e-02 -5.25430441e-02 -1.20772988e-01
 -1.56970054e-01  3.75309028e-05  1.27773630e-02 -3.31084542e-02
  1.43857732e-01 -1.67894810e-01  2.76533008e-01 -3.40158790e-02
 -1.48829207e-01 -4.55106534e-02  8.95675272e-03  1.68822527e-01
 -2.21819162e-01 -1.36507913e-01 -8.17643628e-02 -5.75530007e-02
  3.57450359e-02  7.52752200e-02 -5.90060316e-02  1.01124108e-01
 -1.25048175e-01 -2.92055100e-01 -8.79346393e-03 -6.20072335e-02
  1.26370996e-01 -1.07234463e-01  7.06385225e-02  1.05928607e-01
 -1.17186412e-01  2.42812820e-02  6.52621835e-02  8.28317031e-02
 -1.03492483e-01 -9.75613445e-02  2.36592144e-01  4.53132391e-03
 -2.69280672e-01 -5.93145229e-02  7.82809108e-02  2.81475693e-01
  2.14027941e-01 -4.61137258e-02  3.43509540e-02 -8.31961185e-02
  1.47333175e-01 -2.59607136e-01  1.09103844e-02  1.31526902e-01
  1.07620239e-01  1.51792085e-02  5.26188686e-02 -1.46795452e-01
 -3.48465890e-02  1.90246224e-01 -2.38620222e-01 -3.23675349e-02
  2.30588391e-02 -5.42295426e-02 -1.65313408e-02 -1.15363896e-01
  1.60411090e-01  8.29710141e-02 -1.44992009e-01 -2.02531725e-01
  1.90147996e-01 -2.32171282e-01 -1.11416556e-01  1.49174809e-01
 -9.83410701e-02 -2.15938672e-01 -2.95371622e-01 -1.45805385e-02
  3.38315219e-01  1.63857684e-01 -3.05039268e-02  5.81688769e-02
  7.65784234e-02 -8.65532756e-02  4.82727513e-02  1.84856713e-01
 -6.35030344e-02 -7.00459853e-02 -2.80543184e-03  3.08975186e-02
  1.80870786e-01  7.27672502e-03 -4.92837876e-02  1.41222149e-01
  4.73305769e-03 -6.33106083e-02 -9.99235827e-03  2.73522306e-02
 -8.30228627e-02  6.22097496e-03 -6.96556419e-02 -1.35524394e-02
 -7.96316415e-02 -4.28326689e-02  1.73685644e-02  1.67430699e-01
 -1.54792264e-01  2.11654261e-01 -7.19306618e-02 -2.04345919e-02
 -4.37557846e-02 -2.19210479e-02 -1.92744974e-02 -6.12596795e-03
  9.23356265e-02 -2.31715143e-01  1.05075642e-01  1.60679936e-01
  8.00686777e-02  1.59039989e-01  8.28402713e-02  1.33679127e-02
  3.38873453e-02 -1.59860738e-02 -2.46214494e-01 -4.11542207e-02
  2.91812234e-02 -9.62879434e-02  7.37667009e-02 -3.86609025e-02]