[-0.05611794  0.04131034  0.03765867 -0.10609505 -0.13354428  0.03336325
 -0.06736982 -0.05429828  0.11842041 -0.13092299  0.08508003 -0.05667328
 -0.19515035  0.09068765 -0.06539521  0.24114123 -0.16655362 -0.21445447
 -0.12250151 -0.05071059 -0.02739527  0.05449261 -0.07049476  0.22146223
 -0.03719836 -0.33505371 -0.03940807  0.01292793 -0.02920958 -0.06920385
 -0.02229792  0.13888612 -0.25950849  0.02544727  0.0582458   0.13339245
 -0.04454453 -0.11314686  0.20838717  0.10818055 -0.2316002   0.03950241
  0.11291008  0.31068191  0.19645478  0.02578194  0.01622253 -0.03260885
  0.14980844 -0.32587111  0.03796992  0.21884251  0.10989995  0.07433581
 -0.01343571 -0.13274015  0.05777937  0.06413861 -0.16402167  0.07646393
  0.06201791 -0.14066654 -0.00881367 -0.16096656  0.25013632  0.11073264
 -0.10535914 -0.1865744   0.19511287 -0.19580942 -0.12734169  0.01045411
 -0.13010824 -0.14257582 -0.31894788  0.00377818  0.35965902  0.18149664
 -0.13380547  0.14691986 -0.01188535 -0.05206426 -0.03758105  0.21173327
 -0.0401938   0.04343646  0.00521869  0.11599874  0.28424051  0.03664131
 -0.01159115  0.24739303  0.00942683 -0.01665422  0.01389508  0.01874159
 -0.03485515 -0.03416882 -0.1679756   0.03817715 -0.07818047  0.01423649
  0.01390264  0.10979902 -0.22052301  0.18906283 -0.0814345  -0.0278696
 -0.03355644  0.06795547 -0.16940457 -0.04570162  0.1572035  -0.22363071
  0.15707827  0.16904156  0.09904934  0.05703048  0.0805295   0.09978074
  0.05461049 -0.04284907 -0.21514243 -0.09522268  0.13381778 -0.08139442
  0.04637432  0.09569309]