[-5.46577536e-02  6.52476549e-02  7.74424821e-02 -7.80722201e-02
 -1.19028993e-01 -1.81803703e-02 -1.99383963e-02 -2.99956296e-02
  2.00877979e-01 -1.76212296e-01  2.14001954e-01 -1.13586418e-01
 -2.34870329e-01  9.80846211e-02 -1.03624605e-01  2.12361634e-01
 -1.23182781e-01 -1.65771350e-01 -7.56952688e-02 -6.86629564e-02
 -1.36626652e-02  6.99313581e-02 -1.76127218e-02  7.56746382e-02
 -1.36788070e-01 -3.24131429e-01 -8.57265890e-02 -5.46520092e-02
  4.34032083e-03 -8.54602531e-02  2.36403421e-02  1.75269157e-01
 -4.61058468e-02  6.54969439e-02  8.63127783e-02  8.46618935e-02
 -2.12637186e-02 -1.35272682e-01  2.76826054e-01  1.00640900e-01
 -2.54386187e-01 -1.33619923e-03  7.40430951e-02  3.33875299e-01
  1.84959635e-01 -4.10082843e-03  4.51599881e-02 -1.03031427e-01
  1.99380696e-01 -3.07944804e-01  2.57114694e-02  1.63434803e-01
  9.18576047e-02  2.98622586e-02  1.24457464e-01 -1.07389487e-01
  1.89978816e-03  1.83913380e-01 -1.90979704e-01  2.47932076e-02
  3.24630626e-02 -4.02058624e-02  9.29796137e-04 -1.30737066e-01
  2.17992261e-01  1.08134076e-01 -1.41336605e-01 -1.18858650e-01
  2.92343199e-01 -1.62389174e-01 -9.41399187e-02  1.28099978e-01
 -1.38768584e-01 -1.71021298e-01 -2.12207392e-01 -1.95318460e-03
  4.07997698e-01  1.33362055e-01 -5.36011718e-02  8.96645486e-02
  3.08200251e-05 -6.99182972e-02 -3.70908342e-02  1.56328306e-01
 -7.76683092e-02 -7.90924430e-02 -1.50450598e-02 -1.20525854e-02
  3.09009224e-01 -2.40333229e-02 -2.24755388e-02  2.05288991e-01
 -1.06808264e-02 -2.81081907e-02 -3.15852202e-02  1.00423233e-03
 -1.03200480e-01 -2.63499133e-02 -1.22952998e-01 -4.61865775e-02
 -3.62823755e-02 -5.76144345e-02 -4.58681099e-02  1.28957897e-01
 -2.81720489e-01  1.45817786e-01 -7.23387823e-02 -6.47245273e-02
 -6.64541498e-03  3.72778438e-02 -4.62954715e-02  3.32203023e-02
  1.81043059e-01 -2.80382127e-01  8.84263963e-02  1.37485936e-01
  9.30149257e-02  9.25707445e-02  5.70737161e-02  1.81663446e-02
  7.13890120e-02 -6.99496120e-02 -1.94302499e-01 -1.23077929e-01
  5.85200302e-02 -5.57264388e-02 -2.85335742e-02  2.64302716e-02]