[-0.14181083  0.02477724  0.02262786 -0.04833609 -0.15684603 -0.1012253
 -0.02374577 -0.06899774  0.21524629 -0.1457918   0.10405239 -0.03439162
 -0.1310637   0.13013989 -0.12314322  0.16365165 -0.20133501 -0.15354244
 -0.06733166 -0.1104537   0.04241944  0.10531709 -0.00167396  0.20410246
 -0.10702536 -0.28720948 -0.0155676  -0.05638594  0.03438277 -0.07143415
  0.0146816   0.15495411 -0.18837975  0.04373121  0.04243379  0.09775759
 -0.0272712  -0.01308779  0.20884125  0.06705052 -0.25781709  0.00219997
  0.07195812  0.29676858  0.1778751   0.03740178 -0.00797508 -0.09477084
  0.14601645 -0.30351812  0.0038481   0.22021741 -0.02365491  0.02598146
  0.06504681 -0.18565327  0.0046413   0.09041964 -0.15648761  0.11400198
  0.08753003 -0.09295808  0.02376161 -0.10196822  0.17197299  0.11291059
 -0.09061606 -0.13383703  0.17465888 -0.27351519 -0.08424222  0.10051964
 -0.08756718 -0.21004573 -0.25504455 -0.02091034  0.43025517  0.20921928
 -0.00660667  0.11683667  0.0431115  -0.03916796  0.04923117  0.18738802
 -0.11438238  0.0315603  -0.03377457  0.11747623  0.18590316  0.0896949
 -0.01775509  0.22397473 -0.01235512  0.02124563 -0.00648218  0.03575774
 -0.13224787 -0.0057526  -0.13445325  0.01948593 -0.07059471  0.00323927
  0.04470143  0.10858746 -0.13327107  0.14756289 -0.11973846 -0.03825488
 -0.11091106  0.1130774  -0.0684252   0.00402641  0.09459746 -0.16221727
  0.19762795  0.1416592   0.07823797  0.14440453  0.02234049  0.04976765
  0.01835892 -0.00920074 -0.14978936 -0.03649683  0.04035964 -0.11912341
  0.07670797  0.03054971]