[-9.14629027e-02 -1.82323232e-02  2.11764127e-03 -9.77279991e-02
 -1.22065440e-01 -7.55378380e-02  5.69183379e-04 -1.13290429e-01
  1.90071136e-01 -1.72527000e-01  1.90420434e-01 -7.97259435e-02
 -1.96190730e-01  1.05824783e-01 -1.03256062e-01  2.13595644e-01
 -1.56048328e-01 -1.13942422e-01 -1.46908820e-01 -5.69587797e-02
  1.11478686e-01  6.52179867e-02  6.63749874e-04  1.68407485e-01
 -1.10160515e-01 -3.12273264e-01 -6.35362118e-02 -1.14810839e-01
 -3.23103517e-02 -1.06129013e-01  1.19248912e-01  1.20097265e-01
 -1.66306376e-01  4.25292850e-02  1.20181795e-02  7.85024315e-02
 -4.40043211e-02 -1.16468325e-01  2.02812195e-01  3.96332853e-02
 -2.96709299e-01  2.08189040e-02  6.49872199e-02  2.76701987e-01
  1.61403790e-01 -2.01714225e-04  3.96749526e-02 -1.53346986e-01
  1.48982674e-01 -3.09129894e-01  4.97021675e-02  1.04952455e-01
  7.42398947e-02  2.46256441e-02  1.32855207e-01 -1.35193616e-01
  8.52236897e-02  7.91175589e-02 -2.42750630e-01  4.74125184e-02
  1.17875338e-01 -1.66218672e-02  3.05650178e-02 -1.51569232e-01
  1.92110419e-01  6.23665787e-02 -1.60420805e-01 -1.96970459e-02
  1.85360461e-01 -2.19912857e-01 -3.66631374e-02  8.76321569e-02
 -1.39427572e-01 -2.75640368e-01 -3.02203268e-01 -2.94484608e-02
  4.50346768e-01  2.12553233e-01 -1.00086071e-01  7.20532089e-02
  1.36314165e-02 -3.20687816e-02  2.74513531e-02  2.06579819e-01
 -7.23502412e-03  1.76154915e-02 -5.89513360e-03  1.25708237e-01
  1.82903334e-01 -2.16364656e-02  5.48343034e-03  3.15620780e-01
 -7.91283324e-03 -8.38960037e-02 -4.09947261e-02  3.75512354e-02
 -1.31179094e-01 -3.40376198e-02 -9.06842649e-02  2.70436238e-02
 -8.01065564e-02  2.86184065e-02  2.67469091e-03  7.40377679e-02
 -1.71325445e-01  1.97201267e-01 -9.64394808e-02 -6.26611263e-02
 -6.79391026e-02  1.59950219e-02 -8.27716365e-02 -1.66219044e-02
  1.32732987e-01 -1.83224425e-01  8.68145525e-02  1.34722769e-01
  7.50586689e-02  1.21729180e-01 -6.08773530e-03  7.52841905e-02
  4.74415720e-05 -3.54714990e-02 -2.63819575e-01 -1.27354236e-02
  8.42117667e-02 -8.35897401e-02  4.11470197e-02  1.39951184e-02]