[-0.19878685  0.1915399   0.07544631 -0.06038945 -0.20085329  0.0531299
 -0.06722133 -0.08786567  0.18476272 -0.08511677  0.18673724  0.05565558
 -0.19637547  0.10314208 -0.03470083  0.06724261 -0.11342908 -0.14487708
 -0.06362215 -0.1465416  -0.02652951  0.01859074  0.0314735   0.06018217
 -0.15597308 -0.2980074  -0.02402347 -0.07168927  0.06539297 -0.07327415
 -0.01428419 -0.0646084  -0.21214762 -0.01410528 -0.02841067  0.05925161
 -0.04586353 -0.0334133   0.21038885 -0.03847856 -0.16776095 -0.01436097
  0.07149164  0.27850571  0.17162089  0.03133267  0.05962247 -0.07512565
  0.14132883 -0.24658817  0.12882942  0.13172802  0.06622399 -0.01326706
  0.10494666 -0.14757659 -0.06519762  0.19822174 -0.09991074  0.12737158
  0.066402    0.04009266 -0.02565251 -0.11047037  0.32758948  0.1783554
 -0.11828347 -0.11369933  0.13271427 -0.11856136 -0.0909799   0.07971509
 -0.10518463 -0.18887413 -0.27113447  0.12689218  0.48791915  0.16811784
 -0.11863786  0.02433893 -0.03435228 -0.03892737  0.07579198  0.10079364
 -0.16068447 -0.01071667 -0.05175254  0.09364776  0.2844972   0.05088411
 -0.09038392  0.17141706  0.02925741  0.02960259 -0.01688753  0.09176657
 -0.14639273 -0.03858174 -0.17463654 -0.02588187  0.0208326   0.01205934
  0.00245813  0.14970994 -0.19026054  0.09259806 -0.03565996 -0.04180738
 -0.05908976  0.06095305 -0.08108182 -0.03777388  0.13389209 -0.24523857
  0.19220164  0.1255634   0.02972474  0.15114962  0.10087964 -0.02071732
  0.11450627  0.05677264 -0.09641065 -0.06622817  0.08121087 -0.10458275
  0.12188569  0.07690097]