[-0.11899363  0.0912615   0.05682624 -0.03457147 -0.03569073  0.11957829
 -0.00997972 -0.03422527  0.18618669 -0.04533028  0.22729285 -0.03048383
 -0.32881245 -0.08054196  0.00623934  0.10875674 -0.12066682 -0.14718446
 -0.07977606 -0.09660482  0.06140513  0.00443153 -0.02149225  0.0615711
 -0.24294245 -0.34255427 -0.04122898 -0.10725854 -0.04403153 -0.12547168
 -0.08633096 -0.00803653 -0.19358122 -0.07095526 -0.00277414  0.13525231
 -0.01525216 -0.01580402  0.10027195 -0.01370752 -0.18523473  0.02704535
  0.09667517  0.26059318  0.14259867  0.0911653  -0.03966625 -0.00873007
  0.05542002 -0.32012576  0.0841817   0.17736241  0.11642043  0.05190492
  0.09044559 -0.14027901 -0.03000652  0.15978938 -0.19733523  0.08337986
  0.03044561 -0.04151325 -0.02710298 -0.03808627  0.17796995  0.10507751
 -0.17858389 -0.08619475  0.04659352 -0.1296327  -0.01446404  0.1118379
 -0.103014   -0.25302976 -0.32714885  0.14121515  0.42080739  0.15096051
 -0.14103356  0.01311315 -0.07336061  0.00450039  0.03931966  0.01395974
 -0.09194414  0.02042201 -0.11404943  0.1078905   0.14626285  0.03820636
  0.01083888  0.25180387 -0.02475568  0.02316503 -0.00907025  0.17117396
 -0.11695129 -0.01787421 -0.1126259  -0.01203253  0.11818373 -0.04978146
  0.03733008  0.09129804 -0.22117397  0.0722874  -0.01634554 -0.04206353
  0.04301018  0.00992212 -0.11573733 -0.03326462  0.15595165 -0.36207172
  0.09871227  0.22278528  0.00852782  0.09391731  0.09395739 -0.02484542
  0.02902063 -0.05766038 -0.18074079 -0.07179756  0.07023637 -0.0763284
  0.04762864  0.00908205]