[ 1.43558970e-02  5.71495108e-02  3.20192911e-02 -9.03579369e-02
 -1.91102818e-01  2.90432256e-02 -4.65681702e-02 -4.97835428e-02
  1.50033608e-01 -1.30489767e-01  2.11420178e-01 -1.08555600e-01
 -2.32864037e-01  1.07010245e-01 -6.95886984e-02  2.42100134e-01
 -2.08751470e-01 -1.54696614e-01 -1.04240246e-01 -1.27818480e-01
  1.82072464e-02  6.20253272e-02 -2.36737560e-02  1.13965295e-01
 -1.36534527e-01 -3.55257660e-01 -1.80284288e-02 -9.01160315e-02
 -4.92357239e-02 -1.35174572e-01  5.47451414e-02  1.60955176e-01
 -1.28263563e-01  5.99739179e-02  5.65411672e-02  4.12533097e-02
 -1.17642423e-02 -1.69268668e-01  2.08881825e-01  8.53400379e-02
 -2.37785921e-01  5.95625006e-02  8.92577320e-02  2.84629434e-01
  1.92174077e-01 -2.37220377e-02  7.75230676e-03 -1.20712724e-03
  1.33000001e-01 -2.97144920e-01  2.61783265e-02  1.24050982e-01
  1.06880300e-01  2.09637750e-02  8.52873400e-02 -1.41861036e-01
  2.82464437e-02  1.50452286e-01 -2.48713315e-01  2.68726982e-02
  7.46270791e-02 -8.76010507e-02  2.56571621e-02 -1.28360406e-01
  1.91476479e-01  6.69862106e-02 -1.33239150e-01 -4.13812920e-02
  1.67376786e-01 -1.21503338e-01 -2.78742835e-02  8.54531974e-02
 -1.35647938e-01 -2.56680280e-01 -1.80847198e-01  2.04914697e-02
  4.17934448e-01  2.29118019e-01 -1.49601817e-01  1.74692664e-02
  4.22048569e-02 -5.17788827e-02  6.26701815e-03  1.54838309e-01
  2.01861747e-02 -3.80603559e-02 -5.26762679e-02  9.76811722e-02
  1.75227225e-01  6.41092192e-03 -2.26715226e-02  3.69525969e-01
 -2.38158517e-02 -6.88531250e-02 -3.25797871e-02  3.09761092e-02
 -1.04002304e-01 -5.60756726e-03 -8.56871679e-02 -3.11623104e-02
 -6.86360672e-02 -2.54063606e-02 -4.03696261e-02  5.69091924e-02
 -1.99872941e-01  1.40494883e-01 -9.94990095e-02 -2.04385296e-02
 -8.89154896e-02 -1.16873067e-04 -1.10446196e-02  1.93869118e-02
  1.75732821e-01 -2.84783125e-01  8.47766735e-03  1.76499546e-01
  6.13691397e-02  1.50430679e-01 -1.80852935e-02 -4.03579231e-03
  5.91916665e-02 -1.56823099e-01 -2.52659172e-01 -6.99085668e-02
  5.16347475e-02 -7.66166970e-02  2.33773384e-02  5.73560260e-02]