[-1.72673032e-01  1.02517217e-01  8.53072852e-02 -1.26608625e-01
 -8.66145715e-02 -2.21457109e-02  2.01005358e-02 -1.09935641e-01
  2.41189212e-01 -2.02885851e-01  2.21996367e-01 -9.94537175e-02
 -2.55055159e-01  3.12395114e-02 -6.95751468e-03  2.78532922e-01
 -1.82364509e-01 -1.72631383e-01 -2.13965237e-01 -1.25279546e-01
  8.69958997e-02  1.36297598e-01 -3.95908952e-02  1.23806566e-01
 -1.41848445e-01 -3.32125127e-01 -7.86957219e-02 -7.47104213e-02
  5.61191142e-02 -1.09504424e-01  5.98649606e-02  1.51021257e-01
 -1.06257156e-01 -2.15344448e-02  1.89142190e-02  1.41560301e-01
 -4.19532647e-04 -1.73989430e-01  1.97507560e-01  3.04607116e-03
 -3.05799872e-01 -4.18937318e-02  1.77337810e-01  2.84269094e-01
  1.86262354e-01 -3.13026309e-02  3.38794515e-02 -7.00824857e-02
  1.41243145e-01 -3.64283830e-01 -2.25941911e-02  1.45517170e-01
  1.52062830e-02  1.64923832e-01  1.52705804e-01 -2.24620908e-01
  4.74359691e-02  6.88901469e-02 -2.07087159e-01  2.45061796e-02
  1.01046875e-01 -9.64102820e-02 -3.08503136e-02 -1.04993366e-01
  1.86970964e-01  8.79474506e-02 -1.81960791e-01 -1.25426680e-01
  2.35243380e-01 -1.52300686e-01 -9.32782888e-02  1.06473632e-01
 -2.00787470e-01 -1.76061124e-01 -3.44737768e-01  3.65987793e-03
  4.23551977e-01  1.52776942e-01 -9.35241878e-02  8.45007077e-02
 -8.11284035e-03 -2.67866384e-02 -3.41252983e-02  2.01088652e-01
  1.92738343e-02 -1.31004471e-02 -3.15723941e-02  1.24260396e-01
  1.90541118e-01 -7.89952651e-03  1.02670463e-02  3.11820835e-01
  3.19070481e-02 -4.11340445e-02 -4.29375693e-02  1.89288020e-01
 -1.33105859e-01 -5.82889467e-02 -1.44023582e-01  3.14672291e-02
  7.72378147e-02  1.98549554e-02 -1.59250181e-02  1.27950728e-01
 -1.66646779e-01  2.58298159e-01 -2.40324493e-02  5.96223399e-04
 -7.03501254e-02  1.29573373e-02 -6.36060461e-02  6.11392111e-02
  1.73705071e-01 -1.73605189e-01  1.26247525e-01  2.25098923e-01
  1.59754530e-02  1.14431463e-01  7.23262727e-02  8.40113163e-02
  4.38120365e-02 -5.11545613e-02 -2.35507190e-01 -1.30829692e-01
  4.63586971e-02 -6.63942695e-02 -5.79941794e-02  8.71860832e-02]