[-0.02156589  0.11247884  0.07000547 -0.01709814 -0.04297473 -0.00128161
 -0.13734646 -0.02747537  0.1926887  -0.09731836  0.13046552  0.00904559
 -0.17276755 -0.06337574 -0.12032618  0.08095564 -0.10896685 -0.16917251
 -0.07331027 -0.04135888  0.08026914  0.09723246 -0.01793772  0.04638898
 -0.14229245 -0.31378564 -0.02660879 -0.13155775 -0.03796485 -0.12059412
 -0.04273498  0.11734153 -0.16483521 -0.03602467  0.0114282   0.10782737
  0.06597068  0.04305163  0.15083754  0.07675073 -0.17910571  0.14245099
 -0.0217435   0.27254418  0.17657019  0.0687691   0.02989238 -0.05349161
  0.21505168 -0.31078917  0.09546529  0.15614529  0.13704364  0.04439089
  0.14075239 -0.20343617  0.00597257  0.12191199 -0.16144034  0.14560905
  0.01631418 -0.06270758  0.03484416  0.01236933  0.13455626  0.0781742
 -0.06013054 -0.09436786  0.15123704 -0.14475885 -0.00551337  0.17196639
 -0.06435291 -0.15002164 -0.23805211  0.08957434  0.43961832  0.17204459
 -0.17132777  0.03296312 -0.0595162   0.02177173  0.04304364 -0.0262783
 -0.1289472   0.00420126 -0.11949708  0.02622824  0.24344911  0.10078992
 -0.05636777  0.23636463  0.01915123  0.09292893  0.03813301 -0.0013146
 -0.0553255  -0.04721877 -0.12861644  0.02823384 -0.03636064 -0.07646796
 -0.07503193  0.04636706 -0.15990035  0.06560914 -0.08095013 -0.02813229
 -0.09973472  0.08767679 -0.10540707  0.05243755  0.16632476 -0.27180672
  0.1774189   0.12229921  0.09283011  0.14548391  0.06449185 -0.00648317
  0.0065668  -0.1258201  -0.12205809 -0.13893005  0.09285925 -0.02493984
  0.04367046  0.03569766]