[-0.09769429  0.0975007   0.04553592 -0.09854335 -0.08892619 -0.04002457
 -0.01618434 -0.03201584  0.24161029 -0.1495291   0.18635017 -0.01932061
 -0.1699933   0.0872537  -0.07911949  0.17509785 -0.12671703 -0.11516277
 -0.05374538 -0.03032684  0.10500224  0.10276301 -0.04432085  0.1335782
 -0.14622688 -0.37780774 -0.08293148 -0.06165165 -0.0660948  -0.10264725
  0.12128518  0.1367148  -0.18784381 -0.00588559  0.02595285  0.04902341
 -0.05498501 -0.07994336  0.2201023   0.15284304 -0.29625663 -0.03476487
  0.07841929  0.37652463  0.15072246 -0.01357791  0.04453647 -0.09149534
  0.1815788  -0.27428588  0.02337571  0.15710048  0.03999744  0.08037546
  0.06950276 -0.08443609  0.06107772  0.04102662 -0.23947205  0.01489052
  0.09403741 -0.07010863 -0.0447701  -0.11833201  0.14947803  0.05450221
 -0.11830115 -0.08899206  0.19353585 -0.17979315 -0.04056843  0.11284129
 -0.14654398 -0.24377878 -0.2578223   0.02597271  0.41783497  0.1620477
 -0.02638669  0.08940613 -0.00277797 -0.07162785 -0.01306307  0.2324636
  0.02203845  0.06339619  0.07780612  0.17548749  0.21207818  0.00099364
 -0.0067403   0.28150672 -0.01379404 -0.03950759 -0.02893648  0.0685776
 -0.11146123  0.01437995 -0.11436208  0.03123339 -0.02343293  0.01899067
  0.00765139  0.09845056 -0.25744197  0.24166718 -0.01752635 -0.04887997
 -0.01713105  0.01709086 -0.08145134 -0.02900282  0.11576027 -0.17713973
  0.11236018  0.1225667   0.03793639  0.12582676  0.01105386  0.03496306
  0.03405954 -0.0860588  -0.22706655 -0.04951656  0.07133773 -0.04175041
  0.0040425  -0.05132749]