[-0.16994013  0.09984542  0.08625282 -0.00052692 -0.06191137 -0.03703134
 -0.05555223 -0.11851893  0.1409377  -0.14965379  0.20111559  0.00329233
 -0.1414652  -0.10243726  0.04130227  0.06578049 -0.12996985 -0.17054445
 -0.06351046 -0.06206661  0.00825586  0.00300201  0.08402799  0.04371739
 -0.19403502 -0.37649983 -0.10026906 -0.10790811  0.07702084 -0.10168079
 -0.01677667  0.03316821 -0.20297386 -0.05233045 -0.01881775  0.07253325
  0.03646579  0.04087973  0.19778839 -0.05951195 -0.20282179  0.02546467
  0.04788858  0.31958067  0.18132074  0.05819085  0.01665467 -0.09072068
  0.07037067 -0.14190766  0.14822368  0.1303131   0.0647622   0.02139208
  0.06944167 -0.09540805 -0.0032797   0.05448332 -0.13857009  0.07960708
  0.10055618 -0.00493336  0.02674078 -0.01896292  0.2320054   0.04118173
 -0.11151647 -0.07354195  0.04977304 -0.16869114  0.02527453  0.07292557
 -0.11687548 -0.17320032 -0.27145061  0.06974834  0.47120112  0.16210133
 -0.18817985  0.0441833  -0.07915969 -0.10744628  0.11034755  0.12893884
 -0.1099894   0.03707755 -0.07148688  0.12224557  0.19806084  0.06086217
 -0.03869524  0.18200341  0.03848284 -0.00586289  0.05491947  0.04096146
 -0.15507576 -0.0382182  -0.15772896 -0.04363526 -0.01944485 -0.00975882
 -0.00728435  0.10784481 -0.14320154  0.20169105  0.03518049 -0.04223984
 -0.00892891  0.1022368  -0.08327176 -0.12946735  0.0835682  -0.19213158
  0.10592505  0.13360393  0.0649451   0.18996927  0.08337475  0.10590935
 -0.00517914  0.07684235 -0.07297591 -0.01655882  0.07993311 -0.04162309
  0.2040152   0.02761868]