[-0.05753028 -0.0093503   0.03824063 -0.11329038 -0.1150655   0.06620292
  0.03574755 -0.05564315  0.11648037 -0.18656655  0.22418974 -0.05103806
 -0.18751109 -0.029       0.02465581  0.15051179 -0.10090305 -0.13267319
 -0.0903126  -0.09263972 -0.09093436  0.07362395 -0.11703865  0.07307944
 -0.15470435 -0.20232189 -0.07327191 -0.09829449 -0.00458186 -0.11594636
 -0.01031896  0.10490219 -0.08030182  0.04207693  0.03622977  0.09050514
 -0.05512922 -0.00920841  0.17108968  0.10577054 -0.14482032  0.05429288
  0.07658152  0.33933067  0.19392386 -0.03147686  0.02717098 -0.047249
  0.19022983 -0.33830127  0.04212707  0.02999312  0.13874522  0.08681265
  0.08313517 -0.14233346 -0.00465859  0.13975917 -0.19414538  0.22630884
  0.04182067 -0.13039041 -0.05124509 -0.02819542  0.23302817  0.1126688
 -0.14937268 -0.17270315  0.1711726  -0.19445033 -0.14529307  0.11716647
 -0.0806323  -0.15673025 -0.26600003  0.09711508  0.37604392  0.16948378
 -0.18121153  0.03266918  0.02033932 -0.05310164  0.08527259  0.15040703
 -0.01465126 -0.0821975  -0.02725724  0.03089863  0.2815637  -0.02341553
  0.00181628  0.24536732 -0.00442815  0.02844035 -0.01647369  0.03226076
 -0.05864967 -0.01848988 -0.07479414 -0.00993785  0.01124213 -0.11769906
  0.03965929  0.08969969 -0.21620645  0.28401679 -0.07500247 -0.02165297
 -0.02252157  0.00146314 -0.04624469  0.11131816  0.19241725 -0.3055231
  0.17351435  0.15975192  0.08843743  0.08296728  0.05280712 -0.00342894
  0.05402155 -0.01586875 -0.16632825 -0.07700483  0.0200808  -0.1092278
  0.02130301  0.05102699]