[-0.18212757  0.04889648  0.05503453  0.00354668 -0.07078163  0.00558404
 -0.00375224 -0.0129362   0.14673525 -0.09935544  0.18319646 -0.08068477
 -0.19779989 -0.07095936 -0.06781141  0.08880049 -0.04940913 -0.14974442
 -0.01567147 -0.09708797  0.05147342  0.00596782 -0.04567796  0.05832923
 -0.13439342 -0.42963633 -0.05483988 -0.10282651  0.0081084  -0.08940252
 -0.01058083  0.0391535  -0.13827218  0.00202607  0.001968    0.09135984
  0.05141462 -0.00977057  0.22688994 -0.04844659 -0.12654486 -0.03162358
  0.10127601  0.2904999   0.12300228  0.08718763 -0.02202685 -0.02362484
  0.14385961 -0.23871873  0.08489922  0.14449644  0.05612169  0.02987449
  0.10567629 -0.08951148 -0.02192839  0.02245997 -0.13184099  0.05415953
 -0.01284404 -0.01740918 -0.0685462  -0.07848534  0.21617191  0.10172473
 -0.08070438 -0.10247622  0.1327351  -0.23168162 -0.0151778   0.00895072
 -0.09608603 -0.1377987  -0.26333219  0.12256221  0.39778763  0.20676988
 -0.16342267  0.04862927 -0.00313959 -0.01420619  0.15495543  0.03684445
 -0.10289651 -0.02994969 -0.10210194  0.04511303  0.21065165  0.04709191
 -0.05833612  0.12851319 -0.00048439  0.08372041  0.02538634  0.0186627
 -0.1201927  -0.01514177 -0.13301401  0.01983066  0.10977451  0.01965426
  0.03928133  0.13190936 -0.1643931   0.07803506 -0.04688889 -0.04024645
  0.02666408  0.1213531  -0.15020511 -0.06322801  0.09284809 -0.15824181
  0.14482114  0.09291853  0.01478919  0.15309305  0.11560576  0.04862457
  0.03336001  0.02211782 -0.11952984 -0.08513971  0.05167107 -0.01283394
  0.06961897  0.00480811]