[-0.01148263  0.02944043  0.09628067 -0.09503728 -0.09198393  0.05994563
  0.04792063 -0.09690642  0.27042201 -0.1903965   0.17605565  0.03416498
 -0.15481609  0.08182113 -0.01785417  0.09936322 -0.12088919 -0.19153772
 -0.03401987 -0.03307401 -0.04599731  0.01632301  0.05233718  0.07091369
 -0.10604277 -0.33074775 -0.13791935 -0.06361985  0.13544142 -0.03023583
 -0.01521491  0.11239848 -0.21168675  0.03414654  0.02360678  0.06849722
 -0.08098666 -0.11389559  0.23655224  0.05729566 -0.21091354 -0.06194519
  0.01809437  0.25247976  0.25896975 -0.03917725  0.04828422 -0.1056686
  0.12535964 -0.30012888  0.1042501   0.11712909  0.05660689  0.07769038
  0.10753913 -0.170344   -0.01025367  0.15251139 -0.14919026  0.16974388
  0.01978677 -0.04828241  0.01588523 -0.07732327  0.23203935  0.13763501
 -0.11453055 -0.16952701  0.27059624 -0.21108997 -0.03902333  0.14051825
 -0.13337709 -0.19008744 -0.23488063 -0.00293309  0.47190017  0.2165958
 -0.12373265  0.03972199 -0.06764754 -0.01920795  0.08143051  0.17422152
 -0.04323169 -0.05007802 -0.04891063  0.00237379  0.28886822  0.03728632
 -0.12112647  0.21567054 -0.06850574  0.02115694  0.01000578  0.06162699
 -0.06703779 -0.02952262 -0.23434651 -0.06544229 -0.12183398 -0.02826474
 -0.06022504  0.19160382 -0.19133317  0.17761353 -0.0442416  -0.04466495
 -0.010968    0.01309734 -0.09541018  0.00853871  0.16234638 -0.30835462
  0.16703302  0.1431838   0.03678074  0.14624023  0.02612649  0.08170743
  0.06099894 -0.08352951 -0.17467271 -0.04340683  0.00335239 -0.05491311
  0.02161296  0.03186902]