[-0.06492642 -0.00607504  0.00189006 -0.0975048  -0.1016397  -0.01182483
 -0.02675775 -0.15827112  0.14735523 -0.07355495  0.19504343 -0.03783365
 -0.21591564 -0.04190606 -0.06915297  0.12362948 -0.15798585 -0.08162808
 -0.04339612 -0.0364264  -0.00873285 -0.01196034  0.09627393  0.12491363
 -0.07135911 -0.28274274 -0.07003213 -0.09708635 -0.01748122 -0.0598729
 -0.01890386  0.11137412 -0.13621345  0.04857276  0.0080886   0.09780562
 -0.06612015 -0.14257103  0.2086423   0.01942119 -0.17267142  0.02912341
  0.0117102   0.21727562  0.23489028 -0.04158072  0.05383226 -0.11175666
  0.17223558 -0.35408542  0.06013042  0.17118524 -0.01206668 -0.00332301
  0.03591293 -0.17548603 -0.01468457  0.13608155 -0.15359604  0.05916202
  0.00199812 -0.01024487  0.00695014 -0.08146076  0.21299781  0.1991093
 -0.17709495 -0.08550344  0.17867434 -0.16639245 -0.0105276   0.0719148
 -0.15748426 -0.24791352 -0.17320541  0.05270115  0.44838068  0.11560886
 -0.11486799  0.03862913 -0.18064894 -0.05279163 -0.00341821  0.132909
  0.01380972 -0.08347699 -0.08442114 -0.00136734  0.239944   -0.06850874
  0.0053503   0.32032633  0.0204974   0.00357928 -0.00385877  0.07982859
 -0.0748804   0.03486405 -0.10723464  0.02485627 -0.06112543 -0.12588316
 -0.00175118  0.06959204 -0.23448741  0.1620388  -0.00375086 -0.03510722
  0.04498265 -0.07732498 -0.03963637 -0.01993672  0.14603777 -0.31377828
  0.18594246  0.14415495  0.15420108  0.20333807 -0.00452245  0.10066701
  0.06657403 -0.06975941 -0.10680718 -0.01738877 -0.00677778  0.00805048
 -0.10122885  0.06165886]