[-0.0349219   0.07019756  0.05739802 -0.0801891  -0.19629127 -0.03820602
  0.03102373 -0.01293548  0.18706763 -0.14702544  0.14247978 -0.11965088
 -0.22918177  0.03287096 -0.07762096  0.18341894 -0.17367886 -0.23130494
 -0.03505836 -0.08574408  0.03418003  0.06047416 -0.02134253  0.14198238
 -0.1395559  -0.34130564 -0.06405646 -0.09197385  0.08742103 -0.15258351
  0.03035216  0.18561427 -0.15612879  0.01515659  0.09185148  0.05615819
 -0.03182104 -0.09957314  0.24638911  0.09979258 -0.30850941 -0.03977933
  0.08104831  0.37151778  0.16118969  0.02841997 -0.00096256 -0.05115737
  0.20232531 -0.23684783  0.00068948  0.20491543  0.1217227   0.03416249
  0.03897281 -0.12743726  0.09888782  0.08998851 -0.2623691   0.04113451
  0.11878383 -0.19441706  0.00176265 -0.01949255  0.19532871  0.01214777
 -0.07027318 -0.15831497  0.2555795  -0.22146139 -0.01746883  0.16949126
 -0.08793979 -0.11171072 -0.14977686 -0.05670705  0.43680251  0.11864555
 -0.04380434  0.10040317 -0.03351387 -0.01501173  0.04434521  0.20060427
 -0.07702218 -0.02775778 -0.09005463  0.06170359  0.21091938 -0.05671472
  0.03176448  0.20975804  0.03206289 -0.01778985  0.02360842 -0.0143658
 -0.14779964  0.04379516 -0.04197174 -0.00194314 -0.03798973 -0.06090637
 -0.00659043  0.07103401 -0.22422458  0.14769822 -0.04355846 -0.03460595
 -0.04550819 -0.0044718  -0.02229065 -0.05239018  0.08837773 -0.31442419
  0.11553846  0.14507802  0.01217284  0.11303813  0.00254972  0.04170563
  0.05086473 -0.16212834 -0.16714056 -0.08345462  0.08061776 -0.09444603
 -0.00131469 -0.04767906]