[-0.14315735  0.15371251  0.06813037 -0.01962136 -0.07038382  0.01510913
 -0.00863185 -0.07685585  0.174639   -0.07508674  0.17667058 -0.09687787
 -0.23027311  0.0470797  -0.023414    0.12443504 -0.13497251 -0.11358888
 -0.07951912 -0.09383895  0.10499813  0.06310484 -0.09375863  0.13078696
 -0.20594874 -0.32842413 -0.01536546 -0.16388868 -0.01729494 -0.08342867
 -0.04053897  0.02302834 -0.14253362 -0.01239486  0.02237996  0.10260485
 -0.0749009  -0.0157064   0.16764712  0.01740455 -0.11451111  0.10952436
  0.06890058  0.29195043  0.11961968  0.07013191  0.0676129  -0.10657798
  0.16494392 -0.24711277  0.04402733  0.14434305  0.1739897   0.13636661
  0.08300544 -0.19222066  0.02384205  0.14955401 -0.25287321  0.22704208
  0.09773577 -0.09168492 -0.03603675  0.00324063  0.25379068  0.11014039
 -0.15807632 -0.04695069  0.13670078 -0.14908622 -0.06173066  0.04410399
 -0.07203875 -0.24342738 -0.18848068  0.13359834  0.40724337  0.19123039
 -0.24962658 -0.00911335 -0.03558444  0.00081731  0.09112881  0.10536637
 -0.10617778 -0.0872269  -0.07921375  0.06749206  0.21760918  0.04188541
  0.05492035  0.29895669  0.06113586  0.01383278 -0.03553754  0.02293157
 -0.19594829 -0.02607188 -0.05709966 -0.0399705   0.01565304 -0.05763561
  0.0058359   0.06668168 -0.22722626  0.21712217 -0.05293178 -0.0265549
 -0.03690442  0.04785134 -0.06993905  0.02229334  0.15426545 -0.25184545
  0.17777583  0.14687763  0.07412607  0.16081801  0.03329526  0.01802457
  0.076488   -0.01805835 -0.20832093 -0.06273752  0.11674643 -0.06908653
  0.027944    0.02188839]