[-0.13128094  0.12310161  0.00544358 -0.02900535 -0.00513067 -0.08793298
  0.0277608  -0.1479682   0.18303394 -0.10853905  0.25676593 -0.02231761
 -0.19968916 -0.18072462  0.0212843   0.136246   -0.13058704 -0.12086446
 -0.08346388 -0.05756424 -0.00080097 -0.07284474  0.04194177  0.09480565
 -0.08211046 -0.30830687 -0.09233768 -0.05808087  0.09077722 -0.09544684
 -0.01689922  0.05856248 -0.18358129 -0.0578479  -0.02679855  0.09519704
 -0.04337962 -0.01590883  0.23821391 -0.01226963 -0.18709219 -0.04015556
 -0.00579843  0.26077327  0.20898426  0.00686622 -0.0161446  -0.08728455
  0.08915857 -0.17863329  0.05161334  0.11811171  0.12186523  0.0359788
  0.02930558 -0.12032327 -0.02177951  0.04349814 -0.18547958 -0.03527195
  0.02768261 -0.12706348 -0.09927096 -0.05412585  0.18368548  0.13522543
 -0.09370805 -0.11951999  0.1825106  -0.20474514 -0.00838775  0.08121468
 -0.07740933 -0.16696629 -0.32472801  0.08345681  0.35621941  0.1874847
 -0.1239154   0.01272527 -0.03697402 -0.02737306  0.08721593  0.10121516
 -0.13859333  0.01606607 -0.05154036  0.06792928  0.10401788 -0.00479829
 -0.07787979  0.16696051 -0.00847042  0.10037947  0.00497544 -0.02923391
 -0.01718795  0.0242184  -0.13246447  0.01530555  0.08828922 -0.03580223
  0.07753007  0.09924288 -0.12096031  0.08538713  0.04806893 -0.01282815
  0.04805142  0.0781638  -0.12747075 -0.10561969  0.09276866 -0.23197559
  0.2079507   0.17379203  0.01820225  0.10671922  0.11601938  0.09297411
  0.02299158 -0.03482665 -0.09569096  0.00510428  0.10267754 -0.01019964
  0.12391042 -0.0067766 ]