[-0.14664342 -0.01701136  0.0420948  -0.04207159 -0.13520858 -0.01882422
 -0.03379925 -0.00786735  0.13983104 -0.0802687   0.1202494   0.03747375
 -0.13628177  0.02781206  0.02633878  0.08151235 -0.16593911 -0.04069168
 -0.09136882 -0.1099446  -0.01914678  0.10631973  0.02921337  0.04327471
 -0.16210407 -0.37821227 -0.07239889 -0.09835462  0.06213602  0.00317868
  0.05956113  0.0557863  -0.16087951 -0.01758792  0.07496873  0.09328158
 -0.01984532  0.00626773  0.21608752  0.07931114 -0.18078332 -0.0115524
  0.04425311  0.31105122  0.15352397  0.10009478  0.03570127 -0.05440732
  0.17813158 -0.29637957  0.14860654  0.11275401  0.05925474  0.02410752
  0.09486309 -0.12185773  0.02800653  0.18225522 -0.17008777  0.10434525
  0.05148773 -0.05630547 -0.01190858 -0.06696759  0.23031719  0.07374784
 -0.14209954 -0.05166007  0.0829233  -0.15169923 -0.03313246  0.06667007
 -0.11059326 -0.1692156  -0.37129408  0.06984471  0.46528599  0.16952422
 -0.11815308 -0.04256235 -0.07226351 -0.00314182  0.12165998  0.12241781
 -0.10344261 -0.08379353  0.0025433   0.05770714  0.208619    0.03335572
 -0.04983332  0.19444893  0.03609779  0.05217184 -0.06565726  0.03609231
 -0.11751126 -0.08440579 -0.07032503 -0.01152017  0.03755444 -0.00926378
  0.05417776  0.15065953 -0.30000076  0.19473144 -0.01964354 -0.07562038
  0.06954104  0.03234845 -0.08831543 -0.0380149   0.14057049 -0.25227383
  0.15033463  0.22210069  0.03022428  0.20373115  0.03204317  0.00641927
 -0.0400895   0.01812286 -0.16138595 -0.03892762  0.0544924  -0.03716468
  0.04234691  0.01572942]