[-1.38932616e-01  1.12279631e-01  6.00334369e-02 -6.68390319e-02
 -1.73911721e-01 -1.58701800e-02 -3.62709686e-02 -4.00801785e-02
  1.21668518e-01 -2.94052996e-02  2.46651635e-01 -4.72438447e-02
 -1.74657211e-01 -3.99503820e-02 -1.16753563e-01  7.80360103e-02
 -1.77066058e-01 -1.13284543e-01 -5.67548499e-02 -6.61391318e-02
  5.26595861e-02  2.95608100e-02 -4.91528846e-02  4.20348495e-02
 -1.07597165e-01 -2.61521876e-01  2.70403884e-02  1.16173867e-02
  5.64117059e-02 -1.19858950e-01  8.69034156e-02  1.15383968e-01
 -1.76695451e-01 -5.80455437e-02 -3.41068255e-03  9.93568972e-02
 -6.23215139e-02 -4.67644557e-02  1.75256118e-01  1.62365474e-02
 -1.89138740e-01  7.91142434e-02  1.97817013e-02  3.57276171e-01
  1.61586717e-01  1.09482752e-02 -6.16375804e-02 -1.40466988e-01
  1.31637767e-01 -2.96838552e-01  5.29185012e-02  2.36671343e-01
  5.36328182e-02  2.61038225e-02  2.49338634e-02 -8.78219306e-02
 -9.71788075e-03  2.26105869e-01 -1.26083642e-01  6.50849119e-02
  5.71564697e-02 -1.73242148e-02  4.17759158e-02 -1.95718035e-01
  1.03957206e-01  1.01214066e-01 -6.61441013e-02 -9.95218605e-02
  8.39685127e-02 -8.43831822e-02 -1.48038924e-01  1.06521882e-01
 -4.94655892e-02 -2.00596556e-01 -2.25576326e-01  6.48002550e-02
  3.71796787e-01  1.83249906e-01 -1.61499396e-01 -2.85816006e-02
 -8.17190781e-02 -1.92195214e-02  1.08485870e-01 -1.12045761e-02
 -1.22526690e-01 -8.88970122e-02 -7.41388798e-02  9.50023159e-03
  2.42223620e-01  3.98582853e-02 -5.61333671e-02  2.36428320e-01
  7.68154114e-02 -2.49999352e-02  1.58915929e-02 -2.18324307e-02
 -6.49260879e-02  7.69565329e-02 -2.10330188e-01 -7.80499727e-02
  4.01682146e-02 -1.13783099e-01  2.73638554e-02  9.69670862e-02
 -2.35702559e-01  1.49603039e-01  7.56596774e-02  2.92531289e-02
  8.16416368e-02  1.24300644e-02 -9.01819021e-02  2.19383482e-02
  1.96293131e-01 -2.17700258e-01  2.53098130e-01  1.62247583e-01
  1.81187272e-01  1.49804965e-01  1.96268201e-01  1.56228431e-04
  1.60473213e-03 -9.21435654e-02 -5.36087677e-02 -3.33294310e-02
  8.12969878e-02 -1.43288672e-02  6.42169416e-02  3.20814922e-02]