[-0.09905906  0.10307209  0.05157489 -0.09096432 -0.11353305  0.00627303
 -0.05916119 -0.07043073  0.21728203 -0.14547937  0.20084348  0.06594342
 -0.15727843 -0.01978664 -0.10570624  0.196568   -0.21131761 -0.11242718
 -0.02448101 -0.0042023   0.01907087 -0.0296413   0.04697361  0.06765481
 -0.088985   -0.33380079 -0.06344643 -0.15874338  0.01054112 -0.03014296
 -0.04364109  0.02628753 -0.15812784  0.00547174 -0.00207957  0.10369159
 -0.07362606 -0.00935711  0.19730598  0.02457168 -0.2119602  -0.00279029
  0.06089541  0.2430138   0.15898874  0.06012962  0.08924982 -0.10436399
  0.09939696 -0.2322095   0.08600856  0.12866923  0.13074616  0.06672165
  0.04231697 -0.18144134  0.07890465  0.1017545  -0.12881623  0.11062664
  0.08278558 -0.04533839 -0.01375733  0.02761061  0.33044672  0.11795913
 -0.14469087 -0.10655946  0.17135108 -0.15220606 -0.07638353  0.03595003
 -0.14266385 -0.20795384 -0.27303237  0.01597342  0.42858157  0.22837707
 -0.14376704  0.01932148 -0.13411328 -0.02830997  0.04538541  0.17909877
 -0.10795493  0.0176555  -0.10086479 -0.0070482   0.21006279 -0.03003537
 -0.01612794  0.21117483  0.03555214  0.0462608  -0.07119194 -0.02332071
 -0.11955554 -0.01031627 -0.14912377 -0.09802993 -0.0200786  -0.03110416
 -0.02588383  0.12931035 -0.24280429  0.10878462 -0.04801757 -0.04478875
  0.00105486  0.09047577 -0.09951423 -0.08916506  0.14993159 -0.15177166
  0.21021961  0.23305209  0.13693574  0.13742232  0.17089342  0.06149038
  0.031138   -0.05131734 -0.17130817 -0.01895724  0.05481444 -0.07758982
  0.09970554  0.04110468]