[-0.09678179  0.04920375  0.00389173 -0.04866561 -0.08269082 -0.06152499
  0.04472509 -0.00255807  0.20137441 -0.00132054  0.20183316 -0.02537194
 -0.24961266 -0.10047934  0.10868026  0.09892274 -0.08972649  0.01472311
 -0.08850208 -0.01324876  0.12829189  0.03773365  0.00102189  0.1460444
 -0.12704426 -0.2962831  -0.05485462 -0.05743029 -0.02219973 -0.09489694
 -0.00128041  0.15581331 -0.0731592  -0.08940572  0.00791899  0.11602482
 -0.09675275 -0.06983794  0.22589713 -0.07049449 -0.19443898 -0.03159139
  0.08605922  0.18934971  0.19572823  0.00840219  0.02538344 -0.0048763
  0.15801004 -0.3149673  -0.02724991  0.13192111  0.0188836   0.06066687
  0.09089287 -0.16730607  0.01157566  0.18349966 -0.3004131   0.06389163
 -0.05602954 -0.16147068 -0.0482171  -0.03263066  0.16098431  0.12282109
 -0.1309907  -0.10730879  0.08961596 -0.21499281 -0.0563723   0.16848651
 -0.1272974  -0.27549258 -0.29190493  0.05980644  0.39728761  0.15917425
 -0.12887757  0.06236614 -0.00170437 -0.11308248  0.07695448  0.07627242
 -0.04369814 -0.03459953 -0.10944859  0.06790777  0.19787116  0.0209579
  0.00800067  0.32877177  0.08425175  0.10218115 -0.01070092  0.02569211
 -0.01459357 -0.02351182 -0.13364947  0.00713454  0.11870001 -0.13247436
  0.04991407  0.05249579 -0.20007303  0.16032778  0.02788172  0.02884327
 -0.01540787 -0.04966822 -0.1533625   0.05144519  0.18262078 -0.25043738
  0.15693961  0.12627503  0.0761996   0.13167118  0.04659524  0.01687727
  0.04372315 -0.10171914 -0.14394905  0.02330076  0.13050476 -0.0386381
  0.0990745   0.02092723]