[-0.08056597  0.11829011  0.00709557 -0.0185503  -0.12499734  0.06189248
 -0.05345287 -0.07427076  0.1851259   0.00546696  0.26492301 -0.03503096
 -0.19969134  0.0317756  -0.0974319   0.10581403 -0.17473246 -0.04794972
 -0.0841579  -0.05576735  0.11435843  0.03947848  0.00786942  0.11950598
 -0.14001083 -0.27136013 -0.09753173 -0.15274402  0.10992138 -0.11050733
  0.0012948  -0.01313252 -0.17540111 -0.06202574 -0.01255638 -0.01969325
 -0.12347703 -0.08532264  0.20914982  0.03916717 -0.15644246  0.09505643
  0.03125727  0.28880358  0.20502134  0.07438142  0.0147198  -0.04520783
  0.06799396 -0.25164461  0.01850927  0.24214205  0.17281923  0.06438615
  0.02507913 -0.120535   -0.01770882  0.12310909 -0.17453015  0.09695248
  0.06748439  0.02210824  0.04127206 -0.06082893  0.10865318  0.09495582
 -0.12146227 -0.08132354  0.04195902 -0.17357238 -0.04903048  0.08915964
 -0.17312203 -0.27480733 -0.23405951  0.05148328  0.47704938  0.13958007
 -0.12186182 -0.01925061 -0.05092333 -0.04347526  0.0381096   0.00939924
 -0.08775394 -0.12626852 -0.06338563  0.0637306   0.20675285 -0.08309964
  0.01678225  0.22751625  0.00984441 -0.03226428 -0.05228559  0.06985752
 -0.06842405  0.04138895 -0.04106694  0.06080832 -0.0709368  -0.0510753
  0.0162048   0.01577632 -0.19914357  0.1241546   0.04624965 -0.05996182
 -0.04536816  0.01922667 -0.21268545  0.00127569  0.23714019 -0.21757004
  0.21412428  0.21287531  0.05207776  0.09295954  0.09803931  0.03768843
  0.00402522 -0.00163546 -0.12217136 -0.08513016  0.04940367 -0.06995886
  0.01337617 -0.04139766]