[-0.0776321   0.14727934 -0.03173532 -0.06372368 -0.1076296   0.04238141
 -0.12312902  0.00501031  0.12823167 -0.04334567  0.23258533 -0.09440592
 -0.23081715 -0.07207387 -0.03499408  0.16948038 -0.1721264  -0.09757634
 -0.07185668 -0.04015454  0.03942759 -0.01344759 -0.01573119  0.14200303
 -0.14036207 -0.37199637 -0.07855369 -0.15108758  0.01343569 -0.11320936
 -0.03461565  0.04933995 -0.10712732 -0.02139824  0.04116241  0.10685553
 -0.09904037 -0.00315592  0.26630804  0.0316589  -0.15616974  0.05331334
  0.04685881  0.34059149  0.15238433  0.04840215  0.0641048  -0.00831373
  0.19780903 -0.21816158  0.12781946  0.24577282  0.2057644   0.10916664
  0.06129393 -0.1020152   0.00606035  0.24865925 -0.2906158   0.08925302
  0.0344573  -0.07875141 -0.03067271 -0.09511048  0.22283433  0.15668911
 -0.16751121 -0.18677519  0.21004307 -0.12071904 -0.05311354  0.0751596
 -0.14975142 -0.20013148 -0.33074373  0.0849754   0.37607929  0.16863988
 -0.15545827 -0.00641281 -0.07866651 -0.1289382  -0.05447229  0.0680384
 -0.08119804 -0.08817656 -0.07871153  0.01327903  0.14783964 -0.02611493
  0.00748418  0.17462397  0.05500061  0.01563704 -0.02937318  0.05517687
 -0.17605321 -0.04399173 -0.1065686   0.01025185 -0.12582189 -0.11838435
 -0.0336269   0.04801702 -0.18964294  0.21089934  0.02676397 -0.03630489
 -0.12085104  0.09457786 -0.15373579 -0.0544564   0.18736057 -0.30161262
  0.16498484  0.14422038  0.15870287  0.14428139  0.09947047  0.06363193
  0.00613512 -0.08975939 -0.19058441 -0.11328989  0.04922053  0.00576334
  0.00543515  0.07577005]