[-0.07075147  0.11400308  0.07507127 -0.06448247 -0.20172821  0.07584438
 -0.14226474 -0.05840817  0.07622188 -0.13451624  0.239917   -0.07998291
 -0.18511495 -0.01672293 -0.01657035  0.13572946 -0.09197363 -0.19568144
 -0.05151447 -0.0387194   0.02896429  0.04295053 -0.0698244   0.02874848
 -0.14199117 -0.32823637 -0.02109246 -0.09336362 -0.02280824 -0.08324195
 -0.09554703  0.0514528  -0.11575969 -0.03517301  0.03350244  0.04546972
  0.01582472 -0.04559907  0.17297202  0.02821352 -0.22335461  0.10859691
  0.01718452  0.24688403  0.18187007  0.07393342  0.02189925 -0.08733706
  0.18574691 -0.2329887   0.04472947  0.15353926  0.12378421 -0.00416178
  0.03354502 -0.18716058 -0.02759649  0.09498326 -0.11512582 -0.00735247
 -0.02367065 -0.03892948  0.02801843 -0.15512502  0.25995153  0.10205964
 -0.0621602  -0.13274598  0.10559073 -0.03695942 -0.13178523  0.04835346
 -0.18722652 -0.12087083 -0.24580123  0.07204214  0.42000777  0.10162746
 -0.24803977  0.05379156 -0.01351839 -0.02075402  0.0293243   0.07058188
 -0.07687135 -0.02798195 -0.06626026 -0.02821343  0.26320654 -0.06963022
 -0.02376961  0.15376237  0.00051148  0.09141744  0.07510946  0.00886899
 -0.12891506 -0.01223907 -0.12347462 -0.08197053  0.01594659 -0.02722271
 -0.00699378  0.14158334 -0.2269717   0.14207098 -0.07719734 -0.00982025
 -0.04336746  0.0368214  -0.00438337 -0.00540255  0.15281773 -0.17745191
  0.12163986  0.12991266  0.08629189  0.16176401  0.152095    0.00339532
 -0.02672829  0.05930221 -0.18945095 -0.1040247   0.1396182  -0.0174886
  0.08363698  0.05438253]