[-0.06951401  0.08570435  0.04474636 -0.04828734 -0.09982487 -0.02645229
 -0.0394588  -0.14627463  0.15327495 -0.13396187  0.24901076 -0.00779238
 -0.21077003 -0.06628273 -0.01421812  0.13998975 -0.1369608  -0.07695545
 -0.05765048 -0.00415768  0.01227817 -0.03397446  0.08834447  0.06245378
 -0.0309811  -0.34276655 -0.09661601 -0.12733471  0.01193856 -0.01074478
 -0.06464152  0.04038339 -0.11393046 -0.01187917  0.00627781  0.10382189
 -0.0524983  -0.04025335  0.2231753  -0.05565861 -0.21054909  0.01643534
  0.01005598  0.22113027  0.20449737 -0.00334349  0.02738239 -0.11006538
  0.12135667 -0.13865209  0.03632897  0.1300029   0.07070065  0.03324027
 -0.016841   -0.14825921  0.03003988  0.12638962 -0.13264334 -0.03158943
  0.08626506 -0.06869782 -0.04150011 -0.04358425  0.29700169  0.12705414
 -0.1656346  -0.14835724  0.09517094 -0.16770829 -0.03342428  0.03484252
 -0.23559846 -0.16259807 -0.23154867  0.03597448  0.3998858   0.09154995
 -0.1453248   0.00574248 -0.11678384 -0.02053667  0.09570753  0.14624006
 -0.03679179 -0.01411906 -0.08079386 -0.00217653  0.19512095 -0.082437
 -0.01790959  0.21748611 -0.00298744  0.11220127 -0.02288069 -0.03948495
 -0.04415242  0.03675824 -0.16814703  0.02731262 -0.04981367 -0.06604051
 -0.00336094  0.07520773 -0.19778229  0.09234642  0.02184817  0.05031058
  0.05935607 -0.00998183 -0.13351656 -0.09736573  0.17776661 -0.20531379
  0.20741768  0.17871356  0.16288887  0.11038454  0.14240246  0.06072578
  0.02044642 -0.00915357 -0.23040122  0.06712755  0.10703046 -0.04885624
  0.05892722  0.00305094]