[-0.03509863  0.05782606  0.05316365 -0.04171918 -0.12306524  0.07880746
 -0.06931382 -0.03368081  0.23045507 -0.1879801   0.16158275 -0.07343213
 -0.18059807  0.01774097 -0.08027012  0.14307098 -0.17372869 -0.15367554
  0.02056677 -0.03093033  0.08729652 -0.02879609 -0.07659741  0.1292125
 -0.13604032 -0.34629706 -0.06162392 -0.06033991 -0.01828727 -0.16092193
 -0.0806856   0.09293676 -0.20044617  0.02175097 -0.03700842  0.15605377
 -0.03371146 -0.09496532  0.11836449  0.04760503 -0.18544626 -0.02678156
  0.05197709  0.27263498  0.17639002 -0.03336296 -0.00805665 -0.03838194
  0.15148935 -0.29316705  0.04637153  0.23508695  0.0419837   0.11952367
  0.05385392 -0.16025501  0.01298692  0.08065453 -0.1094661   0.06837397
  0.06051046 -0.02880634  0.02329524 -0.05482753  0.16846609  0.11708612
 -0.07586775 -0.17014794  0.15941729 -0.19390732 -0.02642044  0.02122059
 -0.12803861 -0.23096256 -0.18908584  0.03976189  0.38813823  0.19632469
 -0.13651435  0.10410563 -0.08879506 -0.09731696  0.05278192  0.1719618
  0.08075465  0.06194744 -0.08448523  0.10634979  0.19483551 -0.0183641
  0.08147905  0.25278759  0.00039757 -0.03782843  0.02786467  0.02875819
 -0.13350162  0.06622029 -0.17217697 -0.00555311 -0.09474076 -0.0542125
 -0.05559871  0.06558931 -0.20331034  0.17621905  0.0078007  -0.03573973
 -0.04167051 -0.01578493 -0.12187195 -0.03795976  0.15469195 -0.2562502
  0.09437697  0.12690921  0.10499244  0.18445699  0.0411426   0.12993391
  0.08785102 -0.11527408 -0.160854   -0.01552218 -0.04823326 -0.03341054
 -0.11926705  0.01611658]