[-0.12504153  0.05751074  0.07949399 -0.17329872 -0.12133082 -0.0405039
 -0.02142207 -0.11700121  0.1751612  -0.18470068  0.13476391 -0.09759743
 -0.24578738 -0.01849088 -0.00383887  0.20976758 -0.12743497 -0.13867573
 -0.13999468 -0.07557595  0.00746051  0.05817146 -0.03350523  0.00434279
 -0.08368125 -0.29319581 -0.06442032 -0.02436988 -0.06162818  0.0200056
  0.07397175  0.13168083 -0.17828628 -0.02902832  0.04978468  0.06515347
 -0.12209426 -0.13857959  0.18833163 -0.00592771 -0.1581236  -0.0344145
  0.07212177  0.16250424  0.22552328 -0.03974028  0.03272265 -0.10226351
  0.16218744 -0.33564502 -0.08316665  0.14685526  0.04569428  0.07279032
  0.08402887 -0.15679801  0.04212216  0.18223526 -0.27550504  0.04378955
  0.01845842 -0.10850764 -0.10579841 -0.08753128  0.18926734  0.15560892
 -0.17959745 -0.20195697  0.21791841 -0.12982024 -0.00816903  0.06249795
 -0.13214853 -0.22609416 -0.20133474  0.00595326  0.25683278  0.09968316
 -0.1348886  -0.01497134 -0.06882675 -0.03676806 -0.03605483  0.04757912
  0.00202444 -0.16266347 -0.01984978 -0.02583192  0.23271216 -0.0878154
  0.00058559  0.29085398 -0.00211834 -0.07934491 -0.09167618  0.0392072
 -0.13996914  0.0209947  -0.13827057 -0.00416055  0.02339481 -0.09385577
 -0.00990613  0.11990735 -0.15506846  0.1929789  -0.08772969 -0.00638767
 -0.07072767 -0.13682659 -0.12814628  0.02028091  0.17015818 -0.16118942
  0.19122015  0.17249615  0.03161791  0.13891634  0.09852158  0.02576448
  0.074928   -0.00999312 -0.17581148 -0.11328045  0.0601414   0.00516892
 -0.05257221  0.02475571]