[-8.57280195e-02  8.78607631e-02  1.42832603e-02 -6.01898953e-02
 -7.89466947e-02  1.10977210e-01 -4.50962186e-02 -7.23498613e-02
  1.18744887e-01 -8.77461582e-02  2.37656638e-01 -7.02924430e-02
 -2.44743824e-01  9.78128612e-03  4.79230434e-02  1.52862772e-01
 -1.08050212e-01 -1.48262084e-01 -1.28500432e-01 -5.12246862e-02
  5.21247042e-03 -7.47911632e-03  2.15365607e-02  1.20628305e-01
 -1.73689917e-01 -2.82269120e-01 -1.47891762e-02 -1.20109163e-01
  6.75339252e-05 -1.26448482e-01 -2.98572183e-02  8.49369168e-03
 -1.34653255e-01  6.56918734e-02  5.09179123e-02  1.30483657e-01
 -1.17557459e-01 -9.14726853e-02  2.33906060e-01 -5.45342155e-02
 -2.41555527e-01  3.88891995e-02  8.41174871e-02  2.20471099e-01
  2.66551882e-01  1.87785532e-02 -2.15020720e-02 -2.95641571e-02
  1.83994889e-01 -2.32882008e-01  1.04986824e-01  1.52768239e-01
  1.10489853e-01  1.04359947e-01  6.87989965e-02 -1.22475199e-01
 -2.27704942e-02  2.09135056e-01 -2.16645256e-01 -4.67806235e-02
  1.33462008e-02 -4.50170711e-02 -1.15716103e-02 -1.31069213e-01
  2.23359093e-01  1.19541690e-01 -1.77828372e-01 -1.81952626e-01
  1.66817054e-01 -1.62590146e-01 -6.66488335e-02  1.38698608e-01
 -1.71082139e-01 -1.98116213e-01 -2.34330907e-01  8.11590478e-02
  3.26299816e-01  1.32904127e-01 -9.12826061e-02  6.35886192e-02
  1.91086903e-02 -8.69616568e-02 -9.43738371e-02  1.31162807e-01
 -6.43327646e-03 -4.95127216e-02  7.77242007e-03  8.23169388e-03
  1.79338321e-01 -1.41567104e-02  2.56246682e-02  2.36421227e-01
 -1.90525055e-02 -5.86688221e-02 -1.64531730e-02  5.24769984e-02
 -1.10169038e-01 -9.13312845e-03 -1.10615551e-01 -4.55535538e-02
 -1.09630905e-01 -9.95725207e-03  2.64106076e-02  9.25746113e-02
 -2.26899013e-01  2.13650092e-01 -5.99947087e-02  3.42627354e-02
 -4.79264092e-03  1.53610576e-02 -4.06178609e-02 -3.57733555e-02
  1.30023122e-01 -3.69299829e-01  9.28657502e-02  1.17511109e-01
  1.36581808e-01  7.32163638e-02  4.04695943e-02  5.36574125e-02
  8.06103796e-02  4.28536013e-02 -2.92262793e-01 -4.05986905e-02
  9.05881673e-02 -5.05267382e-02 -8.07115808e-04  7.52063692e-02]