[-1.70317784e-01  9.87676829e-02 -5.27223386e-02 -7.44750723e-02
 -1.47491604e-01 -1.11364655e-01 -6.71942383e-02 -4.48439606e-02
  1.61981776e-01 -7.94530287e-02  1.71837002e-01  2.57963575e-02
 -2.34216183e-01 -3.73846851e-02 -8.12622979e-02  7.59272799e-02
 -1.73088953e-01 -1.94798037e-01 -3.65777873e-04 -7.31474608e-02
  4.15372699e-02  4.18232791e-02 -3.12147085e-02  1.28589541e-01
 -8.31479356e-02 -2.48488173e-01 -1.25443816e-01 -6.76865801e-02
  4.42997031e-02 -1.62499323e-01  3.31483707e-02  8.52546617e-02
 -1.55744135e-01 -8.45303535e-02  4.66661900e-02  8.43430161e-02
  1.60968397e-02 -2.88937204e-02  3.11437309e-01  7.96381086e-02
 -1.68114468e-01 -7.55397230e-02 -8.37452617e-03  3.69218379e-01
  1.40815616e-01 -1.75520144e-02 -5.35527617e-03 -2.37876512e-02
  1.75834402e-01 -2.86669999e-01  1.22428857e-01  2.43089497e-01
  1.64493322e-01  3.18025425e-02  3.47311124e-02 -1.64702788e-01
 -1.35822818e-02  1.86300784e-01 -1.93915889e-01  1.12535365e-01
  1.70032829e-02 -9.22271237e-02  6.72620721e-03 -4.10375223e-02
  1.60327375e-01  1.15753412e-01 -1.01459891e-01 -1.32352993e-01
  2.16852114e-01 -1.71159297e-01 -8.08254033e-02  1.20593131e-01
 -8.15480053e-02 -2.22903654e-01 -2.20633298e-01  7.74437115e-02
  3.56797457e-01  1.71023756e-01 -1.45752177e-01  3.80102992e-02
 -2.82511022e-02 -1.21208303e-01  1.82150751e-02  7.52524287e-02
 -1.39306769e-01  4.73846272e-02 -1.04157820e-01  6.67176843e-02
  2.36625090e-01  5.73221520e-02 -8.60857368e-02  2.30406255e-01
  2.47153379e-02  9.78915021e-02  1.26946494e-01  8.37275758e-02
 -1.82899013e-02 -5.98379485e-02 -1.39484838e-01  4.07921411e-02
  5.43859154e-02 -1.43889457e-01 -6.06204718e-02  1.01277389e-01
 -9.89292040e-02  1.06460601e-01 -1.07645895e-02 -3.84997092e-02
 -1.95205554e-01 -1.12967985e-02 -1.31121218e-01 -9.79359727e-03
  1.86187103e-01 -1.90901011e-01  2.48500898e-01  1.29133254e-01
  6.89223502e-03  1.71563596e-01  8.08432251e-02 -7.48899393e-03
  5.39525077e-02 -1.76908672e-01 -6.11133650e-02 -1.16293870e-01
  8.66447836e-02 -1.31179877e-02  9.01360288e-02  1.73474588e-02]