[-1.52458251e-01  8.99256319e-02  3.38989273e-02 -9.98284146e-02
 -5.09080514e-02  9.08751190e-02 -6.75992072e-02 -3.86618227e-02
  1.56186953e-01 -1.18789062e-01  1.98279440e-01 -2.86785923e-02
 -2.22870812e-01 -9.14675891e-02 -6.78356290e-02  1.64659947e-01
 -1.63696051e-01 -1.97018445e-01 -4.34552878e-03  9.42617189e-03
  8.98452774e-02 -2.35920656e-04 -2.52269767e-02  5.56323603e-02
 -1.89703569e-01 -3.74071330e-01 -6.81460276e-02 -1.15286678e-01
 -6.65536225e-02 -1.32971570e-01 -4.97609861e-02  9.36389416e-02
 -2.37712279e-01 -2.01116521e-02 -3.04549932e-02  8.38080570e-02
  5.41607849e-02 -5.65625029e-03  1.52153254e-01  7.15443492e-02
 -1.94782972e-01  5.18951714e-02  2.74619758e-02  2.79386342e-01
  1.60143539e-01  2.15176493e-04 -1.78785399e-02 -1.26718223e-01
  9.34305713e-02 -1.61271244e-01  4.73614000e-02  1.73943475e-01
  5.68834543e-02  6.06677942e-02 -9.86021571e-03 -7.65778944e-02
  5.36205545e-02  9.05075818e-02 -1.66020408e-01  3.76351662e-02
  2.58465204e-02 -4.25037518e-02  2.81128846e-03 -7.38043860e-02
  1.75601125e-01  3.26653719e-02 -6.55733868e-02 -1.62662193e-01
  1.73149183e-01 -5.45640104e-02 -5.39384298e-02  4.70751561e-02
 -1.71024352e-01 -2.02054232e-01 -2.55948693e-01  8.27441812e-02
  3.35164458e-01  1.45538107e-01 -1.81384385e-01  1.16793543e-01
 -7.94557855e-02 -1.04704238e-01  6.07655048e-02  1.14486516e-01
 -3.01737767e-02  3.32410522e-02 -1.62449796e-02  1.04863040e-01
  2.42834702e-01  5.41158244e-02  2.22088513e-03  2.19637677e-01
 -8.76469538e-03  3.46867032e-02  6.54348210e-02  6.69004768e-03
 -6.39354512e-02  4.54664193e-02 -1.93880364e-01 -2.35247426e-02
 -5.07729128e-02 -4.75730933e-02 -4.07295451e-02  1.41477063e-01
 -1.78985193e-01  1.03836127e-01  2.50830203e-02 -3.95616069e-02
 -3.57881077e-02  3.33721079e-02 -1.10502511e-01 -5.38579971e-02
  1.25723064e-01 -2.00098753e-01  1.64116383e-01  1.73414409e-01
  1.55753464e-01  8.53349268e-02  1.49238586e-01  3.56254689e-02
  1.77364759e-02 -2.81029269e-02 -2.48576388e-01  1.54721262e-02
  1.82163984e-01 -4.86731380e-02  7.20014349e-02  1.92770511e-02]