[-0.07358123  0.059501    0.15055107 -0.05050882 -0.13607921  0.03803638
 -0.04713356 -0.01498442  0.17306206 -0.1068754   0.15503405 -0.00928176
 -0.26361868  0.15952447 -0.0501527   0.19506578 -0.16618751 -0.10378082
 -0.08813468 -0.09227566  0.00909336  0.12360721  0.00247236  0.09454232
 -0.1936428  -0.34118974 -0.02249581 -0.02407029 -0.08337229 -0.10111922
  0.05588578  0.15218425 -0.14834464  0.10374875  0.05904986  0.14946881
 -0.04541371 -0.18533845  0.13903038  0.12302359 -0.25927711 -0.02866648
  0.01959591  0.27384934  0.16257581 -0.03414961  0.05463038 -0.10298373
  0.10608527 -0.27888739  0.0222044   0.18115743 -0.00149755  0.08371252
  0.06476986 -0.12281145  0.04482567  0.12678076 -0.12684813 -0.03140607
  0.05858978 -0.08558819  0.03425527 -0.10641613  0.16803552  0.10901734
 -0.12548552 -0.10514275  0.1565688  -0.15908685 -0.15824491  0.04808059
 -0.13015017 -0.20851941 -0.28355956  0.04504871  0.34106079  0.17798223
 -0.16861071  0.04658796  0.00708977  0.01779039  0.01915021  0.27170569
 -0.04884757  0.05231617 -0.00745858  0.06593625  0.24655077  0.0013749
 -0.02957129  0.28744671  0.02690959 -0.07681327  0.03660858  0.03006735
 -0.09305617 -0.01540621 -0.14099041 -0.0687152   0.03754278  0.02088364
 -0.01989108  0.15033752 -0.25492087  0.17274633 -0.06122746 -0.09838881
  0.05400163  0.00820272 -0.07389261 -0.05807345  0.16123936 -0.25334936
  0.08033741  0.19927001  0.04817528  0.14715585  0.06709342  0.11003483
  0.02544769 -0.03420942 -0.13654585 -0.07103357  0.09434748  0.00327922
 -0.04186102 -0.00980132]