[ 0.00539868  0.00311217  0.04750153 -0.02861523 -0.14165463 -0.01530957
  0.04254645 -0.02421305  0.20520824 -0.13346381  0.1729697  -0.04464
 -0.23842435  0.09363362 -0.06433142  0.1878749  -0.16566093 -0.14410867
 -0.13351886 -0.16328382 -0.04372591  0.09249126 -0.00532064  0.09590776
 -0.16613777 -0.21531221 -0.0498133  -0.11512436  0.0186446  -0.09423251
 -0.01778558  0.20295255 -0.0770405   0.01163037  0.11848042  0.04168763
 -0.04207464 -0.11053205  0.26712427  0.01547976 -0.23315485 -0.04115154
  0.12487154  0.29382613  0.2459354   0.00565786 -0.04241126 -0.03239898
  0.15402927 -0.29496896  0.01325352  0.1222331   0.10359493  0.06018013
  0.07530834 -0.1615096   0.01219843  0.15418097 -0.22494589  0.02746982
  0.04699744 -0.23086232  0.00387614 -0.07049898  0.27454206  0.09013673
 -0.15466237 -0.13347641  0.20715606 -0.27828655 -0.0791846   0.11903818
 -0.06555256 -0.13623819 -0.25097916 -0.04489603  0.36436182  0.1430794
 -0.12263484  0.09016694  0.01340658 -0.05090607  0.04543453  0.19405274
 -0.07623133 -0.04257181 -0.06574472 -0.06440248  0.26836878 -0.02157014
 -0.03279362  0.24482979 -0.02379557 -0.07170483  0.04806153 -0.00145524
 -0.12029123 -0.07580532 -0.10616213 -0.00904768 -0.06104181 -0.08255251
 -0.03068691  0.08838992 -0.18487535  0.11951274 -0.12558755 -0.04231323
 -0.0510297  -0.07181536 -0.06625017 -0.01751396  0.20290935 -0.32006264
  0.08358434  0.09471916  0.02640795  0.1498284   0.02562195  0.06595179
  0.00286365 -0.05282339 -0.19010708 -0.08439251  0.10543395 -0.13223356
  0.09295349  0.01735506]