[-0.09091391 -0.00497298  0.10620583 -0.0718514  -0.17459056 -0.01258603
 -0.06647429 -0.13252446  0.08927288 -0.14691034  0.28499851 -0.07514958
 -0.24690627 -0.10907149 -0.11912974  0.23451552 -0.15429507 -0.12889752
 -0.04700901 -0.0181753   0.04021693 -0.04009439  0.04095978 -0.01446175
 -0.0715915  -0.37153521 -0.05936179 -0.03126342 -0.01719084 -0.0814797
 -0.06807228  0.08311068 -0.24047513 -0.06393407  0.06804539  0.06779642
 -0.01258698 -0.06213263  0.16633882 -0.03018463 -0.22674587 -0.00116924
  0.08987493  0.1844562   0.13230833  0.07549179  0.00628267 -0.18855375
  0.1582543  -0.17917442  0.0401328   0.13535725  0.06576901 -0.03381344
  0.05115659 -0.08861949  0.02549015  0.13394822 -0.10526924  0.00788419
  0.11448433 -0.0531278  -0.07403024 -0.19459631  0.21677554  0.02473142
 -0.11294538 -0.16175269  0.19872731 -0.06198813 -0.04752516  0.03605775
 -0.14810722 -0.17541145 -0.28684899 -0.0136906   0.37865734  0.1128729
 -0.20441116  0.01415576 -0.04456986  0.00559548  0.09082867  0.12836452
  0.00854457  0.04194791 -0.06087261 -0.01583694  0.20422211 -0.07679503
  0.01599426  0.21440893 -0.01518793  0.03386044  0.01483715 -0.01904576
 -0.12124996  0.02186806 -0.2075897  -0.04710743  0.00987663 -0.02774057
  0.01012003  0.11992411 -0.13373382  0.05658154 -0.06850528  0.00607563
  0.03087325 -0.04209292 -0.08737487 -0.09907126  0.07535314 -0.21179076
  0.17352231  0.16438743  0.10705895  0.08190729  0.14195623  0.08380105
  0.00574032 -0.01694651 -0.19481257 -0.07179613  0.11632644 -0.08401524
  0.07222909 -0.03043325]