[-2.66675390e-02  1.37982473e-01  7.79056549e-02 -1.16545603e-01
 -1.82246238e-01  5.45203239e-02 -7.71731809e-02 -1.39061645e-01
  2.46795118e-01 -2.20970511e-01  1.39277592e-01  5.27296681e-03
 -1.66392207e-01  1.33798242e-01 -5.61711565e-02  1.44874752e-01
 -1.06123284e-01 -1.23539634e-01 -3.37437242e-02 -8.87887254e-02
  5.92498388e-03  6.05101660e-02  1.16461962e-02  8.38275030e-02
 -6.08289763e-02 -2.88613915e-01 -1.02179080e-01 -3.80723923e-02
 -3.91600765e-02 -1.21503651e-01  1.76617913e-02  6.48965314e-02
 -1.81597397e-01  1.42206922e-02 -4.65820879e-02  7.53276497e-02
 -7.81738609e-02 -1.38624027e-01  1.82586938e-01  2.16361955e-02
 -2.34326512e-01 -5.43399453e-02  4.52824533e-02  2.72567034e-01
  1.84934154e-01 -1.06272705e-01  4.18535918e-02 -1.17336094e-01
  1.74018517e-01 -2.68470198e-01  5.56441173e-02  1.22915879e-01
 -3.18982638e-02  3.19502465e-02  6.37087300e-02 -1.43093795e-01
  3.14811245e-02  1.07234254e-01 -9.79918987e-02  7.24236071e-02
  1.57595500e-01 -9.26701128e-02 -1.53089426e-02 -7.75734857e-02
  2.61618346e-01  1.01926573e-01 -9.41395834e-02 -1.86532483e-01
  1.46628231e-01 -9.78847593e-02 -4.44039702e-02  1.10267460e-01
 -1.85112685e-01 -2.28656635e-01 -2.51604795e-01  8.34322423e-02
  4.80928570e-01  1.46045163e-01 -4.13972512e-02  9.15664956e-02
 -1.08781815e-01 -4.41077463e-02  5.27945720e-02  1.95055604e-01
  5.46556897e-02  4.80233599e-03 -6.42350614e-02  1.85807154e-01
  2.65227705e-01 -7.73549676e-02 -6.65599629e-02  2.45491624e-01
 -4.21406813e-02  8.71516671e-03 -5.92642166e-02  1.21159069e-01
 -1.39693305e-01  6.53778836e-02 -1.97869107e-01  2.49615293e-02
  2.51411833e-02  1.76569372e-02 -3.60665061e-02  1.60026878e-01
 -1.96927279e-01  1.70310065e-01 -3.50999944e-02 -4.06477377e-02
 -3.06403153e-02 -8.81615579e-02 -1.41319707e-01 -6.49428042e-03
  1.97372332e-01 -2.17903048e-01  1.16468050e-01  9.11898389e-02
  9.66564715e-02  1.51640385e-01  7.60526285e-02  5.54257818e-02
  9.90564004e-02 -1.05448313e-01 -2.24873900e-01  1.73779521e-02
  6.18947893e-02 -1.33135822e-04 -1.39107630e-02  5.12754843e-02]