[-0.1254835   0.11215058 -0.01267102 -0.07391533  0.00749916  0.00283766
  0.04724504 -0.10984054  0.19320796 -0.16582033  0.27031645 -0.05430641
 -0.20088945 -0.07279223 -0.05107716  0.11983049 -0.14933857 -0.11684935
 -0.12798226 -0.09626862  0.0617992   0.04172456 -0.00175693  0.06277008
 -0.19701806 -0.27789807 -0.09241541 -0.12795143  0.02436166 -0.14891206
 -0.00884767 -0.06257427 -0.18878014 -0.05527592 -0.03987607  0.00623284
 -0.07757516 -0.05625117  0.19256923  0.00935907 -0.13276878  0.01908354
  0.10942465  0.308882    0.18159108 -0.01188174 -0.01179704 -0.15368369
  0.13012438 -0.26791438  0.14917387  0.02851923  0.11207775  0.10112967
  0.16518885 -0.13625698 -0.02596426  0.17768537 -0.14021362  0.1347319
  0.01313717  0.04524597  0.00531278  0.01494966  0.23347165  0.12682556
 -0.10614864 -0.1097158   0.17021286 -0.16000822 -0.0398485   0.06819814
 -0.02876991 -0.21414183 -0.29420659  0.10463312  0.40238753  0.17089173
 -0.17293458  0.03854135 -0.08027663 -0.06233811  0.15228435  0.05909055
 -0.11471273 -0.0346901  -0.08610234  0.06745731  0.2353729   0.01636853
 -0.07514297  0.2488866  -0.01055368 -0.04398266  0.07211743  0.03031942
 -0.20214859 -0.00206119 -0.15291323 -0.05333428  0.06164932 -0.05273017
 -0.02708697  0.15569265 -0.16497363  0.14927623  0.00774221 -0.06884656
  0.00776041  0.0468784  -0.11455555 -0.03690035  0.09471762 -0.23749094
  0.16477138  0.07901936  0.0571571   0.15960959  0.10622679  0.02798515
  0.05732745  0.03240991 -0.15832427  0.00507048  0.09410778 -0.00398379
  0.09798888  0.0216443 ]