[-0.02133553  0.06506661  0.10049551 -0.04537929  0.02292911 -0.01095135
 -0.08306333 -0.0826895   0.17158954 -0.09075112  0.19819291  0.00896111
 -0.16266544 -0.05755841 -0.04122049  0.06657685 -0.05685234 -0.15952861
 -0.08705888 -0.15102908 -0.04054213  0.03911449  0.03933254 -0.01380521
 -0.14616512 -0.30701587 -0.11303005 -0.10704505  0.01782108 -0.08815689
  0.0463077   0.06277602 -0.15142414 -0.0121113   0.02109867  0.06801745
 -0.00815268  0.03345939  0.20038964  0.01723898 -0.13050026  0.05588798
  0.06107978  0.26831064  0.15557881  0.04671636  0.00837618 -0.04348674
  0.06571205 -0.14488433  0.08454631  0.14880797  0.09516466  0.03561512
  0.12927082 -0.08615395 -0.03853516  0.05909094 -0.13891017  0.13599558
  0.00183627 -0.02517024 -0.09578357 -0.01984029  0.16579753  0.12055124
 -0.11146487 -0.16707811  0.15093949 -0.18240777 -0.04352166  0.12632494
 -0.09190995 -0.12201773 -0.2135596   0.05175892  0.44094542  0.08416101
 -0.20209011  0.06330927 -0.01225752 -0.08425634  0.03839505  0.06016102
 -0.14561175  0.08207349 -0.05731831  0.015335    0.19165413  0.06360149
 -0.10255899  0.16860455 -0.04752916  0.08552408  0.0717236   0.03668281
 -0.0995632  -0.05888082 -0.2006195  -0.11509185  0.05837718 -0.04597404
 -0.02581227  0.06865144 -0.08484725  0.16085412  0.00251897 -0.01605651
 -0.00325411  0.20158653 -0.10344443 -0.08610887  0.2018314  -0.20220563
  0.12670173  0.11961946  0.02887348  0.06846006  0.13755378  0.08659915
  0.00905177  0.03952112 -0.09270556 -0.09739537 -0.04208148 -0.02036108
  0.10134716  0.033544  ]