[-1.55985415e-01  9.35297087e-02  1.32342622e-01  6.52629882e-03
 -1.32201880e-01 -7.83837959e-02 -7.87357315e-02 -3.99003476e-02
  1.13329209e-01 -4.18635160e-02  2.28486240e-01  3.33203599e-02
 -1.14982426e-01  3.98714375e-03  3.28396913e-03  1.58418134e-01
 -1.22688726e-01 -1.19605429e-01 -1.12071224e-01 -1.10073134e-01
 -6.45833686e-02  1.01810522e-01  6.57665357e-02  2.58920398e-02
 -1.22762710e-01 -3.26410979e-01 -5.16008362e-02 -8.31061304e-02
  1.02807865e-01 -4.25761826e-02 -9.03931167e-03  2.80527677e-03
 -1.06268972e-01 -4.34523970e-02  8.93696696e-02  1.01731583e-01
 -1.58677042e-01 -8.47941190e-02  2.57718772e-01  2.76931934e-02
 -2.10342601e-01  1.06620394e-01  4.34714630e-02  3.10557932e-01
  1.85312584e-01  8.99580941e-02  7.05343634e-02 -9.11416337e-02
  7.37102628e-02 -2.14396536e-01  9.93336588e-02  1.36596054e-01
  9.47683603e-02  1.14784501e-02  1.28695771e-01 -1.30922034e-01
 -1.05208233e-02  1.11392498e-01 -1.34139135e-01  6.05326779e-02
  4.36481461e-02 -2.76156794e-02  6.51915930e-03 -1.07013308e-01
  2.35044077e-01  1.03258982e-01 -9.37402174e-02 -7.09357113e-02
  1.35847688e-01 -1.25500187e-01 -1.20132968e-01  1.03493065e-01
 -7.50690475e-02 -1.84542567e-01 -2.33928874e-01  3.80331948e-02
  3.97941470e-01  1.47616893e-01 -1.54075772e-01  3.54874358e-02
  5.33141308e-02 -6.00483939e-02  1.64928548e-02  1.28910482e-01
 -1.83700040e-01  8.62920657e-04 -5.37262112e-02  6.70154020e-03
  2.32638925e-01  1.84391793e-02 -5.29959798e-02  1.83030486e-01
  5.60238287e-02  3.79359424e-02  3.28948610e-02 -2.86531039e-02
 -8.98953304e-02 -4.33158986e-02 -1.40739515e-01 -1.18392073e-01
  1.08567156e-01 -2.73152422e-02  3.12649198e-02  7.83611313e-02
 -2.02904493e-01  1.81684405e-01 -2.70907152e-02 -2.98235156e-02
  6.42864034e-05  7.77413398e-02 -6.91726208e-02  2.96486877e-02
  1.77982688e-01 -1.80487871e-01  2.24095702e-01  1.90770239e-01
  8.35593045e-02  1.34187788e-01  1.69534385e-01 -2.71960404e-02
 -5.97877800e-03  2.91268565e-02 -1.35784745e-01 -8.07452276e-02
  5.65098636e-02 -7.11417124e-02  1.83088586e-01  1.04507230e-01]