[-0.08701427  0.11021888  0.04044926 -0.05323814 -0.23321252  0.05400967
 -0.03270563 -0.08734471  0.17978898 -0.08313034  0.28586748 -0.07066029
 -0.28337315 -0.06807862  0.02444654  0.11948676 -0.13720272 -0.08687846
 -0.02972382 -0.08136626 -0.0362502   0.0160316   0.01513859  0.08447552
 -0.09762499 -0.34682995 -0.05954089 -0.13684531  0.12895694 -0.18431996
 -0.11390835  0.04848861 -0.15803863 -0.14641567  0.01053806  0.12929092
 -0.10718959 -0.14200181  0.14175989  0.02859636 -0.10378023 -0.09348778
  0.01222964  0.2776154   0.16222578  0.03309941  0.07685062 -0.11814202
  0.19864236 -0.19961229  0.09153085  0.10901514  0.13528398  0.04138361
  0.08313146 -0.15048733  0.04387673  0.12075917 -0.25292039  0.12321161
  0.15196377 -0.02623395 -0.03619673 -0.06696571  0.2581026   0.09545411
 -0.04148152 -0.17222728  0.2079716  -0.12361691 -0.0956764   0.12184974
 -0.11573466 -0.18329675 -0.22895227  0.05014269  0.39885756  0.16711567
 -0.11441768 -0.02327319 -0.06683787 -0.11637736  0.04549422  0.08300553
 -0.02734043 -0.04142742 -0.13662791  0.06856919  0.22042327 -0.05505399
  0.01087478  0.22927669  0.01844209  0.00514663  0.05254173  0.06827012
 -0.17642111  0.06623062 -0.10144509 -0.07558526  0.1106213  -0.12993716
  0.02446278  0.0630124  -0.19011329  0.16860564 -0.03284635 -0.00187318
 -0.00433889 -0.16563237 -0.12550955  0.03102681  0.23396356 -0.29230705
  0.18549797  0.11236925  0.1234856   0.1258307   0.0402771   0.02821491
  0.05759368 -0.1361545  -0.16660766 -0.08422709  0.0242967  -0.08410094
  0.01863115  0.04492786]