[-0.12733215  0.08390703 -0.02329101 -0.07878847 -0.04073155 -0.05551693
 -0.07353546 -0.04712187  0.11234538 -0.02916295  0.27981353 -0.11874343
 -0.18197106 -0.13334343  0.05274227  0.11362339 -0.18174575 -0.03065037
 -0.03733323 -0.06318811  0.05379276  0.03707078  0.07831541  0.12402859
 -0.19229379 -0.38610926 -0.08763979 -0.16772261  0.07525272 -0.09302574
  0.00829975  0.12419052 -0.17737453 -0.0297368   0.04056666  0.12345134
 -0.02609273  0.04879018  0.21638621  0.01567941 -0.1538316  -0.08815736
 -0.01792585  0.29165095  0.18546681  0.04831111 -0.00909485  0.03089347
  0.13596499 -0.234247    0.08302667  0.12960653  0.10988674  0.0122537
  0.1380522  -0.04718462  0.01248549  0.12192988 -0.27532652 -0.01104796
 -0.02265363 -0.06503518 -0.06297667 -0.07680382  0.19466679  0.13676114
 -0.1023059  -0.11179938  0.16215333 -0.12362838  0.00216047  0.18448277
 -0.09858184 -0.18054271 -0.29352772  0.01868301  0.3231461   0.09066781
 -0.18471394  0.00373399  0.03570012 -0.10692178  0.10400188  0.00121591
 -0.06184854  0.0061473  -0.07448351  0.07693098  0.12778418 -0.06720445
 -0.02514536  0.18304023 -0.06322411  0.06457651  0.05097488  0.0459081
 -0.07527424 -0.01754891 -0.10223699  0.01150051  0.10811856 -0.04658611
 -0.04771468  0.05085586 -0.14675674  0.15727335  0.01589032 -0.06138553
 -0.06337596 -0.02705309 -0.13600756 -0.01036477  0.16956924 -0.28528616
  0.18919764  0.1101035  -0.07386333  0.11970363 -0.01247556 -0.00778343
 -0.04389214 -0.07357458 -0.15296508 -0.09729068  0.12271155 -0.05217887
  0.02903962 -0.07689743]