[-1.09576620e-01  2.58206502e-02  2.29075439e-02 -9.42540318e-02
 -6.11129142e-02 -1.31708518e-01 -3.32902186e-04 -1.08632177e-01
  2.45797411e-01 -2.08589181e-01  2.19461143e-01 -6.07310832e-02
 -2.41968036e-01 -1.02828793e-01 -3.17728817e-02  2.38587692e-01
 -2.08692491e-01 -1.99461430e-01 -8.78866389e-02 -6.89305738e-02
  3.40479426e-02 -1.39408512e-05  4.17628996e-02  1.50810182e-01
 -6.38945103e-02 -4.13869053e-01 -8.78782496e-02 -1.18475452e-01
 -3.18232812e-02 -6.10279106e-02  4.61898111e-02  1.16354629e-01
 -2.41754889e-01 -5.82778603e-02 -2.53629461e-02  5.27692549e-02
  4.20410335e-02 -7.19343051e-02  2.04447404e-01  3.36216092e-02
 -2.44115442e-01 -7.77538195e-02  5.22972643e-02  2.18110263e-01
  1.71117261e-01 -4.03171778e-02  1.50978882e-02 -4.19193208e-02
  7.14246929e-02 -2.59931594e-01 -2.77284626e-02  7.31555223e-02
  1.12198815e-01 -3.38422470e-02  7.76093751e-02 -1.51602045e-01
  4.51267697e-03  8.29959512e-02 -1.96077794e-01  1.48509536e-02
 -1.73359513e-02 -1.51234180e-01 -9.46525931e-02 -2.91921608e-02
  3.14602584e-01  7.37361908e-02 -1.31449178e-01 -6.71049803e-02
  2.67158031e-01 -1.51706383e-01  1.02531845e-02  7.53145516e-02
 -9.51023325e-02 -1.49229005e-01 -2.95441628e-01 -1.48666557e-02
  4.45107311e-01  4.69262898e-02 -1.92901805e-01  9.56308097e-02
 -1.19109765e-01 -2.62884386e-02 -2.95492876e-02  1.46204516e-01
 -4.85839956e-02  5.29678725e-02 -1.11756459e-01  2.81661358e-02
  1.57678068e-01  1.82890631e-02 -3.22510041e-02  2.50509977e-01
 -4.20488417e-02  1.45547083e-02  8.25212151e-02 -1.78958178e-02
 -8.45031738e-02 -1.08403273e-01 -1.56155348e-01 -5.95715530e-02
  2.24122480e-02 -7.22774565e-02 -1.02122054e-01  5.13849184e-02
 -1.59321070e-01  5.47566861e-02 -1.98696684e-02 -9.24442708e-02
 -2.08926257e-02  6.77533597e-02 -8.35165977e-02 -1.11157127e-01
  1.21092886e-01 -2.04209432e-01  1.28274143e-01  1.47438660e-01
  1.67703014e-02  1.99277580e-01  1.01186931e-02  8.76681581e-02
 -5.10684624e-02 -6.63191602e-02 -1.42518654e-01 -6.63108677e-02
  1.02264553e-01 -5.16817458e-02  1.04970612e-01 -2.95032654e-03]