[-1.04336083e-01 -3.59279774e-02  4.67594247e-04 -7.76958317e-02
 -1.38478383e-01  8.66893530e-02  1.62386894e-03 -7.79380724e-02
  1.66292816e-01 -7.88157955e-02  2.06285283e-01 -5.13446294e-02
 -2.16415554e-01  5.67387510e-03 -1.35741830e-01  1.34982795e-01
 -1.39115065e-01 -1.54960275e-01 -3.56502831e-04 -5.68690076e-02
  2.50351219e-03 -1.84808820e-02 -1.94149483e-02  1.43825322e-01
 -9.17168260e-02 -3.38706881e-01 -7.59265944e-02 -6.45205975e-02
  4.76599000e-02 -8.47226083e-02  5.88435605e-02  2.09336698e-01
 -2.02397466e-01 -3.50788236e-04  2.31221113e-02  8.90157670e-02
 -1.16481327e-01 -9.82518494e-02  2.60865569e-01  4.83963750e-02
 -1.56210423e-01 -3.85021679e-02  1.16166398e-01  3.41393322e-01
  1.62132069e-01  3.14633958e-02  2.06941385e-02 -8.30608010e-02
  1.16027221e-01 -3.12769264e-01  7.48661719e-03  2.57423550e-01
  9.04891863e-02  8.69014561e-02  9.71277058e-03 -1.25430137e-01
  5.62407002e-02  5.32708913e-02 -2.09934801e-01  8.48569721e-02
  7.57031888e-03 -8.10878202e-02  1.23655926e-02 -1.54176086e-01
  2.19944239e-01  9.50108767e-02 -7.62038976e-02 -1.44620374e-01
  2.76737064e-01 -1.71036929e-01 -3.30802128e-02  1.23654395e-01
 -1.28834054e-01 -2.42585868e-01 -1.58577740e-01  1.15988879e-02
  3.93926919e-01  2.03708932e-01 -3.36109251e-02  1.24738805e-01
 -1.15064718e-01 -1.14652380e-01 -2.46654190e-02  1.29015729e-01
  2.68267393e-02 -8.36877972e-02 -1.03256842e-02  4.53925133e-02
  2.12091088e-01 -3.43772098e-02  3.36117670e-02  2.26643324e-01
  4.40003201e-02 -7.62462318e-02  1.91456433e-02  5.85975237e-02
 -1.09099753e-01  9.52389017e-02 -1.36978164e-01 -1.05056446e-03
 -1.02231666e-01 -4.55020480e-02  1.08447015e-01  5.08952290e-02
 -2.03665048e-01  2.05361858e-01 -1.35378912e-02 -4.19966280e-02
  3.07861082e-02 -3.51461135e-02 -8.08171332e-02 -3.27966958e-02
  1.55336767e-01 -3.41027051e-01  1.70991898e-01  1.05002388e-01
  9.02332589e-02  1.76787138e-01  3.18259560e-02  1.56841055e-01
  2.74095498e-02 -1.11253478e-01 -1.58219382e-01 -5.37462123e-02
  1.07015744e-02 -5.96779063e-02 -6.47172555e-02  3.92678343e-02]