[-0.14250581  0.04644774  0.03755547 -0.14325319 -0.09378894  0.02105154
 -0.02653241 -0.11337095  0.15774323 -0.14099029  0.18515474 -0.02239847
 -0.2228266  -0.05300061  0.01261869  0.14773481 -0.11104102 -0.13868868
 -0.08009461 -0.04058535 -0.00596012  0.06352645  0.01989045  0.02434251
 -0.11176594 -0.33383483 -0.03363409 -0.06599987  0.00974838 -0.10145631
 -0.06121209  0.1022682  -0.10111588  0.04085972  0.05904917  0.11849733
 -0.09004971 -0.06823183  0.29716298  0.04723638 -0.20268869 -0.0394133
  0.00301246  0.27510774  0.29604563 -0.04238686  0.03779715 -0.13949668
  0.18976662 -0.35293159  0.08386477  0.1286146   0.03720146  0.05767118
  0.05320366 -0.16240816 -0.07203889  0.15426192 -0.18714897  0.01905632
 -0.00204449 -0.17137069 -0.09651971 -0.10350674  0.26396316  0.15014416
 -0.17081229 -0.15177104  0.23361745 -0.12272301 -0.06934752  0.05547005
 -0.12716714 -0.16825491 -0.25140095  0.04044846  0.26965243  0.13374072
 -0.17952442  0.03409307 -0.12866189 -0.0400159   0.00527632  0.13786761
 -0.01045971 -0.06997097 -0.01205214  0.00460319  0.23023275 -0.08601463
  0.003656    0.25714651  0.02563882  0.04036526 -0.01423401  0.07069074
 -0.10923304 -0.03717205 -0.14923428 -0.07532762  0.03952004 -0.03709909
  0.07791757  0.22077133 -0.27353522  0.24838626 -0.05834438 -0.02446125
  0.06101309 -0.14625466  0.04205727 -0.02912537  0.12365305 -0.26586479
  0.14701997  0.16527432  0.09755684  0.19093768  0.03981396  0.01485548
  0.05643103 -0.01509052 -0.22645006  0.00422606  0.06457092  0.0709388
 -0.04817734  0.07455365]