[-5.03242835e-02  1.04304828e-01  4.17332500e-02 -5.41733950e-02
 -1.20151505e-01 -1.19922608e-02 -6.18928671e-03 -1.17141448e-01
  1.45339534e-01 -1.29054904e-01  1.63356066e-01 -8.15001801e-02
 -2.58390069e-01  1.20276786e-01 -8.03665444e-02  1.58046305e-01
 -2.01299384e-01 -7.78356642e-02 -8.74391943e-02 -7.18315039e-03
 -2.69351900e-02 -8.74865055e-03  4.25062142e-02  1.74700007e-01
 -5.92095852e-02 -2.71374911e-01 -9.36491489e-02 -4.97195013e-02
  6.23669550e-02 -1.20913133e-01 -1.89353488e-02  4.93669845e-02
 -9.05788392e-02  3.40262279e-02  7.30500463e-03  3.94246541e-03
 -1.19300283e-01 -1.56620845e-01  2.96195745e-01  3.41506377e-02
 -2.31401190e-01  1.76997297e-03  6.76149800e-02  2.70341069e-01
  1.96979970e-01  5.42596020e-02  7.19361007e-03 -9.03587490e-02
  1.51098773e-01 -3.33707929e-01  2.68436540e-02  1.32972315e-01
  1.07192419e-01  7.71331042e-03  1.80616807e-02 -1.72565162e-01
 -1.24733970e-02  1.16550408e-01 -1.94691226e-01  8.45662281e-02
  6.80331588e-02 -1.17087290e-01  9.14921332e-03 -4.61240411e-02
  1.96544126e-01  1.42602012e-01 -1.51032776e-01 -7.80282617e-02
  1.86562642e-01 -2.56698430e-01 -4.29492258e-02  6.96885064e-02
 -2.40096580e-02 -2.28157252e-01 -2.12173969e-01  4.01375256e-03
  3.53694588e-01  2.09222034e-01 -8.32844377e-02 -8.33658129e-03
 -2.78689247e-02 -6.94701150e-02 -6.69262558e-03  1.86359406e-01
 -1.54854938e-01 -7.61487633e-02 -7.65466467e-02  2.37950124e-04
  2.16935188e-01 -4.26690169e-02  1.39828911e-02  2.88655937e-01
  4.88623455e-02 -2.38683950e-02 -1.97664518e-02  3.73635478e-02
 -1.64730072e-01 -2.85495836e-02 -1.36432379e-01 -6.00699615e-03
  5.64098405e-03 -3.76994312e-02  1.72493085e-02  1.26013979e-01
 -2.29554832e-01  1.56123489e-01 -7.65425488e-02 -1.24214694e-01
  3.16490196e-02 -6.05848711e-03 -1.26900911e-01 -6.33955449e-02
  1.72061801e-01 -2.30203480e-01  5.73962852e-02  1.69293761e-01
  9.29863453e-02  1.10397302e-01  9.99196842e-02  6.21572696e-02
  8.14806372e-02 -3.48308459e-02 -1.48978531e-01 -7.72524625e-02
  1.17405824e-01 -7.28056431e-02  3.20883766e-02 -1.36657711e-02]