[-0.04315887  0.07285267  0.18140617 -0.08544248 -0.13117933 -0.014562
 -0.04093896 -0.08896741  0.22917525 -0.17012303  0.17432563 -0.03095784
 -0.29937676  0.04227784  0.07988273  0.22470929 -0.04206629 -0.15525854
 -0.11533982 -0.09825248 -0.04223198  0.12755147  0.04304905 -0.01535423
 -0.09556937 -0.26954705 -0.06564415 -0.03931532 -0.04166756 -0.08363465
  0.00132234  0.10945979 -0.14297108 -0.01399275  0.09894536  0.09631369
 -0.08814804 -0.10338256  0.19475058 -0.00926531 -0.25842893 -0.06322657
  0.09002806  0.15461159  0.25224406 -0.01414143  0.00938853 -0.15751672
  0.14219691 -0.32437372  0.05364238  0.0873355   0.02972179  0.09478207
  0.10136044 -0.23507206 -0.0063951   0.13917388 -0.17088424  0.00560433
  0.12059771 -0.09691115 -0.06940669 -0.08464645  0.25674558  0.11933183
 -0.17617096 -0.18915609  0.1503707  -0.15190667 -0.07956905  0.12375086
 -0.14351456 -0.10810101 -0.28932443 -0.0423969   0.43148851  0.03145957
 -0.14992978  0.02056298 -0.08713925 -0.00466514 -0.06021392  0.10783853
 -0.02265873 -0.0780415  -0.00480118 -0.02486702  0.24919687 -0.06673851
  0.00424881  0.22909768 -0.0192265   0.0749156  -0.04288658  0.0594207
 -0.08795784 -0.0498758  -0.14962636 -0.06045069 -0.09670748 -0.067091
  0.0069901   0.15386687 -0.25708389  0.25156531 -0.01787807  0.02004038
  0.0168548   0.02468695 -0.04984047 -0.00339041  0.17085676 -0.27799177
  0.15841505  0.13980775  0.03279487  0.126197    0.04482929  0.14224528
  0.01194812  0.01008272 -0.20389405 -0.05441032  0.02300035 -0.02384654
 -0.00591435  0.10792117]