[-2.08828196e-01  7.20975250e-02  7.54950941e-02 -7.81912059e-02
 -9.19665843e-02 -3.35410349e-02 -2.22496986e-02 -7.19740689e-02
  1.50830880e-01 -1.28006607e-01  2.74154037e-01  1.87298916e-02
 -1.27985716e-01  2.91913636e-02  4.83206287e-02  7.69340470e-02
 -2.08994195e-01 -1.11328118e-01 -2.22243909e-02 -9.12706256e-02
 -4.75981459e-03  4.40311208e-02 -2.73953769e-02  9.10470188e-02
 -1.78298250e-01 -3.21162581e-01 -9.54557359e-02 -7.67173022e-02
  1.04349792e-01 -9.36514810e-02  3.11922692e-02  5.28230667e-02
 -1.19241089e-01  2.82731317e-02  5.97808547e-02  1.18325703e-01
 -7.40983933e-02  1.54550187e-03  2.25200877e-01  3.66599299e-04
 -1.89079151e-01 -5.27088903e-02  8.77128243e-02  2.99483985e-01
  1.94540262e-01  3.45808975e-02  1.32691832e-02 -9.13768485e-02
  1.33857578e-01 -2.33595923e-01  4.21754867e-02  1.93366706e-01
  4.41693217e-02  1.11511551e-01  1.85286254e-02 -1.15900472e-01
  4.51613851e-02  9.77843106e-02 -1.56234458e-01  1.14422426e-01
  1.07498981e-01 -1.19247139e-01  1.58443712e-02  3.54492627e-02
  1.87127277e-01  9.00432616e-02 -1.37379378e-01 -1.76260322e-01
  4.02816460e-02 -2.27890387e-01 -1.13634080e-01  1.40166044e-01
 -1.06940687e-01 -2.26463124e-01 -2.33363196e-01  2.41970960e-02
  4.12132204e-01  1.59095302e-01 -1.00459680e-01  4.81291823e-02
 -2.74957661e-02 -1.23664647e-01  1.29835516e-01  1.61918327e-01
 -1.18875116e-01 -3.65385674e-02 -8.51991698e-02  7.88667202e-02
  2.72556007e-01  5.04245982e-02  5.37979370e-03  2.08215579e-01
  5.23363519e-03  8.56644660e-02  2.14553028e-02  1.08771056e-01
 -1.33502245e-01 -1.32078957e-02 -8.12304094e-02 -7.69350305e-02
  2.36283913e-02 -2.03254074e-02  3.00940387e-02  1.24279857e-01
 -2.17067868e-01  2.90074229e-01 -3.04940455e-02  1.71384253e-02
 -3.76393273e-03  1.86098889e-02 -3.94810438e-02 -1.79431215e-02
  1.37926653e-01 -1.94196373e-01  1.66842684e-01  1.94580153e-01
  6.80762157e-02  1.45667046e-01  1.11043587e-01  1.13269631e-02
 -3.49752977e-03  1.19074900e-03 -1.30200699e-01  8.38885922e-03
 -1.29937241e-02 -8.06617960e-02  1.01654828e-01 -4.42437045e-02]