[-0.11499953  0.04229067  0.02317319 -0.15193351 -0.11278155 -0.04577704
 -0.11083355 -0.10967368  0.15263382 -0.16442157  0.13084435 -0.04724502
 -0.13266213 -0.04998821 -0.09979919  0.16316734 -0.11338519 -0.17372178
 -0.08488955  0.02021774  0.06149521 -0.02864208  0.04723151  0.12255568
 -0.14471036 -0.36808193 -0.02663267 -0.03890442 -0.04642179 -0.0416831
  0.02388364  0.09920118 -0.25837466 -0.00445844 -0.0333764   0.12762628
 -0.00599302 -0.06155813  0.20804206  0.05135364 -0.31719851 -0.03565139
  0.0253897   0.26665455  0.17999157 -0.00889208  0.0875348  -0.10399136
  0.14479187 -0.23593672  0.03871922  0.16975759  0.01976592  0.02179041
  0.00803473 -0.10441525  0.05833341  0.10573099 -0.11719946  0.00443756
  0.0459688   0.00827274 -0.04459876 -0.13227461  0.24250558  0.11965889
 -0.14309067 -0.1227539   0.17877148 -0.10649826 -0.05420113  0.03669137
 -0.17752683 -0.19803278 -0.30254772 -0.01118764  0.37681341  0.15396056
 -0.1435405   0.06462234 -0.08849934 -0.00340978  0.04627351  0.19477472
 -0.00506674  0.1031919   0.03116137  0.11224274  0.21845704 -0.02475469
 -0.04606653  0.20339055  0.02783407  0.01772456 -0.0444753   0.04421157
 -0.08927028  0.08767106 -0.16822298  0.05933553  0.04960969  0.06873243
  0.04388347  0.12828945 -0.1711753   0.17860147  0.01025749  0.00589575
  0.03426301  0.06547599 -0.10421927 -0.1154637   0.07755988 -0.14358957
  0.17980556  0.18400303  0.11200556  0.11425141  0.16405155  0.05749651
  0.09300468  0.02098569 -0.18192889 -0.02115824  0.10215946 -0.0265344
  0.06200977  0.0352305 ]