[-0.12386996  0.02717779  0.07131189 -0.09481393 -0.12942185 -0.02010404
 -0.0395711   0.04195071  0.14669813 -0.07642358  0.25715077  0.02302335
 -0.18718576 -0.00299913  0.00168233  0.140811   -0.06016319 -0.07873844
 -0.06892081 -0.09787136  0.04625243  0.10760964 -0.05119009  0.05203369
 -0.16294505 -0.3210921  -0.07112419 -0.07978871  0.00622637 -0.13540667
  0.01469298  0.11111993 -0.12831053 -0.10307981  0.09482316  0.15815267
 -0.01295996 -0.02009587  0.17573762  0.06647348 -0.1287062   0.16034953
  0.03133683  0.37861803  0.09900531  0.06227557  0.07619738 -0.06616843
  0.17083201 -0.26641053  0.08219945  0.08035751  0.12765068  0.02162776
  0.07157228 -0.10858288  0.01898162  0.11603606 -0.21488775  0.08238097
  0.07325342 -0.0362433  -0.04082243 -0.11982246  0.23997681  0.05224854
 -0.16954637 -0.07410817  0.10294526 -0.06925357 -0.07771911  0.05291183
 -0.16656481 -0.10781328 -0.28897348  0.13218492  0.42715678  0.10474505
 -0.20298724  0.05461552 -0.08584585  0.03482621 -0.0177595   0.03257914
 -0.07413112 -0.00940674 -0.04485524  0.06877974  0.22952302  0.01266588
 -0.03402379  0.18338543  0.07512836  0.07880658  0.03319234  0.04778145
 -0.13752206 -0.13591757 -0.12995532 -0.0435858   0.01420952 -0.06942189
  0.00751146  0.13960576 -0.25789091  0.24802859 -0.04300864 -0.0337799
 -0.00254291  0.12751321 -0.10382837 -0.01275069  0.12653388 -0.24010614
  0.15396878  0.17474644  0.08693027  0.12331885  0.10767974 -0.00573494
 -0.0429379   0.0508106  -0.14232305 -0.12814899  0.07872594 -0.00673669
  0.09808385  0.03803123]