[-1.60851657e-01  1.10105708e-01  4.29978035e-02 -8.31452385e-02
 -3.15194950e-02  2.11239830e-02 -2.89993361e-02 -5.74889407e-02
  1.70156524e-01 -2.72811092e-02  2.74486125e-01  4.58049700e-02
 -2.16987848e-01 -1.48343056e-01 -4.64723110e-02  6.38141185e-02
 -2.15248883e-01 -1.43428609e-01  2.17474103e-02 -2.91042868e-02
  3.36134583e-02 -1.48868253e-02  2.01050453e-02  3.52545753e-02
 -1.29082203e-01 -3.28316897e-01 -1.81261413e-02 -1.03425480e-01
  1.13063119e-01 -9.52082723e-02  1.88465230e-03  4.39307950e-02
 -2.37288907e-01 -6.00384474e-02 -5.44314608e-02  1.21399060e-01
 -1.67842954e-02  6.06763829e-03  2.07276329e-01  7.76479319e-02
 -1.31229252e-01 -6.74663559e-02 -3.04468516e-02  3.33031267e-01
  1.88811973e-01  1.13067320e-02  5.84864430e-03 -3.81921120e-02
  1.06668705e-02 -2.80500740e-01  7.67410696e-02  1.68226689e-01
  1.11814566e-01  1.90171935e-02  4.11170721e-02 -1.79551259e-01
 -3.74990925e-02  6.68461025e-02 -1.77063763e-01  6.62827045e-02
 -3.58709246e-02 -1.04873180e-02  3.76251061e-03 -5.62929399e-02
  2.75097221e-01  7.34627545e-02 -1.12314045e-01 -1.01093769e-01
  1.70708999e-01 -1.06058337e-01 -5.87673858e-02  1.12136766e-01
 -6.21632412e-02 -1.52219787e-01 -3.05877864e-01  8.70796815e-02
  3.33392799e-01  1.22687377e-01 -1.56328157e-01  3.57186347e-02
 -1.42058447e-01 -1.23488300e-01  9.46709141e-03  5.90665266e-02
 -1.16976522e-01  8.80380571e-02 -8.57632011e-02  2.32028514e-02
  1.46236151e-01  5.19420765e-02 -4.90077958e-02  2.16256544e-01
 -1.24762263e-02  2.41947435e-02  6.26313686e-02  3.70048918e-02
 -5.75552061e-02  7.79635040e-03 -1.66308805e-01 -8.47312808e-02
  6.13747872e-02 -1.10898644e-01  2.46598199e-02  1.64702639e-01
 -2.19288170e-01  7.36477748e-02  2.42942665e-02 -6.55349940e-02
  2.88852789e-02 -1.35356430e-02 -9.86594036e-02 -7.32219964e-02
  1.80955708e-01 -2.92140514e-01  1.94033504e-01  2.09928453e-01
  9.85056609e-02  1.35288477e-01  1.25536978e-01 -8.79173353e-03
  3.27265821e-04 -3.52202617e-02 -9.94235799e-02 -8.33576452e-03
  6.05344120e-03 -7.07097873e-02  5.46800196e-02  4.69958857e-02]