[-3.02572101e-02  8.62625241e-02 -6.04992360e-02 -1.12855151e-01
 -9.50538889e-02  5.97705506e-03 -7.95518085e-02 -7.31864423e-02
  2.28743210e-01 -1.22625642e-01  2.08711416e-01 -1.84589885e-02
 -1.97498143e-01 -8.73052701e-03 -3.86847295e-02  1.47751674e-01
 -2.23565742e-01 -1.46015793e-01 -4.86246217e-03  1.12225395e-03
  1.09808162e-01  4.32529859e-02  7.95182362e-02  1.05182394e-01
 -1.31783217e-01 -3.51471424e-01 -1.04993939e-01 -5.59240319e-02
  3.46014127e-02 -1.44859180e-01  8.98993853e-03  8.40717182e-02
 -1.78328514e-01  2.70902514e-02  6.77378103e-03  6.61966056e-02
 -1.11750975e-01 -1.21045209e-01  2.73187190e-01  1.11775428e-01
 -2.27669209e-01 -1.07873462e-01  5.50763868e-03  3.55129778e-01
  2.77237356e-01  1.77338943e-02  1.24891801e-02 -3.89674827e-02
  6.72091171e-02 -3.53784978e-01  6.83794692e-02  2.08478123e-01
  8.48149415e-03  7.47844502e-02  6.40609721e-03 -8.72719139e-02
 -1.84732713e-02  1.05286710e-01 -2.51807630e-01  3.45092155e-02
  4.57979999e-02 -1.28875777e-01 -4.24570292e-02 -1.13940217e-01
  2.94923395e-01  1.63947061e-01 -1.52221918e-01 -2.11161926e-01
  1.61639288e-01 -2.27604061e-01 -1.41036496e-01  1.01331219e-01
 -1.34554267e-01 -2.45377332e-01 -3.04508239e-01 -5.23550734e-02
  2.78594255e-01  1.54255316e-01 -6.03591315e-02  1.01990230e-01
 -6.81253523e-02 -7.03391209e-02  7.60861952e-03  1.66126996e-01
  4.43517603e-02  4.25845087e-02 -7.15128705e-02  5.96631728e-02
  2.30576143e-01 -1.22163042e-01 -8.53239968e-02  2.95832306e-01
 -5.30815683e-02 -3.55519764e-02  7.96018913e-03  1.15468085e-01
 -4.83291820e-02  3.03889774e-02 -1.42801791e-01 -2.69289501e-02
  4.03283872e-02 -1.13789001e-02  1.59131363e-04  1.39911145e-01
 -1.89846605e-01  1.84684902e-01 -4.56042998e-02 -3.80456857e-02
  4.45719529e-03 -1.28663182e-01 -1.62289351e-01 -8.32324103e-02
  1.70908794e-01 -3.25093389e-01  1.75912529e-01  1.82390630e-01
  9.48362723e-02  1.53199226e-01  3.72276157e-02  6.84423223e-02
  3.44387218e-02 -8.26677978e-02 -2.07445785e-01 -2.80012731e-02
  9.48531926e-03  5.79594523e-02  1.07114576e-03  3.08473408e-02]