[-1.43075343e-02  1.14677861e-01  4.57306812e-03  1.99857466e-02
 -1.31628543e-01  1.73292290e-02  1.45790279e-02 -1.03526630e-01
  1.14258371e-01 -1.26649290e-01  1.47793397e-01 -5.35945557e-02
 -2.49404132e-01  6.78740721e-03  7.21369032e-03  1.55940473e-01
 -1.78359762e-01 -7.22828880e-02 -2.09705830e-01 -8.44836384e-02
 -2.95978393e-02  6.26650602e-02  2.54713055e-02  2.60909591e-02
 -1.17848419e-01 -3.24204654e-01 -7.52170086e-02 -9.91648510e-02
  4.61602286e-02 -9.72380638e-02  2.00372897e-02  8.63060504e-02
 -3.62962633e-02  5.16867638e-02  1.22458693e-02  2.97455005e-02
 -7.78194517e-02 -1.32958516e-01  2.27648050e-01  4.87583503e-02
 -1.96401611e-01  1.33987609e-03 -3.52865458e-03  2.69206643e-01
  2.06776619e-01 -5.66516854e-02  5.89846596e-02 -8.44391882e-02
  1.08750306e-01 -2.76381254e-01  4.82137389e-02  1.31130472e-01
  3.54929194e-02  1.07996076e-01  5.71001619e-02 -1.17891498e-01
  4.66092303e-02  1.09042823e-01 -1.44584849e-01  2.48486660e-02
  1.21746063e-01 -1.30938008e-01 -8.76404643e-02  1.95710901e-02
  1.48355201e-01  1.69153973e-01 -1.11681089e-01 -9.72059965e-02
  1.11846186e-01 -2.21850261e-01 -7.53085464e-02  1.26971295e-02
 -1.11812726e-01 -1.48654208e-01 -2.66593605e-01  3.61140817e-02
  4.61886466e-01  1.62736371e-01 -1.82885885e-01 -1.01222612e-01
  1.56975351e-04 -1.56103726e-03  1.71421513e-01  1.72684565e-01
 -1.44338086e-01 -1.37895674e-01 -8.21318701e-02  1.09036431e-01
  1.82859853e-01 -5.11264913e-02 -5.81651591e-02  2.25661263e-01
  6.66178167e-02 -1.91071890e-02  2.94769220e-02  4.75239307e-02
 -4.76985797e-02 -2.96687968e-02 -2.96154153e-02  3.48667130e-02
  1.62349656e-01 -1.17679879e-01 -1.82995629e-02  1.15630254e-01
 -1.38206735e-01  2.09150374e-01 -1.72339398e-02 -2.61721350e-02
  1.12061031e-01 -4.68401350e-02 -7.59596825e-02  2.53814366e-03
  2.12040931e-01 -1.49587944e-01  1.15909360e-01  1.84624732e-01
 -2.01294459e-02  1.11617342e-01  4.08788212e-02  1.32870659e-01
 -3.03461812e-02 -2.54186410e-02 -1.91098243e-01 -5.61551265e-02
  3.73571068e-02  2.92066224e-02 -3.21184509e-02 -3.19387913e-02]