[-0.05610231  0.11395413 -0.00294889 -0.10183774 -0.12667486  0.00240174
 -0.05159994 -0.11879015  0.25266123 -0.18313433  0.17336217 -0.00159621
 -0.1982507   0.12654957 -0.07724267  0.18101378 -0.22154146 -0.17542548
 -0.07061091 -0.15822369  0.02610362  0.07963767  0.00081528  0.16473156
 -0.15418765 -0.30020589 -0.10523985 -0.12034784  0.03334018 -0.08592954
  0.01751603  0.10273545 -0.13752122  0.11039935  0.0480124   0.06619535
 -0.08607467 -0.05893288  0.20303999  0.05493258 -0.17357495  0.04517632
  0.08578534  0.26465568  0.18388736 -0.0266604   0.0553875  -0.11415592
  0.13024987 -0.23935725  0.06833064  0.22289473  0.06322422  0.11800474
  0.1137197  -0.10829891 -0.02080221  0.11297403 -0.15910487  0.10909991
  0.11737701 -0.04541494 -0.0524995  -0.08582801  0.19790083  0.16949889
 -0.14449528 -0.16795945  0.1779539  -0.24502881 -0.13045985  0.10143094
 -0.1297527  -0.20294611 -0.15636021  0.01142044  0.43788183  0.21141697
 -0.07673717  0.09231606 -0.00949254 -0.08745758  0.02110052  0.13999034
 -0.077351   -0.03415976 -0.03223146  0.13640296  0.23753701  0.00572935
 -0.01057984  0.25603625 -0.00734009  0.02477913 -0.0206074   0.0598843
 -0.13107249 -0.04541385 -0.12391053 -0.04491736 -0.10601369  0.02151594
 -0.06257167  0.04340227 -0.11386294  0.21488371 -0.05214969 -0.05027359
 -0.11093032  0.10424624 -0.10163435 -0.00522426  0.15249911 -0.23247015
  0.18121669  0.10406792  0.05822929  0.11136828  0.00444524  0.07481949
  0.02944317 -0.09902248 -0.16818416 -0.07700741  0.04904663 -0.06631013
  0.01623377 -0.00810212]