[-0.03080965  0.04977705  0.01410559 -0.09968637 -0.07832202 -0.07329474
 -0.04156902 -0.08258968  0.20050354 -0.10054778  0.1650411  -0.09741496
 -0.25065932  0.01933031 -0.16916402  0.14857979 -0.12588662 -0.1221187
 -0.12865469 -0.12278014  0.11362663  0.12497164 -0.01528023  0.06591475
 -0.14281392 -0.2616623  -0.05546793 -0.07668395 -0.00129143 -0.15040158
  0.13699931  0.15211345 -0.14257449 -0.00754948  0.02576824  0.07954836
 -0.00869057 -0.0976119   0.21511735  0.03511472 -0.20732944 -0.02683236
  0.14076906  0.37953132  0.16356358 -0.024152    0.01753085 -0.09425911
  0.08503257 -0.28943855 -0.0673703   0.17490986  0.05735615  0.08508791
  0.07418084 -0.1501001   0.04651744  0.11555514 -0.24467735  0.05335836
  0.06915681 -0.12091578 -0.06348211 -0.10302512  0.20878108 -0.01232347
 -0.17664032 -0.10265308  0.15582286 -0.197946   -0.01851744  0.14716524
 -0.14260423 -0.19523059 -0.28048891 -0.01941943  0.39702052  0.13466525
 -0.06512536  0.11719855 -0.06141875 -0.03175347 -0.02320945  0.12940325
  0.02659041  0.0229412  -0.0596514   0.15451936  0.1691868  -0.10343287
  0.01040106  0.21386112  0.01650683 -0.07251932 -0.09897745  0.0647645
 -0.17445314  0.01685189 -0.10533912  0.02728373  0.0181901   0.0234707
  0.05376989  0.0733057  -0.13173716  0.17140347  0.01173264 -0.10644609
 -0.04737247 -0.05908701 -0.04102766 -0.03336941  0.19043528 -0.2437003
  0.11833376  0.16570686  0.09237579  0.13954884  0.0146728   0.05470898
  0.0195135  -0.04091205 -0.16222343 -0.0524782  -0.02252451 -0.03825406
  0.01400865 -0.01978356]