[-0.1683442   0.07753602  0.07018176 -0.07280266 -0.10046121 -0.08070096
 -0.00339419 -0.12709697  0.137578   -0.13563989  0.25269023 -0.08324624
 -0.22813161 -0.10895959 -0.0716286   0.18444797 -0.21213193 -0.13422069
 -0.0301332  -0.03185382  0.08620554  0.01432254 -0.01437035  0.01615684
 -0.06220461 -0.38777438 -0.07471106 -0.10617374 -0.07218233 -0.08084529
  0.03099744  0.07108449 -0.19817197 -0.0355899  -0.03153401  0.07192266
 -0.05358109 -0.01209782  0.13777041  0.01058038 -0.16328682 -0.1200219
  0.05305606  0.24338371  0.13273557  0.05805685  0.01079781 -0.10373555
  0.04737874 -0.21126193 -0.04804027  0.14804173  0.02735476  0.05397018
 -0.01268307 -0.09637327  0.02864218  0.01519037 -0.19394793  0.03523492
  0.09611033 -0.13779089 -0.13917932 -0.06239837  0.27441844  0.09970048
 -0.10746651 -0.12377941  0.18070704 -0.17576447 -0.11006247  0.00596498
 -0.13215831 -0.21952204 -0.2638565  -0.02379834  0.35810247  0.1145713
 -0.14050704  0.02596418 -0.07808942  0.0066543   0.12517944  0.13143329
 -0.0133067   0.10217759 -0.0929235   0.0569075   0.16132791 -0.08688116
 -0.04091745  0.21503881 -0.02838079  0.05590573  0.04051796 -0.04118591
 -0.00478496  0.02282111 -0.16438533 -0.03379846  0.07478746 -0.04747503
 -0.00920354  0.05300621 -0.07109743  0.09896757  0.00957979  0.00605611
 -0.02722803 -0.05520258 -0.12946028 -0.09055652  0.14570333 -0.1407344
  0.21260062  0.19527322  0.03286489  0.15448703  0.10401434  0.08668248
 -0.03166755 -0.06157086 -0.17607178 -0.01615113  0.08508573  0.01682307
  0.08757777 -0.0360957 ]