[-0.09329855 -0.03873128  0.07196851 -0.12993754 -0.10238525 -0.02238498
  0.08932092 -0.00081928  0.20705013 -0.13551787  0.23630784 -0.04589524
 -0.18466143 -0.01801727  0.00795143  0.10301121 -0.12500295 -0.12274815
 -0.04807183 -0.11423158  0.04184686  0.0013332  -0.08281056  0.11645962
 -0.16073114 -0.25399542 -0.11137497 -0.06764342  0.03389897 -0.13405898
  0.01939473  0.15824868 -0.17136247 -0.08788921  0.05057476  0.07132481
 -0.06237878 -0.09003536  0.18721329  0.03183426 -0.06875657  0.08629553
  0.06826877  0.30404383  0.09108901  0.0957419   0.00715032 -0.0268218
  0.22154148 -0.3023968  -0.01329964  0.07821853  0.10010118  0.04591897
  0.11685531 -0.16955233  0.0373375   0.10206968 -0.2462728   0.218968
 -0.03175494 -0.13965355 -0.02153768 -0.10855262  0.21317792  0.11024877
 -0.09166615 -0.149599    0.23993264 -0.12286203 -0.07416376  0.12180825
 -0.09804483 -0.15571773 -0.15226133  0.0753886   0.37279993  0.17787261
 -0.12597489  0.06161259 -0.03238254 -0.02171608 -0.0045925   0.05481139
 -0.09062789 -0.02088657 -0.07147708  0.05043609  0.25775772  0.04491473
 -0.03954701  0.27762768  0.00489128  0.06803562  0.00828083 -0.07135762
 -0.13446644 -0.00383254 -0.14953612 -0.03750533  0.07618757 -0.09106399
  0.03556301  0.11218578 -0.18862814  0.1680916  -0.10564367 -0.01806973
 -0.09415504  0.06013311 -0.15073198  0.10802432  0.109804   -0.3158198
  0.21792446  0.15026392  0.10832115  0.08668303  0.05745922 -0.05452868
  0.07198463 -0.04300894 -0.14834788 -0.10804407  0.10369191 -0.06912023
  0.08300132  0.02789368]