[-7.00451359e-02  7.21066147e-02  9.12732184e-02 -8.35451782e-02
 -1.73281774e-01 -5.20968176e-02  1.70752387e-02 -1.34456366e-01
  1.42338678e-01 -8.13619718e-02  1.60327733e-01 -9.75955278e-02
 -2.25329652e-01  1.14061132e-01 -5.98216280e-02  2.04238668e-01
 -1.28386572e-01 -2.05502659e-01 -6.13046065e-02 -3.93303782e-02
  3.80950570e-02  2.61504631e-02 -8.32794681e-02  1.65464103e-01
 -1.18195072e-01 -2.80917138e-01 -8.46234858e-02 -1.20491885e-01
 -8.00252706e-02 -2.34004874e-02  2.24947911e-02  1.35434747e-01
 -1.41643077e-01 -3.87185961e-02  5.70258982e-02  1.02797430e-02
 -2.99962536e-02 -1.50685966e-01  2.43572354e-01  8.36859941e-02
 -2.96035022e-01  2.49860231e-02  1.70004800e-01  3.24213088e-01
  1.91889286e-01 -2.77484972e-02  2.86074039e-02 -9.52262059e-02
  2.05570430e-01 -3.05632681e-01  7.39472918e-03  1.39319226e-01
  1.44042298e-01  7.83241242e-02  7.11445659e-02 -1.37188241e-01
  1.12687893e-01  1.01463065e-01 -2.56453335e-01  7.77054131e-02
  1.22580662e-01 -1.36836052e-01  1.87259801e-02 -1.57313317e-01
  2.72994608e-01  8.99164900e-02 -1.27309993e-01 -4.42346260e-02
  1.55721784e-01 -1.45419315e-01 -1.49226308e-01  4.38546464e-02
 -1.75027162e-01 -1.70030430e-01 -3.36658418e-01  3.49465571e-02
  4.72726047e-01  1.83832735e-01 -1.67310387e-01  8.11733752e-02
 -2.58880071e-02 -8.98301601e-03  1.68752056e-02  2.14921907e-01
 -4.49030846e-02 -2.67269816e-02 -2.95589156e-02  3.80446110e-03
  2.42744073e-01 -1.40221678e-02  3.79179418e-02  2.90900081e-01
 -6.74892217e-05 -2.43190229e-02  3.23811872e-03  7.07693845e-02
 -1.45956531e-01 -5.02934270e-02 -1.15060315e-01 -2.23979242e-02
 -5.47985248e-02 -2.06638016e-02  4.35574725e-02  1.52757883e-01
 -2.99743265e-01  1.25967294e-01 -7.66326487e-02 -3.61426435e-02
 -4.09652293e-02 -1.19896862e-03 -5.09948190e-03 -2.73062848e-02
  1.14693440e-01 -2.06136584e-01  5.88739812e-02  1.07741646e-01
  1.88337192e-02  7.81653076e-02  1.99646652e-02  4.12414633e-02
 -4.55793589e-02 -4.36336249e-02 -2.04495758e-01 -4.43547331e-02
  1.57951102e-01 -5.43424487e-02  3.45601402e-02  4.92254347e-02]