[-0.13702606 -0.01363763  0.01856609 -0.05317914 -0.12539934 -0.02291811
  0.06215676 -0.0668358   0.04392556 -0.06663045  0.23404038 -0.07861124
 -0.29146749 -0.07079803  0.05309172  0.07383184 -0.03074566 -0.10252
 -0.04605075 -0.00234735  0.07805771  0.00253493 -0.00724589  0.08667336
 -0.07469441 -0.29427499 -0.11556056  0.00984752 -0.0331774  -0.15338685
 -0.02875298  0.14452296 -0.15719587 -0.03240462  0.0038476   0.15612756
 -0.09764325 -0.06588437  0.22609089  0.03100384 -0.12361455 -0.09626468
 -0.01852069  0.31929031  0.1853933  -0.02132206 -0.01776883 -0.00844073
  0.04721382 -0.27394256  0.05430501  0.15940329  0.04212374  0.05085383
  0.05154162 -0.0580896   0.00425588  0.16227651 -0.208617    0.03109546
  0.01245423 -0.167501   -0.06150612 -0.17180513  0.20986542  0.08644062
 -0.11381961 -0.14510354  0.18271481 -0.14140038 -0.13952693  0.05417876
 -0.12963808 -0.22016743 -0.22850844  0.12841073  0.30848977  0.1665415
 -0.21899061  0.06600631  0.00384517 -0.11316824  0.10776336  0.09313362
  0.04274885  0.02980225 -0.11911692  0.05831051  0.16299962 -0.0410175
 -0.01620138  0.24488534  0.00313991  0.01778512  0.12688057  0.0251463
 -0.00182332  0.04418138 -0.19966845  0.00453283  0.07881118 -0.15918799
  0.00209967  0.11421595 -0.09738798  0.19470029 -0.01363    -0.01508106
 -0.04615385 -0.16417943 -0.16623168  0.00621512  0.12818447 -0.31726632
  0.13994387  0.11883709  0.02751165  0.1168667   0.05124419  0.09002903
  0.0582725  -0.04984887 -0.20910424 -0.034523    0.13795529  0.04011571
  0.01128684  0.03293638]