[-0.11088774  0.11561359  0.05829579 -0.09758291 -0.15627515 -0.00123532
 -0.02899588 -0.05394736  0.11121321 -0.16055228  0.13589349 -0.04605378
 -0.24972229 -0.07578144  0.06391788  0.25102282 -0.19337977 -0.18481869
 -0.16753817 -0.04036789 -0.03558667  0.11322317  0.03549884  0.05794739
 -0.08638951 -0.37363186  0.02191382 -0.04358226 -0.07077921 -0.10759001
  0.04384998  0.17491464 -0.12039278  0.04513211  0.05082168  0.18285279
 -0.09280156 -0.13141251  0.22128847  0.02700497 -0.3303695  -0.0699789
  0.10017185  0.29238272  0.26960111 -0.03433468  0.02764167 -0.0223609
  0.20141676 -0.36457554  0.04524433  0.07458918  0.01179577  0.0390955
  0.12556691 -0.20307085  0.03466497  0.07739799 -0.20305884 -0.09487896
  0.05911358 -0.18261364 -0.04175821 -0.12696704  0.25275794  0.12710999
 -0.1086057  -0.1744961   0.25737327 -0.18537432 -0.12189936  0.11640754
 -0.08316631 -0.11591122 -0.33219668 -0.04080365  0.38634938  0.13896827
 -0.09974097  0.03114379  0.02896413 -0.0664569  -0.0077795   0.23342748
 -0.03030736  0.01882989 -0.06466681  0.02131967  0.23750293 -0.01012218
 -0.0589645   0.23951018  0.07553881 -0.03562156  0.05045539 -0.0288813
 -0.03810655 -0.00625166 -0.18661807  0.00394269 -0.01759481 -0.11391742
 -0.03736557  0.13476402 -0.1851989   0.22956526 -0.04015074  0.00825201
 -0.03802714 -0.03773034 -0.06382083  0.0192672   0.12814553 -0.27137375
  0.09193923  0.15899889  0.0818753   0.16883884  0.06485244  0.10400396
  0.02514216 -0.05528989 -0.26590779 -0.10503168  0.08969009 -0.00308147
  0.02893486  0.13324468]