[-0.05262546  0.00757903  0.09194708 -0.0653155  -0.1227283   0.00218765
 -0.04236809 -0.03995792  0.0815773  -0.11045694  0.10100182 -0.09318404
 -0.27571437  0.06961988 -0.02210648  0.2491508  -0.16902459 -0.1724136
 -0.11254644 -0.01635147 -0.0450952   0.12372002 -0.02067682  0.09908424
 -0.12996599 -0.39867195 -0.0731515  -0.02999474 -0.07543439 -0.02674963
 -0.08448193  0.08442691 -0.13194099  0.00607246  0.08341482  0.07888713
 -0.06203214 -0.10613557  0.19408432  0.08231809 -0.25024229  0.02374215
  0.13110869  0.32427254  0.26511699  0.01814858  0.05848414 -0.03929635
  0.07563066 -0.36531621 -0.06036431  0.1656473   0.04818221  0.08831311
  0.02568003 -0.0901086   0.01218601  0.12325863 -0.20145755  0.06336389
  0.04322052 -0.1061994   0.05531681 -0.08699141  0.25232455  0.01345139
 -0.18708341 -0.11760101  0.12276457 -0.25357687 -0.09734115 -0.01693144
 -0.12360395 -0.20963795 -0.37445551 -0.06352586  0.36266226  0.1720787
 -0.15614131  0.11466163 -0.05314279 -0.03860226  0.04329579  0.17918944
  0.03750277  0.00170204 -0.0695997   0.04833182  0.27847281 -0.06311674
  0.0482511   0.25940058  0.03527869 -0.00557755  0.01666273  0.13270056
 -0.1008926  -0.04289075 -0.11750054  0.05983509 -0.07910258 -0.02063148
  0.07138671  0.13457933 -0.19704264  0.23074697 -0.06026912 -0.02627941
 -0.01248718  0.02439034 -0.07623357 -0.0784775   0.15184385 -0.26689234
  0.0392508   0.25270846 -0.01692957  0.1049764   0.00920355  0.05743004
 -0.04688164  0.02335297 -0.20441483 -0.08916075  0.01560393 -0.03859763
  0.0410953   0.0914802 ]