[-0.10211904  0.04439421  0.15331799 -0.06243592 -0.10907143 -0.05299233
  0.05088127 -0.13613877  0.09221601 -0.09598558  0.21079241 -0.10800324
 -0.21951267  0.01065411 -0.0325391   0.21194084 -0.09210097 -0.16725925
 -0.02039097 -0.01123575  0.0358628   0.05156254  0.00996343  0.15885778
 -0.07556841 -0.30724066 -0.07135087 -0.02409575  0.05054957 -0.02171331
 -0.04857652  0.07694513 -0.20881853 -0.0437928   0.04982906  0.13245454
 -0.06118912 -0.10239597  0.24714011  0.04263607 -0.29387563  0.04845445
  0.14112496  0.27369034  0.20048329 -0.02623876  0.01604952 -0.10838482
  0.10268926 -0.26647344  0.03650753  0.10938773  0.14299209  0.07242453
  0.03305487 -0.15480326  0.0022533   0.11131611 -0.25685269  0.06040569
  0.02983156 -0.09544901  0.06751639 -0.10693825  0.18878917  0.08731665
 -0.09576514 -0.14225785  0.16925859 -0.23424053 -0.06585672  0.14058204
 -0.08923507 -0.14048404 -0.320409    0.00303481  0.33125484  0.14011234
 -0.16513489  0.06883532 -0.01133772 -0.03194425  0.0416918   0.17754309
  0.02726866  0.04596173 -0.04917693 -0.01085622  0.19300735 -0.03706064
  0.01479307  0.2742683   0.03330749  0.00316048  0.05862998  0.10227805
 -0.11582574 -0.02574951 -0.17575452 -0.04917362 -0.10816991 -0.0227479
  0.0766208   0.11228687 -0.26147461  0.15644889 -0.06163742 -0.06065589
 -0.03009473  0.01954553 -0.02140347 -0.05054201  0.10098305 -0.27332523
  0.13109714  0.16209948 -0.04516614  0.09832735  0.03564782  0.06845328
 -0.00399298 -0.05264831 -0.09747557 -0.03247695  0.0850193  -0.08498237
  0.08792651  0.05018669]