[-4.89423238e-02  9.84153450e-02  1.64482743e-02 -6.56573996e-02
 -1.30971581e-01  4.73017767e-02  4.03319970e-02 -5.84008098e-02
  2.30227873e-01 -7.62769729e-02  1.81870893e-01 -3.34529914e-02
 -2.68956393e-01  1.01224817e-01 -6.13532253e-02  1.75442576e-01
 -1.88499495e-01 -1.32942468e-01 -1.67541765e-02  2.06254385e-02
  7.53626972e-02  2.55595241e-02  1.04916235e-02  1.51282609e-01
 -8.41476768e-02 -3.66945624e-01 -7.80997425e-02 -6.96729124e-02
 -2.99194492e-02 -1.26941875e-01  2.82086432e-04  1.59014478e-01
 -1.47889540e-01  3.90277207e-02 -3.66114154e-02  1.57880709e-02
 -1.13883428e-01 -1.18954130e-01  2.85571843e-01  1.01690233e-01
 -2.40928948e-01 -5.30290976e-02  4.31999043e-02  3.37434590e-01
  2.13013157e-01 -2.35356682e-04  2.65750475e-02 -3.59310582e-03
  8.95830095e-02 -4.15519416e-01  1.69861242e-02  1.94092080e-01
  1.87784596e-03  7.15001225e-02  2.57826410e-02 -1.15063012e-01
 -2.35333443e-02  4.50761281e-02 -1.83501571e-01  7.68658668e-02
  1.13783926e-01 -1.57985210e-01  1.75421536e-02 -1.54033020e-01
  2.58970320e-01  1.50401801e-01 -1.12434074e-01 -9.40649286e-02
  1.27074301e-01 -2.20280066e-01 -1.21877782e-01  4.57071811e-02
 -1.19865440e-01 -2.09786639e-01 -2.54917294e-01 -2.22468209e-02
  3.24878365e-01  2.04587489e-01 -2.82512531e-02  7.56201297e-02
 -9.23365653e-02 -3.69881541e-02  3.43480520e-02  1.36948451e-01
  1.83146466e-02  6.32567331e-04 -8.31744224e-02  8.28787833e-02
  2.51331419e-01 -5.07788509e-02  2.92112213e-03  3.34854126e-01
 -3.69953811e-02  1.50841018e-02 -3.82962637e-02  6.13150597e-02
 -4.07674126e-02  1.62449311e-02 -1.18410289e-01  7.04528987e-02
 -5.37798218e-02 -1.41293444e-02  3.67093980e-02  1.11576997e-01
 -2.23539859e-01  1.36328280e-01 -7.33008385e-02  2.19432805e-02
  3.80361080e-03 -6.59777299e-02 -1.54715106e-01  3.92987113e-03
  1.57343253e-01 -2.68860161e-01  1.35904655e-01  1.19455859e-01
  1.48833515e-02  7.60426074e-02  2.20414065e-02  4.76996079e-02
 -1.20440079e-02 -1.24780826e-01 -2.53940493e-01 -4.28017182e-03
  1.04952008e-01 -9.63207148e-03 -1.86104514e-02  4.24277782e-02]