[-0.13386241  0.11967515  0.07843832 -0.08155528 -0.17320296 -0.00412917
 -0.04459931 -0.0574185   0.15324649 -0.1935533   0.2043681  -0.03588752
 -0.18986407  0.05745933 -0.08905762  0.10798448 -0.1204166  -0.19068913
 -0.05763776 -0.07997812  0.00529657  0.10575824 -0.0445154   0.0290548
 -0.14440866 -0.31416699 -0.08958118 -0.06407043  0.06451766 -0.07010514
  0.02141142  0.04319219 -0.11408084  0.02225807 -0.00393564  0.02620337
 -0.05065261 -0.09578201  0.21918446  0.09351828 -0.18092033 -0.04636079
  0.02507797  0.36001435  0.1312855  -0.00230087  0.05601251 -0.10601424
  0.08701808 -0.19469202  0.10957631  0.14911211  0.09422022  0.05392655
  0.11089773 -0.0855796   0.04976264  0.14109343 -0.14736691  0.07114676
  0.0636325   0.00253168  0.03042744 -0.06328355  0.25424895  0.06245859
 -0.04203145 -0.11002266  0.19225681 -0.16243525 -0.14834042  0.07017487
 -0.10030554 -0.15686132 -0.20829828  0.04852356  0.47379592  0.23952769
 -0.13645867  0.08058809  0.00122729 -0.11865966  0.16252694  0.14097889
 -0.11678971 -0.02277067 -0.06074861  0.04285477  0.27725711  0.02081081
 -0.10346474  0.17126931  0.0703049  -0.04408218  0.07942289 -0.06295491
 -0.09269834 -0.00887889 -0.10342205 -0.08239544  0.00964662 -0.02528188
 -0.05838463  0.12755431 -0.15936133  0.17575558  0.01136557 -0.07075717
 -0.04172707  0.04401141 -0.0777369  -0.04595583  0.13983707 -0.18713006
  0.08581714  0.10085027  0.08312871  0.17774743  0.11015969  0.03529432
  0.04803474 -0.01689652 -0.11861929 -0.08489802  0.09502964 -0.02930454
  0.14310589  0.04626035]