[-0.10071068  0.08737908  0.06075334 -0.13732196 -0.15291266  0.04707681
 -0.00535917 -0.09423012  0.19047673 -0.07173979  0.26612765  0.05399781
 -0.28738761 -0.01681464  0.03027038  0.11918716 -0.25366646 -0.10949264
 -0.06710902 -0.04813994  0.0425551   0.03421733 -0.03982276  0.10866509
 -0.20048158 -0.29703084 -0.05089776 -0.06782028  0.03294118 -0.10177144
  0.07239469  0.02028508 -0.19352922  0.01248289  0.02347331  0.00801903
 -0.04489457 -0.14672051  0.21662666  0.01695741 -0.15747966  0.01402649
  0.00850742  0.25239739  0.09099643 -0.06136206  0.06565195 -0.08875276
  0.13511439 -0.25144905  0.04910378  0.20115364  0.05181488  0.00462431
  0.06367821 -0.13777785  0.00777299  0.18228558 -0.22964543  0.09342564
  0.07075272 -0.05990005  0.04415864 -0.09254029  0.15145884  0.05223179
 -0.15234542 -0.12157372  0.0618572  -0.09432719 -0.07890845  0.03852627
 -0.17055283 -0.21293516 -0.32891548  0.05934023  0.43416759  0.15639989
 -0.18705951 -0.01662107 -0.1057479  -0.09999319  0.05074106  0.0975906
 -0.04281745 -0.08005241 -0.08159977  0.14962089  0.24370158  0.02120435
  0.00231087  0.28714487  0.05699812 -0.05796677 -0.05254272  0.02501338
 -0.1306439  -0.03724926 -0.05939301  0.03172851 -0.04797343 -0.00662066
  0.02752118  0.16873455 -0.20926122  0.1370796   0.04023777 -0.10750656
 -0.0446473   0.00284868 -0.16116385 -0.08098646  0.12889931 -0.25051039
  0.16587453  0.17644507  0.13283239  0.10063336  0.0066134  -0.02293819
 -0.00784311 -0.0159083  -0.09536977 -0.04476494  0.06702816 -0.04746061
  0.09209562 -0.02221402]