[-1.06376141e-01  8.85698572e-02  9.65608209e-02 -8.22678134e-02
 -1.39295518e-01  7.20387772e-02 -9.07144248e-02 -1.03847660e-01
  2.28120804e-01 -2.13670626e-01  1.55669883e-01  7.19214380e-02
 -8.14939290e-02  9.04912949e-02 -1.00940116e-01  1.70170322e-01
 -1.14358760e-01 -1.79732174e-01  6.05345238e-03 -5.30643836e-02
 -3.59149696e-03  1.82293579e-02  3.41722555e-02  4.73780669e-02
 -2.21892998e-01 -3.32146943e-01 -8.25045854e-02 -5.70721552e-02
 -1.92668941e-02 -9.48285460e-02 -4.46236581e-02  3.74894924e-02
 -1.84482247e-01  5.72341904e-02  1.79955792e-02  1.34028614e-01
 -1.65788643e-02 -2.86537372e-02  1.47163957e-01  8.85092765e-02
 -2.77223945e-01 -7.68090878e-03  7.31395409e-02  2.86110908e-01
  1.78985909e-01 -7.56411627e-02  4.47576493e-02 -1.28098771e-01
  1.26989752e-01 -2.75198519e-01  5.43166399e-02  1.03563644e-01
  2.13057697e-02  7.83079788e-02  3.10954712e-02 -7.32056051e-02
  2.60554962e-02  1.00262314e-01 -1.10861100e-01  8.24603513e-02
  9.96616408e-02 -4.25290409e-03 -1.72857214e-02 -4.34917472e-02
  2.53685266e-01  1.85646251e-01 -1.35848999e-01 -1.60886854e-01
  1.14362709e-01 -1.44235596e-01 -5.64089119e-02  4.70654890e-02
 -1.02923222e-01 -2.14989275e-01 -2.33585447e-01  2.40636710e-02
  4.56874609e-01  2.01251701e-01 -1.25087231e-01  7.58117437e-02
 -1.17898881e-01 -2.74499096e-02  4.56569763e-03  1.58028573e-01
 -7.52380714e-02  1.33795425e-01  3.33067263e-03  1.03735000e-01
  2.82054543e-01  1.22070005e-02 -7.66616315e-03  2.17786491e-01
 -2.13142689e-02  4.81366999e-02  2.68926769e-02  1.28906146e-01
 -1.84359431e-01 -1.12650432e-02 -2.05967695e-01 -1.04660153e-01
 -5.17501384e-02 -1.45946331e-02  4.26119380e-02  1.62099868e-01
 -2.67926812e-01  2.62952894e-01 -5.58335260e-02 -5.68187498e-02
  3.44223268e-02  1.11797072e-01 -5.22656776e-02 -6.03955165e-02
  1.34287536e-01 -1.80287495e-01  1.31855980e-01  1.63899556e-01
  9.16321278e-02  1.55829892e-01  1.47721350e-01  4.96776067e-02
  1.59345306e-02  1.68917775e-02 -9.16054323e-02  1.82732154e-04
  7.93256797e-04 -1.12966284e-01  5.28959483e-02  1.60641354e-02]