[-0.16674215 -0.00556572  0.0735146  -0.04196545 -0.05816231 -0.04902855
  0.06065859 -0.04066932  0.17946057 -0.05625763  0.19447315 -0.06326997
 -0.23750114 -0.10190906 -0.00829857  0.0706931  -0.13950938 -0.12829143
 -0.08412798 -0.10108516  0.04482717  0.0355753   0.01275224  0.02639418
 -0.12304027 -0.35040766 -0.05878863 -0.18243438  0.08410694 -0.1135434
 -0.02562299 -0.00262829 -0.1594481  -0.05504873 -0.04202589  0.05727506
  0.00414008 -0.08075098  0.17020226  0.00614615 -0.13611916 -0.08050739
 -0.02470496  0.24562277  0.16796708  0.00948372  0.03420652 -0.02875295
  0.15023068 -0.27020341  0.06410499  0.1162305   0.12968385  0.01459412
  0.17296001 -0.06907637 -0.00395126  0.06661329 -0.19019546  0.12281263
  0.04158871  0.01163631 -0.03818313 -0.05171239  0.13600366  0.05233385
 -0.0731571  -0.04726054  0.15405105 -0.1953613  -0.00569009  0.09784369
 -0.06454691 -0.19452664 -0.1790054   0.05274712  0.43187124  0.16840367
 -0.17431271  0.01443738 -0.07843563 -0.04967786  0.11924758  0.02509698
 -0.08109292  0.07078052 -0.13310768  0.05418171  0.16565414 -0.01485687
  0.00050102  0.22673868 -0.00719149  0.00487497  0.06283841  0.02363657
 -0.05340207  0.00629281 -0.02279198 -0.00777452  0.16127369 -0.12047057
  0.01936694  0.00101007 -0.12965097  0.10868954 -0.03041771 -0.00327417
 -0.00046172 -0.03519153 -0.06024298  0.00062098  0.15098655 -0.2278529
  0.11570276  0.14051838 -0.07904588  0.144997   -0.05463646  0.05048607
 -0.01521179 -0.04310489 -0.08331142 -0.08930457  0.00503846  0.01112241
  0.02848726  0.00722568]