[-0.05946147  0.13849732  0.04100505 -0.10447354 -0.01023199  0.02141717
  0.05796645 -0.01593234  0.22900727 -0.03004663  0.21464641  0.02959844
 -0.3187612  -0.08813234  0.01685576  0.17656836 -0.11167224 -0.05077178
 -0.16284727 -0.09554588  0.04245567  0.08884077  0.02977404  0.03563634
 -0.02753453 -0.30581316 -0.02331545 -0.14231662 -0.00547325 -0.15051274
  0.08952145  0.06117146 -0.10533878 -0.10920781  0.0171265   0.04601352
 -0.14016394 -0.04330264  0.20575406  0.00547693 -0.12910588 -0.00319346
  0.07929812  0.30405805  0.19925259 -0.00928011  0.00924024 -0.0238682
  0.14265169 -0.36943549  0.01366905  0.08532505  0.09147315  0.15405248
  0.14836705 -0.20101184  0.0263173   0.14996241 -0.26014459  0.12303031
  0.02790925 -0.08849425 -0.11040913 -0.04397296  0.1912099   0.1001799
 -0.19264333 -0.1130352   0.09788744 -0.13518776 -0.02527655  0.10792086
 -0.16135496 -0.1711781  -0.28312966  0.07337938  0.28798112  0.10917491
 -0.13286275 -0.05366109 -0.06264381  0.05953291 -0.02156603 -0.00603188
 -0.07200872 -0.08133453 -0.02134273  0.00214761  0.09223288 -0.0189302
 -0.08342353  0.25924003 -0.03185972  0.02426448 -0.03061018  0.07286176
 -0.06013319 -0.05882843 -0.18598706  0.00793308  0.03438295 -0.18977532
  0.00629076  0.05228372 -0.2055788   0.16700271  0.00227988  0.04959707
  0.00635548  0.02990946 -0.18545908  0.05855247  0.24135058 -0.23705786
  0.32156247  0.24628857  0.03337091  0.06919315  0.07268948  0.0106825
 -0.0220909  -0.03223603 -0.13562401 -0.07719542  0.05363354  0.00530508
 -0.01997534 -0.00264361]