[ 0.00379429  0.08506577 -0.00464721 -0.04635622 -0.16321199  0.05228096
 -0.01026203 -0.02878214  0.12257124 -0.1054043   0.25910923 -0.05071615
 -0.19174299  0.03991535 -0.09411687  0.15795967 -0.18809316 -0.08200616
 -0.0945528  -0.10016513  0.0072549   0.08243478 -0.01824181  0.05205065
 -0.05629032 -0.32542095 -0.02286032 -0.16285047  0.14210552 -0.12920186
 -0.0166399   0.06719369 -0.04885525  0.01675464  0.02171561 -0.00244317
 -0.02986941 -0.12727194  0.20639424  0.03658786 -0.14717047  0.04518292
  0.03414292  0.31466484  0.11470673  0.00332508  0.06299624 -0.09188355
  0.11170761 -0.25012782  0.08278787  0.11908589  0.08704755  0.05977879
  0.08188756 -0.12609053  0.01058176  0.07408623 -0.14881822  0.11162829
  0.07407143  0.00381198 -0.04270541 -0.11344668  0.18981443  0.09688455
 -0.09315942 -0.10757425  0.13504766 -0.16107787 -0.17081149 -0.02867839
 -0.12043422 -0.12934934 -0.23213762  0.03707037  0.36321148  0.18232898
 -0.16157816  0.0528271   0.01496162 -0.03937136  0.10389109  0.13025334
 -0.07873899 -0.0800767  -0.05370829  0.05404244  0.17448676 -0.07696693
 -0.04246122  0.19025749 -0.03283234 -0.01177751  0.00821788  0.07818256
 -0.10498488  0.03228571 -0.05606207  0.00567632  0.13669784 -0.09584597
 -0.02261105  0.10132155 -0.22387269  0.14894128 -0.06852313 -0.02085427
  0.10132826  0.02196737 -0.07308941  0.02764221  0.21373762 -0.18032415
  0.22063656  0.19384968  0.07592386  0.11917555  0.09274852  0.03146371
  0.03777821 -0.04737913 -0.23163942 -0.12649167  0.01747485 -0.03719918
 -0.06469569  0.03866065]