[-1.17567301e-01  7.25495517e-02  9.35055315e-02 -3.05513833e-02
 -1.25199527e-01 -1.84631553e-02  3.43884528e-02 -1.38708819e-02
  9.98096392e-02 -1.36976361e-01  1.90526739e-01 -5.06813414e-02
 -2.18557313e-01  9.83158778e-03 -4.67553362e-02  1.62957370e-01
 -1.54285222e-01 -4.26926389e-02 -1.61443532e-01 -9.96433347e-02
 -2.09193584e-02  8.21260661e-02 -3.56350094e-02  8.80462006e-02
  5.17434254e-03 -3.33372563e-01 -3.30959633e-02 -7.97361732e-02
  5.58235161e-02 -1.37961954e-02  3.05022784e-02  4.48456742e-02
 -9.23116356e-02 -1.19415298e-02  3.00925653e-02  8.18698853e-02
 -1.17886886e-01 -1.00467376e-01  2.30917409e-01  8.06422904e-05
 -1.36726424e-01 -5.81001155e-02  9.01373550e-02  2.97434241e-01
  1.71641931e-01  5.93132004e-02  2.41283365e-02 -1.45674394e-02
  1.37868747e-01 -3.16715986e-01  4.39661257e-02  1.40229851e-01
  9.70249176e-02  7.78854415e-02  1.46442518e-01 -1.05919994e-01
  7.04788417e-02  9.64949802e-02 -1.31334409e-01  1.33964447e-02
  2.11828351e-02 -9.05028358e-02 -5.99614456e-02 -5.93744293e-02
  1.66823685e-01  1.13673866e-01 -4.95123193e-02 -8.02921429e-02
  1.42586976e-01 -2.49079347e-01 -9.84810069e-02  5.95754161e-02
 -8.67861807e-02 -1.24995366e-01 -2.24459648e-01 -1.82708520e-02
  4.25912201e-01  2.48694599e-01 -1.02011226e-01 -5.66041749e-03
  2.73253545e-02 -4.00417633e-02  1.91123649e-01  9.75773484e-02
 -8.66150334e-02 -8.67382661e-02 -5.38619868e-02  6.59985095e-02
  1.75366700e-01 -2.97994707e-02 -4.99660820e-02  1.55266836e-01
  6.32957816e-02 -5.68707325e-02  2.55450606e-04 -9.06329826e-02
 -8.57741013e-03 -1.50545835e-02 -1.01944715e-01 -1.67913251e-02
  1.18233748e-01 -3.65740769e-02  8.81603919e-03  1.10329445e-02
 -2.38636926e-01  1.26816943e-01 -2.09375005e-02 -2.93256100e-02
  6.53524920e-02 -2.89047249e-02 -1.43234625e-01  7.69709572e-02
  2.03522727e-01 -1.53060913e-01  1.65725306e-01  1.68154851e-01
 -6.73523173e-02  1.25602841e-01  6.86881915e-02  4.41610217e-02
  5.26526291e-03 -1.01462834e-01 -1.45332292e-01 -1.40173733e-01
  6.71991333e-02 -9.94059350e-03  9.08581018e-02 -3.88945267e-02]