[-2.05461346e-02 -6.11359738e-02  4.59731976e-03 -5.09181060e-02
 -1.31055444e-01  1.37513848e-02 -5.58441505e-04 -5.16902879e-02
  1.43559813e-01 -9.80549902e-02  1.86398119e-01 -1.04604848e-02
 -2.51353979e-01 -5.56769148e-02 -3.15802619e-02  8.57439786e-02
 -1.83517590e-01 -1.19076073e-01  8.27033073e-05 -2.51296721e-02
  5.42221740e-02 -2.07121205e-02  3.87885123e-02  1.51754171e-01
 -1.32524699e-01 -3.68630618e-01 -1.01005547e-01 -1.24812298e-01
 -1.01728797e-01 -9.78493392e-02 -3.41487117e-02  1.24756783e-01
 -1.72829315e-01  2.94223726e-02 -1.05036879e-02  9.90644470e-02
 -5.56777045e-02 -4.17666994e-02  2.18404904e-01  4.72782627e-02
 -1.85281932e-01 -1.32724941e-02 -2.14781389e-02  2.50323087e-01
  1.94331765e-01  2.50311587e-02 -1.40000377e-02  1.30735300e-02
  1.25206128e-01 -3.14835012e-01  5.10025471e-02  2.01940015e-01
  5.69924302e-02 -1.35480920e-02  5.76230511e-02 -9.73797590e-02
 -1.23765478e-02  1.15408361e-01 -2.18348503e-01  7.07592219e-02
 -3.89129370e-02 -1.62753865e-01  3.06135267e-02 -7.35379755e-02
  1.70819029e-01  1.23306423e-01 -1.22711346e-01 -1.06365047e-01
  1.09545335e-01 -2.42168367e-01 -7.41494223e-02  6.90455511e-02
 -1.50108054e-01 -2.73204863e-01 -3.29241186e-01  7.20359609e-02
  4.03182536e-01  1.80554092e-01 -1.08272590e-01  3.17462236e-02
 -2.43461151e-02 -4.83854376e-02  9.79326144e-02  1.08886860e-01
 -4.67301756e-02  2.77940445e-02 -1.29786640e-01  1.08425565e-01
  1.53531283e-01 -3.38537358e-02 -5.79056293e-02  2.67021477e-01
 -7.22600222e-02  8.11343789e-02  5.30258678e-02  5.39683327e-02
 -1.11226998e-02  4.43904735e-02 -1.39088869e-01  1.10599697e-01
  2.32530441e-02 -9.19416249e-02  2.35127900e-02  5.36381155e-02
 -1.30536288e-01 -9.18360986e-03 -9.10787135e-02 -9.58670303e-02
 -7.27892816e-02 -5.87987974e-02 -2.55142301e-01 -4.24666777e-02
  1.53107569e-01 -3.48875135e-01  1.55230239e-01  1.82757169e-01
  3.07716187e-02  1.51240319e-01  4.04428206e-02  5.14851231e-03
 -1.47576816e-02 -1.41491100e-01 -1.63038239e-01 -9.30712186e-03
  1.19697168e-01  3.75942513e-02  5.56532145e-02 -2.44736671e-02]