[-0.12406348  0.00757695  0.00645995 -0.07184431 -0.14115268  0.06615711
  0.00329499 -0.05765259  0.20223887 -0.15895392  0.1824622  -0.05567628
 -0.1793741   0.10579463 -0.11494052  0.20254105 -0.10735095 -0.16557261
 -0.11577941 -0.11624077 -0.04936324 -0.0007513  -0.04950452  0.15978521
 -0.12215755 -0.33802181 -0.03362937 -0.10890153  0.01746463 -0.07848673
  0.05090655  0.03709299 -0.1504118   0.04617554  0.04400371  0.04055901
 -0.06510587 -0.13206069  0.23732528  0.03359271 -0.27416235 -0.0247506
  0.12469102  0.29111317  0.17364424  0.02096483  0.00996595 -0.03858501
  0.20455082 -0.31647032  0.02086235  0.13326952  0.06306332  0.0484945
  0.07428465 -0.12145213  0.01148641  0.14355963 -0.17255431  0.0552312
  0.01241682 -0.00450141 -0.0210303  -0.10607672  0.22020783  0.13061832
 -0.17294133 -0.11760941  0.20505787 -0.22927347 -0.0055642   0.07819664
 -0.10823538 -0.25234428 -0.22173239  0.05072282  0.42464355  0.21846431
 -0.02896629  0.06168574  0.00335336 -0.02678504 -0.01249974  0.20103163
 -0.02688055 -0.03831874  0.03954569  0.02193025  0.22440015  0.02677862
  0.00358244  0.26690429 -0.04925092 -0.06287162 -0.07591681  0.10700061
 -0.16556306  0.00764984 -0.06481726  0.00242272 -0.01413787  0.06224793
  0.08271916  0.08819718 -0.24588811  0.18045434 -0.11569574  0.01603797
  0.02621342  0.06777067 -0.03938241 -0.02398495  0.12790109 -0.23757319
  0.1072017   0.15081283  0.0657517   0.11171123  0.08239652 -0.0154176
  0.10888552 -0.0210703  -0.22289048 -0.07335418  0.01457855 -0.13820663
 -0.02665784  0.01223098]