[-0.16647796  0.02864635  0.07346401 -0.0983669  -0.17750204  0.00164866
  0.0289618  -0.04240632  0.18228678 -0.11411839  0.09555921 -0.0514234
 -0.18835783 -0.01631556 -0.02445576  0.19489726 -0.12559919 -0.19599238
 -0.08416416 -0.09056311 -0.00329392  0.133127   -0.08602273  0.04920495
 -0.15247798 -0.30218863 -0.03617765 -0.10912943 -0.01089808 -0.08861042
 -0.03947594  0.16111983 -0.06432784  0.01662492  0.08546336  0.08743019
 -0.05225294 -0.06959899  0.14825886  0.05463393 -0.28257716 -0.04202022
  0.09475617  0.2706103   0.27580687 -0.02356449 -0.03538318 -0.09829457
  0.20297834 -0.34176749 -0.00658164  0.13417962  0.01340808  0.06058445
  0.09165881 -0.16268067 -0.02828717  0.10964458 -0.25212219  0.10478364
  0.01577983 -0.20306176 -0.07653639 -0.13067287  0.18868126  0.16855028
 -0.16152422 -0.21222501  0.19563207 -0.24735031 -0.1241986   0.10996728
 -0.11379788 -0.14904226 -0.32601777 -0.03939605  0.35476577  0.14592031
 -0.1469126   0.00603431 -0.01840964  0.00069727  0.0422485   0.18608177
 -0.05961328 -0.07755229 -0.04438372 -0.06616596  0.2542631   0.00133225
 -0.0547909   0.22218643 -0.03216407  0.0406278  -0.01497877  0.09001178
 -0.12978928 -0.08807908 -0.10610114 -0.09701474  0.00184562 -0.09458648
  0.01565252  0.20351961 -0.16446571  0.22582981 -0.08479259  0.05037645
 -0.04918941 -0.0776071  -0.01392518  0.06704111  0.17195286 -0.1680848
  0.18932682  0.14753716  0.06677344  0.11532005  0.06564756 -0.01606996
 -0.04988498 -0.0376725  -0.18324889 -0.0384113   0.04802337 -0.09851532
  0.02267072  0.03973105]