[-0.24519774  0.09397691  0.10372258  0.05607941 -0.00724768 -0.09960844
  0.08211338 -0.09285123  0.0917671  -0.0729481   0.23895724 -0.03715865
 -0.18540782 -0.16685979  0.11676076  0.10601083 -0.11090925 -0.17575581
 -0.13185425 -0.19341956  0.00697781  0.07086626 -0.04698657  0.06659706
 -0.09525729 -0.2293445  -0.03945664 -0.15053628  0.09865555 -0.11440314
 -0.0028424   0.03670166 -0.19584787 -0.03254121 -0.0484648   0.05298637
  0.09175263 -0.03399504  0.16301729 -0.02169899 -0.11026643 -0.08758245
 -0.00295366  0.26883903  0.15034679 -0.07830195 -0.04861107  0.02342855
  0.07182796 -0.18347152  0.01657699  0.10427191  0.15811093  0.05385857
 -0.03477837 -0.19214413 -0.05951471 -0.02832001 -0.14546223  0.02086919
  0.01015572 -0.1431537  -0.17012353 -0.03938167  0.18155542  0.08168633
 -0.05377635 -0.16733038  0.16793424 -0.14784677 -0.02863842  0.10777479
 -0.13785313 -0.07658448 -0.23767784  0.12411736  0.33428806  0.02866004
 -0.21888171  0.02601866 -0.16940244  0.01679365 -0.01104268  0.01932849
 -0.07425259  0.03890058 -0.11957985  0.07744629  0.14466758 -0.01942432
 -0.03679366  0.17649345  0.01938377  0.00862398  0.04751218 -0.04534645
  0.0447581  -0.05144221 -0.05413917 -0.01943154  0.10422438 -0.10621795
 -0.01157853  0.06941347 -0.18715018  0.13288097  0.07975747  0.01399279
  0.01150064  0.03249895 -0.0958757  -0.06037972  0.1537596  -0.17420316
  0.17359231  0.18067864  0.01258923  0.1531166  -0.00304816  0.11543968
 -0.04671387  0.00308069 -0.1144124  -0.0253738   0.09958512 -0.00866193
 -0.03552811  0.06242449]