[-1.94663808e-01  3.35247070e-02  1.82058197e-03 -7.30916858e-03
 -7.95699060e-02 -5.48746884e-02  2.02955306e-03 -1.10165365e-01
  1.35560915e-01 -9.98327732e-02  1.80532426e-01 -5.53161427e-02
 -2.08071321e-01 -2.94225924e-02  1.61028579e-02  1.51005000e-01
 -1.73704103e-01 -1.82826251e-01 -1.62743442e-02 -1.24197707e-01
  9.11308229e-02 -1.61942579e-02 -6.87875971e-02  1.17610268e-01
 -1.60218656e-01 -3.40614825e-01 -8.81893411e-02 -9.47812051e-02
  7.98452049e-02 -5.47131561e-02  7.63629824e-02  1.23773282e-02
 -1.61586493e-01  1.84085593e-02  2.09569633e-02  5.68220280e-02
 -7.13701099e-02 -3.08748931e-02  2.07423076e-01 -3.47479247e-04
 -2.60633439e-01 -2.20690127e-02  3.62459868e-02  3.05193156e-01
  1.70139313e-01  2.83063818e-02  1.61112584e-02 -2.52415650e-02
  8.35267305e-02 -2.76860714e-01 -3.09027918e-03  2.20792472e-01
  8.01074691e-03  7.27791563e-02  3.52419242e-02 -1.60337552e-01
  1.08246692e-03  1.43628076e-01 -2.50794768e-01  1.23293027e-01
  2.05543339e-02 -1.04922622e-01  1.84326563e-02  1.96724408e-03
  1.61191940e-01  8.41592401e-02 -1.57762915e-01 -1.35250390e-01
  1.57753706e-01 -2.25973278e-01 -3.72736268e-02  9.96468589e-02
 -1.33065268e-01 -3.19513112e-01 -3.18194091e-01  6.51164502e-02
  4.66798514e-01  1.60521150e-01 -1.11462243e-01  6.25444949e-02
  2.17526816e-02 -1.35331918e-02  1.69234499e-01  1.52151570e-01
 -8.33363179e-03 -5.05743846e-02 -8.42556581e-02  4.56810333e-02
  1.78421408e-01  2.15250477e-02 -7.77532533e-02  2.07380071e-01
 -2.75579132e-02  1.66102462e-02  7.88337179e-03  1.69161931e-01
 -9.27290693e-02 -2.95947585e-02 -1.06190838e-01 -5.00920862e-02
  1.03550320e-02 -1.44715980e-02  2.91336216e-02  9.88608524e-02
 -1.19161703e-01  2.30375752e-01  2.17480250e-02  6.11073896e-03
 -1.35526940e-01  5.52623831e-02 -9.11932215e-02  2.69253999e-02
  1.08281247e-01 -2.32398987e-01  2.56857634e-01  2.58623838e-01
  3.77195477e-02  1.64653540e-01  5.71120791e-02 -5.09593561e-02
  2.02584229e-02 -6.63760081e-02 -1.49475589e-01 -5.67942820e-02
 -1.61911100e-02 -3.82263400e-02  6.03181683e-02 -6.30485453e-03]