[-1.31482795e-01  8.45460743e-02  9.87305641e-02 -3.91007699e-02
 -1.57441139e-01 -1.04673743e-01 -9.28389281e-02 -3.19297053e-03
  1.67302161e-01 -1.07479446e-01  1.81542620e-01  1.00925639e-02
 -1.76549882e-01  1.12973742e-01 -7.60028660e-02  2.56404817e-01
 -1.90236077e-01 -1.20569013e-01 -4.33758944e-02 -6.31394833e-02
  6.62365183e-02  7.11208060e-02 -6.62915083e-03  8.41693804e-02
 -1.15324646e-01 -3.08363050e-01 -4.82146367e-02 -5.55990785e-02
  9.66773108e-02 -5.54494606e-03 -5.28960302e-02  6.00839853e-02
 -1.45152733e-01 -2.13627368e-02  1.32574558e-01  8.09123665e-02
 -2.85916794e-02 -1.00062132e-01  2.61424005e-01  8.09535608e-02
 -2.15937138e-01  2.35704659e-03  6.74092621e-02  2.41979197e-01
  1.72992587e-01  6.04553111e-02  7.45353997e-02 -1.45112902e-01
  1.40142590e-01 -3.08203191e-01  3.56159061e-02  1.50186688e-01
  2.16618087e-03  8.21521953e-02  8.41876864e-02 -1.71011627e-01
  1.10993542e-01  8.90001431e-02 -2.15895429e-01  3.15996371e-02
  8.74422565e-02 -6.38362989e-02 -3.73162515e-03 -2.42255405e-02
  2.36010537e-01  8.64710510e-02 -8.45842510e-02 -1.41112521e-01
  1.97007567e-01 -1.90317661e-01 -7.98965842e-02  4.48262654e-02
 -5.14230356e-02 -1.41323477e-01 -2.90031284e-01 -3.96369770e-02
  3.87266278e-01  1.98766232e-01 -1.52517959e-01  1.24986678e-01
  1.33344168e-02 -6.17702827e-02  1.17497593e-01  1.31369323e-01
 -9.05433223e-02 -4.00589779e-05 -8.35057870e-02 -6.57404680e-03
  2.52537102e-01  4.81795613e-03  4.54464518e-02  2.63988197e-01
  8.26188847e-02  4.92583588e-02  6.51988834e-02  7.32054412e-02
 -1.43883228e-01 -9.60204005e-02 -1.42455652e-01 -8.07088464e-02
  2.71333344e-02  2.13603824e-02  1.10442881e-02  1.43911555e-01
 -2.22368926e-01  1.08012006e-01 -1.10498376e-01 -5.31853586e-02
 -6.97355121e-02  4.21755537e-02 -8.25841576e-02 -5.29313833e-02
  9.02117193e-02 -1.36068821e-01  1.48037329e-01  1.76131845e-01
  1.75030362e-02  1.04248554e-01  1.19999528e-01  1.05371736e-02
  5.07091917e-03 -5.03520742e-02 -1.43994525e-01 -8.62889215e-02
  3.81244645e-02 -7.10225254e-02  4.84281629e-02  4.18210030e-02]