[-0.04513047  0.04788607  0.05690574 -0.01996349 -0.13694768 -0.0416674
 -0.07587842 -0.14979884  0.18868776 -0.15402831  0.12456729 -0.05792312
 -0.33436689  0.02437688 -0.05506029  0.10698687 -0.17332576 -0.09618377
 -0.02434353 -0.04032059  0.09540246  0.10439435  0.10720149  0.10701211
 -0.20837077 -0.36690789 -0.10893191 -0.08374196 -0.00833539 -0.05875985
 -0.00940281  0.09084884 -0.16146928  0.0337672   0.0167582   0.11048434
 -0.01360908 -0.1063922   0.18113378  0.01811928 -0.2685211  -0.13191172
 -0.02457343  0.24761051  0.19174311 -0.04501913  0.0561859  -0.10136742
  0.11547624 -0.30980703  0.06612215  0.1708553  -0.01044318  0.00643371
  0.10281407 -0.17471038 -0.02387097  0.13006455 -0.14500873  0.02343313
  0.10260235 -0.07972217  0.03591768 -0.06845875  0.22924039  0.00558138
 -0.19382149 -0.04249294  0.16547792 -0.231102    0.0282982   0.11189616
 -0.11646716 -0.24841061 -0.32123441  0.01337304  0.49549478  0.17305438
 -0.15199941  0.0385502  -0.09792682 -0.00076979  0.08241457  0.19131325
  0.00942502  0.09720495 -0.12762986  0.10578443  0.18738304 -0.08216538
 -0.01770015  0.33158112  0.01945187  0.03346957  0.0834633   0.08891586
 -0.15080631 -0.08206023 -0.12788206  0.05626757  0.01707289 -0.05035838
 -0.02014206  0.1130038  -0.09558086  0.17136814 -0.01241162 -0.10144978
 -0.01496777 -0.08362793 -0.15627973 -0.11679011  0.18234229 -0.2942636
  0.03859312  0.09473258  0.03665306  0.24403493 -0.00967624  0.13289399
 -0.02660795 -0.07471833 -0.1085989  -0.05231807  0.07090039 -0.04330022
  0.02645485 -0.03931614]