[-0.16798079  0.00891339  0.00786169 -0.13650714 -0.15159874 -0.06474595
 -0.07868042 -0.06263281  0.12998401 -0.18369392  0.15920834 -0.09661147
 -0.11568095  0.07547107 -0.09897298  0.15483876 -0.16719082 -0.15017556
  0.01639082 -0.04414778  0.05488959  0.02711383 -0.00905485  0.10487057
 -0.13749792 -0.36407438 -0.11074285 -0.10905141 -0.01655386 -0.0037505
  0.04492382  0.07144707 -0.18197423  0.02059189  0.02988051  0.07715911
  0.0401259  -0.02875459  0.21306142 -0.02471523 -0.34010538 -0.03908241
  0.16620235  0.24662255  0.11774582  0.04922426 -0.02249241 -0.09532453
  0.08022507 -0.19178069  0.06914946  0.13402908  0.00473468  0.03752362
  0.00921077 -0.08242823  0.08402012  0.11320631 -0.18431212  0.02737816
  0.10536262 -0.05699141  0.06224607 -0.08569202  0.27512234  0.11382712
 -0.11907639 -0.13858873  0.17566584 -0.21139078 -0.06667058  0.08385345
 -0.10434987 -0.21441832 -0.28075913 -0.00283345  0.40525532  0.21268545
 -0.05021779  0.10430524 -0.03827289 -0.07506339  0.1391508   0.19160469
 -0.00363484  0.01648568 -0.00301146  0.04340048  0.26968482  0.01124917
 -0.02717689  0.1821125  -0.02514294  0.0380068  -0.01001925  0.10199779
 -0.13839971  0.0157581  -0.13374199  0.04354109 -0.05008712  0.02137176
 -0.00183093  0.17025593 -0.1953688   0.13309231 -0.05009793 -0.07099343
 -0.05448876  0.11192973 -0.01053502 -0.08937629  0.08434441 -0.16663638
  0.16423106  0.14378041  0.08020205  0.18313335  0.12480687  0.04709513
  0.02781779 -0.07301164 -0.24101351 -0.02678522  0.07836036 -0.08656507
  0.13092534  0.04792119]