[-0.02163111  0.02181292 -0.0231815  -0.10988804 -0.10710213 -0.00579089
  0.01867853 -0.05918103  0.15663654 -0.06103566  0.1486937  -0.04997748
 -0.25373375 -0.07520375  0.07254644  0.1369132  -0.0547551  -0.12606591
 -0.13188717 -0.01515531 -0.01740307  0.02565694 -0.03824435  0.11651575
 -0.07676928 -0.22798856 -0.0663177  -0.10928992 -0.03543559 -0.03921508
 -0.00465181  0.18107039 -0.13140905 -0.06524654  0.05452799  0.07301236
 -0.12485096 -0.08953229  0.19018739 -0.01779987 -0.1962489  -0.07322164
 -0.01302803  0.17853215  0.16434693 -0.00509962  0.07193297 -0.04831393
  0.10367767 -0.25061068  0.02030716  0.17043     0.05390866  0.07486432
  0.02572918 -0.16245456  0.06203579  0.14539401 -0.27157402  0.04306828
  0.0267062  -0.14927702 -0.07914653 -0.06685908  0.17730643  0.14836621
 -0.12407061 -0.18260065  0.22624461 -0.1815493  -0.08301315  0.09722915
 -0.15412022 -0.20618291 -0.24460706  0.04755628  0.35596657  0.12168729
 -0.15278183  0.00554654 -0.00749154 -0.06067042  0.04017777  0.11278334
 -0.01532759 -0.11033576 -0.04476847 -0.00233432  0.19855726 -0.05183872
 -0.01036564  0.1919322   0.01553266 -0.0300573   0.00374329  0.06100636
  0.01187539  0.04218427 -0.07123971  0.08649805  0.03892038 -0.11967789
 -0.01393793  0.11268783 -0.0897121   0.17659016 -0.02849526 -0.0026183
 -0.05139374 -0.06225154 -0.1074122  -0.04297835  0.17174008 -0.20007236
  0.18228686  0.12339777  0.03548115  0.09009856  0.00941566  0.12937821
  0.04611458 -0.08368657 -0.24554347 -0.09528869  0.11804923  0.01105796
 -0.02480192  0.03492918]