[-0.01668374  0.02035437 -0.05048283 -0.04082563 -0.06797259  0.02221568
 -0.00541517 -0.10775699  0.14630778 -0.06874733  0.26460707 -0.00090805
 -0.2052009  -0.07899332  0.10646316  0.10176544 -0.13061614 -0.13974737
 -0.05423696 -0.0494062   0.02844061  0.06440546  0.00988443  0.07723418
 -0.15714115 -0.29408228 -0.03272096 -0.17703013  0.08775364 -0.10339467
  0.01133533  0.06595182 -0.1065556   0.01877707  0.08950581  0.03653141
 -0.06590971 -0.03428507  0.28908655 -0.00230141 -0.22996619  0.03290378
  0.00211839  0.24154663  0.19647361  0.00906471  0.00664923 -0.00933623
  0.05613692 -0.29035065  0.12219054  0.11601616  0.11348754  0.03077139
  0.04731121 -0.2126727  -0.04723473  0.09779935 -0.28914011  0.08779432
  0.04332903 -0.12447523 -0.05319395 -0.02859984  0.18280433  0.11936402
 -0.12289678 -0.12743196  0.16344456 -0.20566285 -0.10803933  0.08100928
 -0.13180614 -0.23751713 -0.25685272  0.04623103  0.34944496  0.19540586
 -0.23515469  0.04541368  0.0469739   0.00163007  0.07937014  0.06665093
  0.00439957 -0.08178554 -0.04670373 -0.00999903  0.15134273 -0.00740148
 -0.06787434  0.23517329 -0.03001378  0.02138093  0.05327641  0.04031222
  0.00868946 -0.06144933 -0.11187454 -0.03124907 -0.01476703 -0.05156734
  0.04196483  0.15461689 -0.21608169  0.24751101 -0.03652515 -0.05656219
 -0.00576517  0.06216843 -0.02132833  0.00283602  0.1597286  -0.2848331
  0.24248369  0.18883371  0.09592741  0.17289002 -0.0125766   0.01446136
  0.02805315 -0.01736518 -0.27758241 -0.10252535  0.00881613 -0.03232966
  0.05594544  0.07033945]