[-6.60278946e-02  1.18704423e-01  6.05238825e-02 -8.85966197e-02
 -8.36928189e-02 -4.70104590e-02 -4.40336689e-02 -7.36081228e-02
  2.06580356e-01  2.38823472e-03  1.69940934e-01  3.02887149e-02
 -2.22110748e-01 -3.18261199e-02  4.21838388e-02  3.32185701e-02
 -3.75213921e-02 -1.21894576e-01 -7.52039775e-02 -1.02291897e-01
  3.41741145e-02  5.51452301e-02 -6.86112121e-02  9.08050314e-03
 -1.29012913e-01 -2.26954758e-01 -8.08879882e-02 -8.28830376e-02
  5.67255989e-02 -1.58744067e-01  1.18565917e-01  2.00096685e-02
 -1.75876632e-01 -7.81201869e-02  8.50150734e-02  7.77426735e-02
 -2.01377347e-02 -1.22448299e-02  2.49330223e-01 -8.31325538e-03
 -8.32384676e-02  1.62684135e-02  3.74560170e-02  2.46058241e-01
  1.17809631e-01  6.18912429e-02  2.79052053e-02 -2.75000073e-02
  1.51012599e-01 -2.37722442e-01  7.35026300e-02  1.44699723e-01
  1.28486812e-01  6.40003532e-02  1.22625902e-01 -2.26949334e-01
 -2.99775228e-02  1.49898365e-01 -2.83992499e-01  2.34421656e-01
  2.60433815e-02 -1.29598290e-01 -1.66154489e-01 -8.33894238e-02
  2.27285236e-01  6.63335398e-02 -1.56315491e-01 -1.36906445e-01
  1.87814951e-01 -1.19920939e-01 -2.86876857e-02  1.19366303e-01
 -1.03998855e-01 -1.69079870e-01 -1.87589452e-01  1.08008243e-01
  3.62883478e-01  9.41568092e-02 -2.54877299e-01  3.84070352e-02
 -3.24814171e-02 -1.78382229e-02 -4.74589318e-02 -7.04158144e-03
 -2.36198846e-02 -3.58323902e-02  4.17976035e-03  1.86245404e-02
  2.18753204e-01  1.95299555e-02 -1.95017681e-02  2.33935893e-01
 -4.02716845e-02  7.70208463e-02 -5.35985045e-02 -2.48783454e-02
 -3.77478898e-02 -8.51512626e-02 -7.54438862e-02 -1.51900556e-02
  7.58315697e-02 -1.37245715e-01  2.29959227e-02  7.39551783e-02
 -2.04264462e-01  1.74678877e-01  2.22053863e-02 -1.22910244e-02
 -6.11245073e-02  6.24420606e-02 -1.33304343e-01  9.15884227e-03
  2.71916240e-01 -3.37088197e-01  3.81133020e-01  1.72907531e-01
  5.66860288e-03  1.05565950e-01 -1.59244519e-04  3.99696119e-02
  1.16147369e-01  3.61954095e-03 -8.07810053e-02 -1.44313246e-01
 -1.75504722e-02 -7.72341117e-02  2.84186192e-02  5.04856184e-02]