[-0.01973746  0.06262276  0.01988136 -0.04756099 -0.1435684   0.06352464
 -0.04372017 -0.12567626  0.12581313 -0.13236341  0.25693044 -0.01154797
 -0.23104545 -0.06475926  0.07126848  0.13361928 -0.09497861 -0.13080214
 -0.12956519 -0.03538805  0.02126577  0.0339119  -0.03314677  0.01873697
 -0.04729249 -0.32773554 -0.05178332 -0.08847561  0.06860481 -0.12230333
  0.07181805  0.01888893 -0.12893869  0.01585264 -0.00603736 -0.01876876
 -0.18149363 -0.08156141  0.20941134 -0.04525144 -0.18357709 -0.01169391
 -0.02187457  0.22027871  0.19921286  0.03736104  0.08501398 -0.13397698
  0.09091777 -0.21719696  0.05435393  0.13290437  0.15677774  0.07995301
  0.03919803 -0.12056745  0.0713079   0.12375958 -0.27494019  0.06895139
  0.07630852 -0.09897866 -0.07657079 -0.03293399  0.24576759  0.07453539
 -0.07326467 -0.2010726   0.16673316 -0.19246987 -0.15483421  0.10787494
 -0.15023671 -0.22037731 -0.29325199 -0.03375044  0.36570537  0.12892149
 -0.21750857 -0.00802694  0.00327284 -0.02152532  0.09667467  0.07646687
 -0.03448081 -0.17482325 -0.0709547   0.00554322  0.22939987 -0.08212619
 -0.06536864  0.18152809  0.07707116 -0.08455089 -0.00333064  0.01440197
  0.00724814  0.0103507  -0.06293194 -0.06572921  0.00614628 -0.01556719
  0.00175339  0.09609284 -0.20223682  0.337926   -0.01872454  0.00790792
  0.02837062 -0.08242401 -0.08101878  0.00883551  0.20145348 -0.25920519
  0.19634464  0.17742276  0.13371114  0.11653489 -0.02534246  0.07667983
 -0.03306008 -0.03346166 -0.2934033  -0.06907453  0.04191712 -0.03391157
  0.04210516  0.0456988 ]