[-0.03894933  0.14311932  0.04778186 -0.03747127 -0.03323274  0.09275606
 -0.11529586 -0.0024332   0.19356585  0.00377079  0.20856193  0.03119509
 -0.15243924 -0.07331838 -0.01622039  0.12231876 -0.10716584 -0.09206951
 -0.12357    -0.07231005 -0.05721831  0.12627918  0.04569071  0.01640809
 -0.18565263 -0.33312669 -0.021893   -0.23393585  0.06722778 -0.11815856
 -0.07723527  0.01443656 -0.13994406 -0.06963363  0.11278003  0.10586541
 -0.02069338 -0.03548761  0.14934018  0.04659703 -0.13662514  0.04378042
  0.0820517   0.2995806   0.10710631  0.05771876  0.04188369 -0.08340456
  0.18011041 -0.2043017   0.12408601  0.11497751  0.13912052  0.07621376
  0.14446327 -0.14044081  0.00968251  0.12744321 -0.23626082  0.13056225
  0.04040985  0.06281394 -0.090606   -0.10844535  0.16969004  0.11074269
 -0.14711805 -0.11041083  0.07140713 -0.09726484  0.00275057  0.10637175
 -0.1092044  -0.18765034 -0.25461182  0.07516626  0.41131774  0.17398733
 -0.17125374 -0.01961165 -0.0398107  -0.0880227  -0.06154216  0.04239753
 -0.13605168  0.03053945  0.00312205  0.04699218  0.1915803   0.00577716
  0.04422222  0.16746913 -0.04984708  0.01595784 -0.06812363  0.05344988
 -0.17954241 -0.04187552 -0.10719039 -0.05433604  0.00444215 -0.09017655
  0.01733142  0.07185801 -0.24583533  0.11893138  0.0221139  -0.08661066
  0.05470601  0.11193109 -0.08848982 -0.07455108  0.22289507 -0.22944547
  0.17327559  0.16944332  0.11153035  0.11971029  0.08345115  0.05657163
 -0.00607289  0.01039628 -0.13636003 -0.12685633  0.0244203  -0.05596227
 -0.00882433  0.00103348]