[-1.53467685e-01 -1.24445604e-02  7.50894994e-02 -3.18238735e-02
 -1.11192785e-01  1.17684007e-02  4.82459739e-02 -9.13394392e-02
  1.99418470e-01 -1.11641549e-02  2.21155331e-01  2.03773435e-02
 -2.51170874e-01 -1.42054064e-02  1.58609916e-03  1.40897557e-01
 -1.71233580e-01 -1.57013714e-01 -2.75747851e-02 -5.94351925e-02
 -6.60116412e-03 -1.68078626e-03  2.41298005e-02  1.28095344e-01
 -2.85561264e-01 -2.88825989e-01 -7.62493610e-02 -6.16388172e-02
 -4.50389273e-02 -5.12244850e-02 -1.12470379e-02  1.31169885e-01
 -1.43027961e-01  3.00305132e-02  6.66637719e-02  1.90919548e-01
 -5.43976985e-02 -1.30807847e-01  1.54696301e-01  3.92541736e-02
 -2.72505790e-01 -3.44039053e-02  7.61232302e-02  3.22177112e-01
  2.58829802e-01 -6.72596022e-02  5.41284680e-06 -8.91426057e-02
  1.71995208e-01 -3.57625693e-01  3.66708636e-02  2.02751249e-01
  2.29546279e-02  7.53339976e-02  6.16012923e-02 -1.09714553e-01
 -1.23588620e-02  1.89069197e-01 -1.99542582e-01  1.80828199e-02
  2.15354934e-03 -7.67636970e-02  3.82388309e-02 -1.47326872e-01
  1.53831884e-01  1.63302600e-01 -2.27708712e-01 -6.29664436e-02
  9.54337716e-02 -1.60795316e-01 -6.57611042e-02  1.34021595e-01
 -1.75809801e-01 -3.06656182e-01 -3.43513608e-01  7.15646297e-02
  4.31047201e-01  1.51678979e-01 -1.45453572e-01  1.13420142e-02
 -5.54202721e-02  1.65761970e-02  2.20261198e-02  1.97174489e-01
 -1.25670349e-02  1.27570508e-02 -1.13711238e-01  6.61298260e-02
  2.30452970e-01 -3.01504955e-02  1.11576663e-02  2.85211504e-01
 -5.95591031e-03 -1.65426545e-02  1.45929959e-02  2.26945892e-01
 -1.18172109e-01 -1.43572362e-03 -1.56034529e-01 -4.84677181e-02
  4.80766222e-02 -1.59114785e-02  7.78595209e-02  1.02082379e-01
 -1.97183102e-01  1.73304111e-01  3.40420641e-02 -1.95611026e-02
  3.09993569e-02 -1.14257365e-01 -2.56238393e-02 -1.23675698e-02
  1.24276653e-01 -3.34104240e-01  1.48040488e-01  1.45471230e-01
 -1.01831253e-03  1.60498127e-01  4.99854330e-04  3.58685814e-02
 -6.89092726e-02 -8.14305097e-02 -3.54312621e-02  9.55421664e-03
  2.22764350e-02 -2.81108301e-02  1.99012496e-02 -1.91564001e-02]