[-1.07805781e-01  1.37898132e-01  6.37956485e-02 -4.51592915e-03
 -1.09858245e-01  9.45309475e-02 -9.57581326e-02 -6.53957427e-02
  1.87758774e-01 -8.45361054e-02  2.14702398e-01  3.51996832e-02
 -2.20329538e-01 -3.60773429e-02  3.34549416e-03  8.78201425e-02
 -1.15010925e-01 -1.43596828e-01 -3.90008762e-02 -1.66877881e-02
  2.90808547e-02  1.03395559e-01  2.71382760e-02  3.73026431e-02
 -1.90092266e-01 -3.61590505e-01 -4.26914468e-02 -1.16213158e-01
 -8.67762882e-03 -1.13937438e-01 -6.95370510e-02  2.96711382e-02
 -1.38564363e-01  3.88116390e-02  1.75679009e-02  1.00716099e-01
 -6.12181947e-02 -6.32455340e-03  2.03727096e-01  1.75070409e-02
 -2.19197303e-01  3.98292532e-03 -1.24804974e-02  2.48616442e-01
  1.71836436e-01 -7.55161867e-02  4.00888212e-02 -5.13800383e-02
  1.70532048e-01 -2.89868206e-01  1.53566793e-01  1.88716799e-01
  1.37011841e-01  8.85345191e-02  1.34449571e-01 -1.07030608e-01
 -9.15619880e-02  1.21494323e-01 -8.91817585e-02  1.32210702e-01
  4.04900499e-02 -4.71542403e-02 -4.67783436e-02 -1.06231466e-01
  1.13173090e-01  1.02116868e-01 -1.28527880e-01 -1.45053148e-01
  9.46184397e-02 -1.45362690e-01 -1.00111023e-01  1.36615604e-01
 -9.04358327e-02 -2.41299540e-01 -2.78578758e-01  8.28723684e-02
  3.49682778e-01  1.43427357e-01 -2.49759540e-01  1.21054566e-02
 -8.80226307e-03 -5.98222204e-02 -5.74195944e-03  9.83252972e-02
 -4.46370058e-02  6.34858012e-02 -7.12838620e-02  5.22360839e-02
  2.48985767e-01 -1.41157163e-02 -1.64978746e-02  2.98256308e-01
  1.01815332e-02  8.08487758e-02  7.28565231e-02  1.31819189e-01
 -6.81007747e-03 -8.70016962e-02 -1.07902199e-01  3.37634794e-02
  3.13710794e-02 -1.37030765e-01 -7.67007545e-02  4.30851355e-02
 -2.00882778e-01  2.22094804e-01 -1.06555922e-02  2.08583735e-02
  3.04873986e-03  1.51251899e-02 -1.10425808e-01  2.71031051e-04
  2.08840504e-01 -2.88538158e-01  1.85246661e-01  1.07865751e-01
  2.98803523e-02  1.69047490e-01  2.90515348e-02  5.27675152e-02
 -5.04144374e-03 -6.29470348e-02 -1.10189274e-01 -1.34002060e-01
  3.47452462e-02 -2.67389193e-02 -5.82750216e-02  5.57063520e-02]