[-0.10255811  0.0566447   0.0156055  -0.09975192 -0.12402678  0.01354723
 -0.05972772 -0.12159034  0.15934949 -0.00631814  0.19776982 -0.02227486
 -0.21144179 -0.10895373  0.04482657  0.14854768 -0.09127823 -0.13766962
 -0.12088513 -0.05020978 -0.05820093  0.07593538  0.06271399  0.02624206
 -0.183933   -0.2283157  -0.06635723 -0.19236329 -0.01668288 -0.073073
  0.02087129  0.10223097 -0.13676035 -0.02742455  0.08598445  0.07409811
 -0.04878334 -0.00335882  0.21217284 -0.07086168 -0.22271895  0.00701223
  0.04706482  0.19964497  0.2320478   0.00923146  0.03786548 -0.07983373
  0.14854021 -0.16414289  0.09963713  0.15617016  0.0874312   0.03276327
  0.01921769 -0.09512104 -0.00785772  0.23161125 -0.28302476  0.03255263
  0.13798483 -0.08108063 -0.09373659 -0.09253106  0.16947728  0.10519426
 -0.19304092 -0.17240359  0.12626345 -0.14110753 -0.06127758  0.09719992
 -0.21056242 -0.19723514 -0.3229304   0.03561302  0.35641629  0.10364962
 -0.1357621   0.0146534  -0.03614361 -0.01792614 -0.06608818  0.06382962
 -0.03981826 -0.08681483 -0.0184551  -0.00467332  0.16696547 -0.04195244
  0.03418416  0.1924046  -0.01487573 -0.02259691 -0.08812837  0.08170224
 -0.05392533 -0.02744918 -0.04699489  0.03384783 -0.08296993 -0.03182724
  0.06333562  0.10803952 -0.13834672  0.22841464 -0.01243131  0.04186609
 -0.0639232  -0.01707759  0.00364407 -0.05662554  0.17108224 -0.22607714
  0.17128436  0.11246686  0.07355057  0.10727642  0.03488793  0.10496201
 -0.02645199  0.03925233 -0.22496276 -0.0682447   0.07912973 -0.03652296
  0.08660561  0.10040157]