[-1.26888022e-01  1.57306641e-01  6.72993585e-02 -2.28136107e-02
 -2.81185843e-04 -6.18661866e-02  5.10298554e-03 -6.54119849e-02
  2.20570773e-01 -5.83199561e-02  2.49926671e-01 -1.31803229e-02
 -1.98038757e-01 -1.27254635e-01  5.63933924e-02  8.26582313e-02
 -2.03989819e-01 -1.53905764e-01 -1.27372462e-02 -1.55085593e-01
  3.23122889e-02 -2.12531146e-02 -4.61949334e-02  5.68761788e-02
 -9.14375335e-02 -2.95243442e-01 -1.05757542e-01 -1.67339489e-01
  1.06797688e-01 -1.08031012e-01  7.35132694e-02  2.13124231e-02
 -1.63138807e-01 -4.08687219e-02 -4.57901582e-02  4.93072942e-02
  2.92887818e-02  3.62674799e-03  1.80320710e-01 -3.06892805e-02
 -5.19647077e-02 -3.53301764e-02 -3.79623659e-02  2.49021396e-01
  1.59546837e-01  6.09554425e-02 -4.16039117e-02  2.02536210e-03
  6.24062605e-02 -1.69954598e-01  2.59978771e-02  1.60956040e-01
  1.49307162e-01  5.37819378e-02  2.56767087e-02 -1.69296414e-01
 -3.69457342e-03  8.65235254e-02 -2.48615608e-01  7.51254559e-02
 -3.00876759e-02 -1.91449419e-01 -1.40061185e-01  3.10265925e-02
  2.50693858e-01  1.28933296e-01 -5.86572289e-02 -1.46273419e-01
  2.48382658e-01 -1.47869349e-01 -6.32289797e-02  7.49111548e-02
 -9.43973660e-02 -1.08228944e-01 -2.21714213e-01  8.64688382e-02
  3.24430406e-01  7.36540705e-02 -2.03273579e-01  7.47564137e-02
 -1.00307152e-01  1.46285612e-02  2.21485868e-02  3.23355161e-02
 -1.24515839e-01 -6.10413663e-02 -1.29828975e-01 -7.58802705e-03
  9.31466073e-02  1.86205488e-02 -3.62383500e-02  1.87938064e-01
 -4.20887284e-02  8.36535916e-02  2.97342874e-02 -7.45371878e-02
  4.65542078e-03 -2.61943787e-02 -7.84698427e-02 -8.86699185e-02
  1.23089783e-01 -6.76368326e-02 -4.77617346e-02  7.35161752e-02
 -1.99274614e-01  8.39249343e-02  4.74983789e-02 -7.05103390e-03
  2.22234335e-03  4.28171791e-02 -5.71450964e-02 -3.82903516e-02
  2.24600583e-01 -2.86732584e-01  2.55005479e-01  2.01641768e-01
 -1.97833627e-02  1.64040655e-01  1.52284876e-02  6.89320266e-02
 -8.38831905e-03 -1.04963943e-01 -1.76929131e-01 -2.98580099e-02
  3.50283980e-02 -4.18259650e-02 -6.29050098e-03  4.22377139e-02]