[-1.37899658e-02  6.88812286e-02  6.11062646e-02 -5.47441095e-02
 -8.47665966e-02 -3.36536728e-02 -2.31557731e-02 -5.01822084e-02
  2.08230987e-01 -1.12794347e-01  1.13051340e-01 -7.75348842e-02
 -2.42815450e-01 -4.77087237e-02 -2.83292159e-02  2.90106058e-01
 -2.10677907e-01 -1.83830902e-01 -9.25498158e-02  9.98081639e-04
  6.50732741e-02  9.38400924e-02  3.94023373e-04  1.41104311e-01
 -1.18487537e-01 -4.43620294e-01 -5.25929295e-02 -3.90279889e-02
 -9.25863087e-02 -1.36918604e-01  1.29609173e-02  1.95128635e-01
 -1.33876547e-01  3.65100354e-02  5.18551208e-02  5.98143637e-02
 -4.92502674e-02 -1.18171982e-01  1.69834867e-01  1.46529526e-01
 -3.14710528e-01  2.48958319e-02  7.62149021e-02  3.06496263e-01
  1.66362464e-01  3.18259262e-02  3.58562544e-02 -6.78418875e-02
  1.72800377e-01 -3.44641685e-01 -5.31985462e-02  1.94231018e-01
  2.15191860e-02  3.75258699e-02  7.64218196e-02 -1.33138657e-01
  4.91091050e-02  1.58798583e-02 -2.39954188e-01  3.90952379e-02
  5.94469570e-02 -1.86412036e-01 -1.16523243e-02 -8.24072883e-02
  1.19781815e-01  7.98274428e-02 -9.31759477e-02 -1.25886947e-01
  1.54826924e-01 -1.90619230e-01 -6.70598149e-02  3.79967801e-02
 -9.59600806e-02 -1.95163697e-01 -2.91711956e-01 -1.14631318e-01
  3.91977012e-01  1.08298421e-01 -1.22244045e-01  8.27493742e-02
 -5.22844084e-02 -3.02378219e-02 -7.75526557e-03  1.96623892e-01
 -6.73431903e-04 -6.12233207e-03 -1.03236884e-01  6.99834228e-02
  2.18155861e-01 -5.26844040e-02  6.23091944e-02  2.98941553e-01
  1.60193741e-02  2.34561898e-02 -3.95712592e-02  1.14546968e-02
 -1.27033412e-01  4.95344549e-02 -7.24926889e-02  3.52426106e-03
 -3.76210064e-02 -2.99852863e-02  1.04671651e-02  5.10726385e-02
 -2.22177386e-01  2.13128835e-01  6.40257448e-03 -1.22568421e-02
  1.72844734e-02  5.68187907e-02 -1.05693661e-01 -4.21670377e-02
  9.74342450e-02 -2.23050773e-01  1.26703054e-01  2.06138179e-01
  4.64771912e-02  1.08105257e-01 -7.74998358e-03  9.49822441e-02
 -4.32565771e-02 -1.07688256e-01 -1.96748823e-01 -6.79487735e-02
  5.27107790e-02 -2.24098451e-02 -5.64399064e-02  1.69586372e-02]