[-0.06932271  0.02962769  0.0606363  -0.08269957 -0.10654397 -0.06897672
  0.01268312 -0.12086985  0.24858734 -0.10101345  0.1506585  -0.05970347
 -0.27189058  0.03238787 -0.03794131  0.13334088 -0.16248825 -0.1224524
 -0.13220434 -0.02737205  0.06123881  0.05325045  0.0567693   0.1784772
 -0.14543825 -0.43033099 -0.06706215 -0.08622269 -0.02189054 -0.14202489
  0.12300625  0.15450171 -0.18775146  0.02538289 -0.05035216  0.04904545
 -0.05590774 -0.12157514  0.18937261  0.03040947 -0.27798742 -0.10090509
  0.02210134  0.27930912  0.2552664   0.05519143  0.07516613 -0.10383878
  0.12107693 -0.2557556  -0.03913004  0.14948606  0.0080506   0.01404245
  0.10252468 -0.18730167  0.00537309  0.03249309 -0.1854687   0.04063391
  0.06542608 -0.10543238 -0.00747795 -0.14620185  0.29432702  0.00923
 -0.19068238 -0.02370728  0.24490048 -0.23172253 -0.0596324   0.0483181
 -0.16017331 -0.18861459 -0.35557052 -0.09388953  0.41778025  0.11248861
 -0.12103709  0.05877796 -0.11343254  0.04002261 -0.03092622  0.22153582
 -0.03114535 -0.00084594 -0.0489117   0.07464462  0.18786821  0.0101831
 -0.01910242  0.26903763 -0.02733433 -0.02205636 -0.04129324  0.00950237
 -0.15188073  0.02105214 -0.07960775  0.06754538 -0.01712582  0.02188825
  0.04772786  0.12198135 -0.16638485  0.2344816   0.00652562  0.01735905
  0.04462351  0.02575793 -0.15325455 -0.06807623  0.17069793 -0.29549524
  0.15230963  0.14855537  0.07108966  0.13739495 -0.02398518  0.14057899
 -0.04077815  0.01990583 -0.23745286 -0.01083047  0.05048987 -0.09927722
  0.03827715  0.04206686]