[-1.30324557e-01  1.18258208e-01  1.02581710e-01 -1.31971892e-02
  2.15094676e-03 -3.89559008e-02 -1.70983020e-02 -2.54654251e-02
  1.77823484e-01 -1.11623652e-01  1.98326081e-01 -4.07587066e-02
 -1.44561112e-01 -4.36078720e-02  1.28166955e-02  1.11201167e-01
 -8.20570365e-02 -1.59234762e-01 -4.87458706e-02 -1.67984620e-01
 -3.19238305e-02  2.18216795e-02 -6.12862706e-02  2.65701152e-02
 -1.70140967e-01 -3.15263957e-01 -5.60532138e-02 -1.50799826e-01
  3.37216184e-02 -9.85464975e-02 -2.22684443e-03  1.08336449e-01
 -1.64956167e-01 -2.19746195e-02  3.51991653e-02  1.25942811e-01
  7.81577080e-02  6.37673140e-02  1.58586547e-01 -5.57645820e-02
 -5.39563820e-02  6.41726255e-02  6.74730390e-02  3.32379818e-01
  1.50660560e-01  2.66898386e-02  3.15241441e-02  6.16317615e-03
  6.98130727e-02 -1.38066888e-01  1.07884213e-01  7.89736882e-02
  1.09663658e-01  6.80351332e-02  6.74143434e-02 -1.41055420e-01
  8.01403075e-05  4.29008082e-02 -1.87432915e-01  1.34996966e-01
  1.06819957e-01 -5.62281534e-02 -1.04155637e-01  5.61690293e-02
  2.72440106e-01  7.26194307e-02 -1.20201051e-01 -1.19770378e-01
  1.55788332e-01 -1.46806225e-01  3.28055918e-02  3.48733831e-03
 -1.09638236e-01 -1.00189552e-01 -1.66883945e-01  1.68527544e-01
  4.44979548e-01  1.37212366e-01 -2.04145923e-01  1.45786613e-01
 -6.72866181e-02 -5.08002900e-02  6.88614100e-02  2.77852137e-02
 -1.08193785e-01  1.54746138e-03 -6.85881227e-02  1.05883852e-01
  1.93903252e-01  1.09415650e-01 -4.50388826e-02  1.31286070e-01
 -3.49815339e-02 -1.43446466e-02  2.47008465e-02 -4.27593552e-02
 -9.81276333e-02 -4.60890122e-02 -1.29068881e-01 -6.30684569e-02
  1.97771583e-02 -8.25477839e-02 -4.46246676e-02  8.78255367e-02
 -1.93997145e-01  1.88675731e-01 -4.87087248e-03  1.15995938e-02
 -2.97537670e-02  1.92125976e-01 -9.78134125e-02 -2.47713700e-02
  1.51866525e-01 -2.27242917e-01  1.71541288e-01  9.86923203e-02
  6.45329952e-02  1.61186576e-01  8.28282386e-02  7.42085651e-02
  1.03942201e-01  4.39981669e-02 -1.29915163e-01 -8.72754082e-02
  3.38451117e-02 -3.35393324e-02  1.42740279e-01  9.85406190e-02]