[-0.04043242  0.08750395  0.08681232 -0.10058159 -0.14890346 -0.05486744
 -0.07168427 -0.07171918  0.18736264 -0.18210734  0.20571104 -0.03235248
 -0.23528928  0.0659422  -0.03669311  0.23546915 -0.21038862 -0.09728926
 -0.0921915  -0.03019711  0.07735589  0.09145458  0.03601249  0.14944801
 -0.05804691 -0.39363554 -0.06533708 -0.05051126 -0.01317803 -0.03677151
 -0.02371909  0.09085683 -0.12242161 -0.01047774  0.02952414  0.02483969
 -0.0306416  -0.091624    0.14292593  0.02270078 -0.26272643  0.0540065
  0.1050251   0.20180662  0.20126037  0.08619035  0.07885316 -0.13271461
  0.1239934  -0.31455773  0.06898837  0.12551451  0.05359769  0.0600569
  0.1168402  -0.17393298 -0.04301618  0.13801163 -0.20183086  0.10953284
  0.07741421 -0.03268554  0.04238481 -0.14565158  0.25714582  0.16322553
 -0.17078197 -0.16271514  0.15906328 -0.23271464 -0.15142602  0.05035013
 -0.14464743 -0.16956444 -0.33312887 -0.00282277  0.28715265  0.18239574
 -0.09994046  0.00794475 -0.01649722 -0.01046674 -0.03296719  0.17257045
 -0.02064526 -0.06821202 -0.02516121  0.00683668  0.21730962 -0.0149215
 -0.02147756  0.34060922 -0.01434484 -0.00373554 -0.05649525  0.09648082
 -0.17252222 -0.03255726 -0.1506957  -0.0073191  -0.05717799  0.00954364
 -0.00795249  0.14170535 -0.17683241  0.12527911 -0.17585197 -0.01725969
 -0.01664614  0.08549464 -0.12257003 -0.07366053  0.12500384 -0.16619484
  0.20032182  0.1843428   0.12351677  0.0895533   0.04112905  0.07625709
  0.02831223 -0.04646736 -0.17633489 -0.07195072  0.09518021 -0.09232903
  0.01583952  0.05008293]