[-0.09544069  0.09587515  0.07136421 -0.07337136 -0.17926532 -0.08424287
 -0.03590786 -0.14227717  0.1975688  -0.0939296   0.12570339 -0.00889077
 -0.17056608 -0.01131678 -0.00512229  0.28563926 -0.25478071 -0.21569368
 -0.11170621 -0.06857659  0.06684322  0.08016031  0.01261344  0.21416354
 -0.12676604 -0.41282442 -0.03744328 -0.03457553 -0.04417073 -0.06990607
  0.07499595  0.18883702 -0.16913144  0.00871664  0.04424208  0.10572438
 -0.02850427 -0.15144323  0.13473859  0.09650369 -0.31295651  0.02775917
  0.11889667  0.31869736  0.23784408 -0.02860215  0.08659992 -0.01843657
  0.13855645 -0.28883189 -0.01165002  0.13993762  0.06274204  0.01854424
  0.13290483 -0.18364732  0.02224606  0.07938744 -0.19501372  0.01383494
  0.06683297 -0.17434631  0.02737609 -0.14476702  0.16464627  0.10271806
 -0.10163397 -0.08987431  0.14195126 -0.15296139 -0.14783974 -0.01875726
 -0.17656341 -0.15361044 -0.40345496 -0.06527952  0.42898387  0.13703008
 -0.16218987  0.05450489  0.05404567  0.01014376 -0.03520919  0.27208182
 -0.00163521 -0.01699987 -0.09415276  0.09808669  0.14684962  0.02289923
  0.00312031  0.27872896  0.01899448 -0.04866942 -0.04119785  0.03343895
 -0.14842907  0.03294256 -0.11516714 -0.00448278 -0.09970447  0.07148257
  0.00817518  0.09594177 -0.16964497  0.17064118 -0.01589863 -0.01427943
 -0.10184684  0.05106976 -0.07581763 -0.03015769  0.06150357 -0.16679613
  0.1173671   0.22817989  0.03843713  0.14802375 -0.02766689  0.05458386
 -0.01263418 -0.03306401 -0.15343755 -0.03747331  0.05946198 -0.08942936
 -0.00098866  0.07880989]