[-1.07918620e-01  9.17184055e-02 -3.67467776e-02 -9.53639001e-02
 -1.07527204e-01  3.32223810e-02  6.13244921e-02 -9.66334194e-02
  1.64464414e-01 -9.61233079e-02  2.34846577e-01 -1.15390889e-01
 -2.62108654e-01  3.03100087e-02 -4.32902202e-02  9.59038734e-02
 -2.28237346e-01 -1.32693172e-01 -1.20169386e-01 -2.43240371e-02
  7.53446743e-02  4.95586805e-02 -5.74911535e-02  5.39530925e-02
 -1.80426329e-01 -2.26747826e-01 -3.21802311e-02 -1.48656711e-01
  6.95580766e-02 -6.26784042e-02  1.34909302e-01  6.54225498e-02
 -9.80770215e-02  7.43566155e-02  4.18275408e-03  7.45718032e-02
 -8.09912607e-02 -1.35227777e-02  2.61052996e-01 -3.30997407e-02
 -2.02013671e-01  5.15683219e-02 -2.93483958e-04  2.71192074e-01
  9.94305760e-02  1.45175643e-02  3.07512842e-02 -1.21672921e-01
  7.94009268e-02 -3.25955600e-01  2.85877716e-02  1.42064750e-01
  1.74705669e-01  1.16594478e-01  4.31586318e-02 -2.20488966e-01
  7.07889199e-02  1.47135645e-01 -2.40692839e-01  1.35676503e-01
  1.02968067e-01 -1.33309349e-01  4.46633473e-02 -1.92346722e-02
  2.39802510e-01  7.97688589e-02 -1.48012504e-01 -9.65095088e-02
  1.86243951e-01 -1.88476562e-01 -1.17462285e-01  1.39917627e-01
 -2.91352272e-02 -2.01303899e-01 -2.58083522e-01  2.27405690e-03
  3.75229150e-01  1.62055597e-01 -2.12126985e-01 -3.86435874e-02
 -5.06868847e-02  1.79681294e-02  8.54794681e-02  6.37938529e-02
 -1.32169545e-01 -1.27442837e-01 -1.40218586e-01 -1.49009898e-02
  2.46562809e-01 -6.47169054e-02 -1.05070025e-02  2.38628775e-01
  9.69011262e-02 -1.37763685e-02 -1.01797311e-02  6.12267014e-03
 -4.88298833e-02 -2.32236311e-02 -5.16014174e-03  7.24867880e-02
 -1.29263205e-02 -1.24584392e-01 -2.66644396e-02  9.15799141e-02
 -2.04092726e-01  2.78015465e-01 -4.45081852e-02 -7.54298493e-02
 -6.93362355e-02 -8.48207064e-03 -8.69534072e-03  8.90538022e-02
  2.33692616e-01 -3.23952854e-01  2.29525283e-01  1.85186610e-01
  7.34219775e-02  1.78163290e-01  2.28100903e-02  4.93848622e-02
 -4.07934673e-02 -1.68260206e-02 -2.42191344e-01 -1.03493690e-01
  3.60293053e-02 -8.28004852e-02  2.59512626e-02  6.67032674e-02]