[-0.05166623  0.1573454   0.08059037 -0.09975068 -0.10972448 -0.03056134
 -0.10262524 -0.06025969  0.14500214 -0.09376628  0.22494194 -0.04922523
 -0.22329968 -0.03548925 -0.09079115  0.12601258 -0.16229647 -0.19430621
 -0.05059699 -0.03437295  0.03080124  0.07216439 -0.02433691  0.05288453
 -0.06940334 -0.30277047 -0.01444739 -0.08011228 -0.06200749 -0.0765296
  0.06921408  0.12742163 -0.14382419 -0.03579206  0.06784196  0.05487866
 -0.00717117 -0.02207025  0.24594808  0.05247283 -0.19877335  0.01797557
  0.09307934  0.32081032  0.09878393  0.01542105 -0.02406903 -0.03408129
  0.12966335 -0.25458986  0.10478018  0.21649158  0.14705446  0.06096651
  0.09782299 -0.1950887   0.03836038  0.12901445 -0.15891919  0.08286016
  0.03822377 -0.0420297   0.03569906 -0.0592135   0.18649322  0.08360231
 -0.08784895 -0.11033074  0.12654625 -0.05049153 -0.11636111  0.1080327
 -0.14997943 -0.14407793 -0.21505977  0.03139175  0.4376671   0.107839
 -0.18734813 -0.02023501 -0.03967845 -0.10700972  0.00509026  0.03305893
 -0.10420209 -0.03977405 -0.06655614  0.00840544  0.23142917  0.04202825
 -0.11080922  0.20235972  0.01549159  0.01051483  0.02627711 -0.03687743
 -0.03411791 -0.00289425 -0.20870888 -0.03603064 -0.07164331 -0.11006037
 -0.10751439  0.09304334 -0.22373304  0.06507397  0.06096438 -0.05439701
 -0.09566107  0.13626811 -0.14005364 -0.02719373  0.17563565 -0.19331326
  0.2257567   0.14650173  0.17067757  0.13210292  0.11715455 -0.01455069
  0.06380796 -0.1022312  -0.07147291 -0.15033673  0.07866088  0.02912532
  0.07436199  0.06014607]