[-6.34251758e-02  8.66150763e-03  7.88066462e-02 -1.85111210e-01
 -9.32259336e-02 -1.03320397e-01 -9.59030837e-02 -8.97623897e-02
  1.41203493e-01 -1.81228384e-01  1.60673946e-01 -1.47451460e-01
 -2.36394539e-01  5.32604307e-02 -8.42093006e-02  2.78536469e-01
 -1.72013044e-01 -1.00753993e-01 -1.48173273e-01 -8.35867748e-02
  3.32352482e-02  1.87905207e-01  2.12143816e-04  1.03961155e-01
 -4.29798290e-02 -3.60174477e-01 -2.72972807e-02  1.24234706e-04
 -8.44274461e-02 -3.03707942e-02  9.28790122e-03  1.95127249e-01
 -1.16372384e-01  3.29278260e-02  6.29649386e-02  1.10438585e-01
 -4.56732027e-02 -1.74638316e-01  1.82761014e-01  9.07433480e-02
 -2.61737704e-01  2.17978675e-02  1.25959590e-01  2.78658807e-01
  1.81247383e-01 -1.02799730e-02  2.72592455e-02 -1.33621991e-01
  1.03357486e-01 -3.56053531e-01  9.91266221e-03  1.09273985e-01
  6.86506778e-02  4.08229157e-02  8.28438401e-02 -1.81161746e-01
  5.77484705e-02  1.03104919e-01 -2.29867399e-01 -2.90383026e-02
  7.66162947e-02 -8.70527178e-02 -3.62734199e-02 -1.51397124e-01
  2.67516702e-01  1.67164654e-01 -1.91478744e-01 -9.05488655e-02
  1.66182742e-01 -1.31182879e-01 -1.28747582e-01  1.15824509e-02
 -1.22710079e-01 -1.61331400e-01 -3.18214804e-01 -5.12231514e-02
  3.33521396e-01  1.38150573e-01 -1.80261806e-01  7.07905143e-02
 -3.15569639e-02 -1.12995394e-02  2.49443371e-02  1.82287380e-01
 -4.70651388e-02 -1.52634457e-02 -1.03177484e-02  4.44723591e-02
  1.89380690e-01 -4.21463251e-02 -5.13647720e-02  2.78956056e-01
  5.55242077e-02 -1.13167772e-02 -3.24842669e-02  3.64904068e-02
 -1.12651959e-01 -1.86949801e-02 -1.56302199e-01  4.30282578e-03
  1.69821568e-02  1.01171006e-02 -1.15240701e-02  1.50327116e-01
 -2.31267393e-01  2.50835568e-01 -2.91456357e-02 -8.02512467e-02
  3.63314003e-02  8.03651195e-03 -2.53133923e-02 -1.48663707e-02
  1.12264231e-01 -2.01960772e-01  7.97881708e-02  1.67169526e-01
  1.42986968e-01  1.94086716e-01  6.35896251e-02  6.51013404e-02
  2.07023583e-02 -3.51849124e-02 -2.43348405e-01 -8.16156119e-02
  1.03880867e-01  5.73009811e-03  3.78970467e-02  1.13421172e-01]