[-4.17982340e-02  2.80205347e-02  9.10117775e-02 -2.64146719e-02
 -1.38066426e-01  8.18241946e-03 -1.07439898e-01 -2.82756388e-02
  3.06339487e-02 -1.49952590e-01  1.99681282e-01 -9.30652916e-02
 -2.03289896e-01 -5.08360099e-05  8.93556103e-02  1.38157234e-01
 -1.11091524e-01 -1.10966347e-01 -9.74850729e-02 -7.58836418e-02
  1.77992620e-02  5.89532927e-02  1.33273518e-02  4.61192206e-02
 -1.85870305e-01 -3.76128137e-01 -6.62384704e-02 -9.03897583e-02
 -4.15004566e-02 -6.27345890e-02 -5.88827059e-02  5.62665239e-02
 -9.03471485e-02  4.09979522e-02  4.37564477e-02  9.02218148e-02
 -1.03418514e-01 -1.40705854e-01  2.20397890e-01  5.17293401e-02
 -1.25031024e-01 -5.84357418e-03 -1.87846404e-02  2.30786279e-01
  1.18226513e-01 -5.94841316e-03  1.26321793e-01 -9.31023210e-02
  1.08081482e-01 -2.30859488e-01  8.93802270e-02  1.84290692e-01
  7.33934939e-02  8.88508558e-02  1.01743199e-01 -1.13871068e-01
  3.57279666e-02  1.46942303e-01 -1.37875110e-01  9.70883071e-02
  3.89821008e-02 -3.94996889e-02 -1.69942770e-02 -1.40940577e-01
  2.47491017e-01  1.17514022e-01 -1.33354858e-01 -1.07595101e-01
  1.02384128e-01 -4.96096611e-02 -1.43396527e-01  9.71878041e-03
 -1.77143142e-01 -2.25363970e-01 -2.60239422e-01  3.69428955e-02
  3.12473238e-01  1.48735151e-01 -2.68541008e-01 -2.11337321e-02
 -3.81330103e-02 -5.93028590e-02  1.02594160e-01  1.30744040e-01
 -2.77298298e-02 -6.23354651e-02 -6.26358837e-02  8.89551565e-02
  2.20745012e-01 -8.38621110e-02 -3.58770601e-02  1.96218565e-01
  2.16463096e-02  2.81008705e-02  2.22084597e-02  2.18845624e-02
 -1.15863830e-01  9.52296518e-03 -7.95257688e-02  6.72476739e-03
  8.82914141e-02 -8.09449926e-02 -3.53072807e-02  8.89849588e-02
 -1.68211028e-01  1.95570797e-01 -2.96750590e-02 -4.94410470e-02
 -1.17975799e-03 -2.69886795e-02 -1.83424532e-01 -6.93780556e-03
  1.70978650e-01 -2.34498993e-01  1.27716824e-01  1.82232276e-01
  7.31114298e-02  1.69458672e-01  1.01397738e-01  7.82084391e-02
 -8.17457400e-03 -2.07723007e-02 -2.27261350e-01 -5.61216176e-02
  7.65433535e-02  8.49997476e-02 -1.33122541e-02  5.74591681e-02]