[-0.07884564  0.1715512   0.01126905 -0.02197099 -0.09900968 -0.01177477
 -0.06465173 -0.03845534  0.17517999 -0.08922558  0.18622629 -0.01190702
 -0.18314934  0.00671857 -0.10472871  0.10853332 -0.10959078 -0.15603782
 -0.04925922 -0.11667508  0.01542413  0.14625832  0.00115949  0.09236667
 -0.13748315 -0.28920695 -0.07463741 -0.13250238  0.09394228 -0.11184752
 -0.01325519  0.04789018 -0.11828272 -0.07134248  0.06068974  0.05519948
 -0.14277646 -0.06566072  0.24387288  0.12858617 -0.07040221 -0.02195927
 -0.02254079  0.46188307  0.18299331  0.04828457  0.06222497 -0.10153536
  0.10140136 -0.23707552  0.07677475  0.18905398  0.12925525  0.10695653
  0.0890115  -0.19500858  0.04097831  0.09859555 -0.19601902  0.11504498
  0.04230705  0.0159203   0.02266165 -0.08106332  0.25301087  0.05670611
 -0.10283136 -0.07679424  0.18444216 -0.17060956 -0.03730521  0.1135001
 -0.1097314  -0.19560142 -0.18109374  0.0306809   0.44876975  0.23406783
 -0.1188781  -0.021514   -0.01812979 -0.05633889  0.0658282   0.05425242
 -0.17232722 -0.05717678 -0.06921203  0.05273658  0.19352157  0.02252683
 -0.12010662  0.14240393  0.01672081 -0.0016714   0.0785464   0.00223502
 -0.15406267  0.01708204 -0.09276432 -0.02505636 -0.0395354  -0.13299374
 -0.00476709  0.12349313 -0.12077282  0.22500806 -0.00349961 -0.03426354
 -0.09384575  0.05581501 -0.17360112  0.01278109  0.22933057 -0.19440895
  0.17933711  0.13346948  0.06590017  0.18546888  0.08047047  0.06726705
 -0.04851352 -0.03422651 -0.14739935 -0.0952929   0.01736218 -0.04388475
  0.12290305  0.0135303 ]