[ 0.02955189 -0.00067669  0.01184041 -0.11274816 -0.09151479  0.03863181
 -0.11179303 -0.05271591  0.18952943 -0.23035662  0.1416155  -0.05966726
 -0.21049219  0.11673807 -0.15218756  0.19072686 -0.15610014 -0.17395103
  0.00048926 -0.05516429  0.03486554  0.10051746 -0.10292549  0.08202955
 -0.0747304  -0.33827096 -0.09637641 -0.07223129  0.01082864 -0.06783889
 -0.03881787  0.0351602  -0.15631297  0.0911769   0.05950897  0.09003027
  0.03117459 -0.06062628  0.15300395  0.11599652 -0.22212327  0.02547921
  0.08895651  0.27172336  0.10452008  0.01750292 -0.01496384 -0.10589449
  0.13381606 -0.2621547   0.0109696   0.16312911  0.13120125  0.11437099
  0.01846275 -0.13804542  0.06724259  0.09825791 -0.15384763  0.06967743
  0.04999914 -0.01922479  0.01968852 -0.00479948  0.22604793  0.02948531
 -0.1273406  -0.13558458  0.13434179 -0.21218507 -0.07609572  0.01998743
 -0.12301227 -0.19516091 -0.23216254  0.01798724  0.36851248  0.22238643
 -0.13249248  0.14602973 -0.01212894 -0.00882507  0.09827282  0.13308069
 -0.00365774  0.05837688 -0.04575053  0.08801816  0.24262419 -0.06850778
  0.03430947  0.20255715 -0.04502112  0.1090681  -0.03255063  0.06832643
 -0.11029355 -0.01514803 -0.13095737 -0.02680815 -0.02446124  0.08343359
  0.00983424  0.124819   -0.21621959  0.16434734 -0.04624641 -0.10897144
 -0.0032006   0.10975035 -0.03969244 -0.06749412  0.14087081 -0.2011015
  0.14267169  0.18790729  0.08236433  0.12277119  0.06404594  0.00576555
  0.02695695 -0.10960729 -0.21627393 -0.08133605  0.01513073 -0.04812726
 -0.00952666 -0.02569654]