[-1.59119323e-01 -4.03392650e-02  4.92720306e-02  2.05869917e-02
 -1.33612379e-01 -4.36388422e-04 -3.30713727e-02 -4.66444157e-02
  1.82634324e-01 -3.84472273e-02  2.08757877e-01 -4.35053091e-03
 -2.09052965e-01 -7.50895292e-02  3.49997208e-02  1.11905277e-01
 -1.58047229e-01 -8.66275430e-02 -4.56284210e-02 -1.80713497e-02
  8.07563122e-03 -3.45200524e-02  1.13179917e-02  9.93795246e-02
 -2.09895417e-01 -3.92089158e-01 -4.46854904e-02 -6.86573461e-02
 -6.24794066e-02 -6.62810728e-02 -4.77000400e-02  1.19906977e-01
 -1.67335764e-01 -7.50895143e-02  2.21994277e-02  1.52282447e-01
 -4.80627529e-02 -1.01913828e-02  1.52142346e-01  6.47175014e-02
 -2.16783166e-01  5.50076850e-02 -9.39890742e-04  2.63827264e-01
  2.07791865e-01  1.08060040e-01 -2.06584837e-02 -6.63722903e-02
  2.31979594e-01 -3.07627648e-01  6.93938881e-02  1.72075182e-01
  7.17729181e-02 -4.95148357e-03  8.97569433e-02 -1.46852881e-01
 -3.21849771e-02  1.46124050e-01 -2.03893602e-01  3.92418504e-02
 -3.63214314e-02 -8.33659712e-03  8.38915557e-02 -1.22576870e-01
  1.48620933e-01  1.57128841e-01 -1.05443120e-01 -6.65207356e-02
  1.11474611e-01 -1.09502785e-01 -5.97229004e-02  7.22721592e-02
 -1.54886439e-01 -2.67069101e-01 -3.70399952e-01  5.60869202e-02
  4.37167495e-01  1.00130081e-01 -1.69889033e-01 -8.83650333e-02
 -5.73814288e-02 -6.97389469e-02  4.90532406e-02  4.97537069e-02
 -4.13625911e-02 -9.89644527e-02 -9.05236974e-02 -1.87684968e-02
  2.47639716e-01  4.00092937e-02 -3.42098139e-02  1.99085027e-01
  2.61228383e-02  4.74287719e-02  2.40250304e-03  6.19934499e-02
 -1.41599149e-01  2.66215503e-02 -1.98781982e-01 -4.86463644e-02
 -4.25216742e-02 -3.42420079e-02  3.44968289e-02  8.45064074e-02
 -2.20260412e-01  1.56395420e-01  3.96168679e-02 -4.04058620e-02
 -3.01602259e-02  1.44550493e-02 -1.86230659e-01  1.56807266e-02
  1.29701599e-01 -2.72315443e-01  2.20761374e-01  1.70488432e-01
  1.27610028e-01  1.59224987e-01  4.13956195e-02 -3.26354690e-02
 -5.94405271e-02  8.84356815e-03 -9.97578502e-02 -4.99462001e-02
  6.91201314e-02 -3.20124552e-02  5.01420125e-02  3.14579979e-02]