[-0.14602989  0.04915581  0.01930536 -0.15963587 -0.08102692  0.02196566
 -0.04007919 -0.1274972   0.22247176 -0.12145802  0.11054346 -0.10015152
 -0.24064712  0.07273518 -0.14826095  0.22834171 -0.07895482 -0.13405356
 -0.132861   -0.02752562  0.05734389  0.0986919  -0.02383681  0.11679614
 -0.07389955 -0.33887684 -0.07979767 -0.09141571 -0.09490451 -0.10283983
  0.07298127  0.12844011 -0.15453696 -0.03568531 -0.03965476  0.05512862
 -0.03435592 -0.14470194  0.19594167  0.1021779  -0.2524074  -0.04432417
  0.11158548  0.31232479  0.13492142  0.05062856  0.06957874 -0.05187273
  0.08772174 -0.32859817 -0.04930295  0.11024917  0.0080361   0.1009207
  0.03720173 -0.17499366  0.05755964  0.04512573 -0.20589158  0.09771725
  0.08612709 -0.08918976 -0.00557914 -0.10452044  0.27034566  0.11304076
 -0.1409826  -0.06766339  0.21070324 -0.1205234  -0.05000116  0.03271767
 -0.19392675 -0.2181934  -0.28761983  0.01543639  0.34709471  0.17839472
 -0.03121531  0.03104205 -0.10311408  0.04157496 -0.03963113  0.13000846
  0.05298541 -0.02784568  0.02530757  0.05401865  0.23655605 -0.04185819
 -0.03498998  0.26317966 -0.01439664 -0.08073886 -0.11674692  0.1326883
 -0.11615259  0.0301804  -0.07233061  0.07505611  0.03118209  0.03617071
  0.09457762  0.13820024 -0.18883558  0.17042829 -0.05295692 -0.02796704
 -0.01615757  0.04781099 -0.10122081 -0.02732841  0.17103603 -0.15197273
  0.16489202  0.21502668  0.05992075  0.10924743  0.05794112  0.09601839
  0.03591827  0.00642315 -0.20010413 -0.11030705  0.08243807  0.02940743
 -0.01291911  0.09466333]