[-0.04110991  0.06237268  0.00283537 -0.12817281 -0.06887927  0.02088371
  0.00448346 -0.12088223  0.17285861 -0.10508394  0.21278106 -0.13463682
 -0.31123143 -0.07468387 -0.00401949  0.17885618 -0.22313733 -0.17150471
 -0.08998995 -0.06393953  0.02520362  0.00263613  0.00528678  0.10764891
 -0.08278843 -0.30102223 -0.05197041 -0.11949346  0.04573289 -0.0919034
 -0.01903336  0.12567835 -0.11833049  0.01144184  0.0301035   0.09660268
 -0.02910828 -0.19901803  0.23483209 -0.02286065 -0.22072239 -0.05114464
  0.08182578  0.22518647  0.20877665 -0.01587775 -0.01999155 -0.06311891
  0.25646114 -0.34527346  0.01207586  0.15162919  0.07042395  0.08182808
  0.06987209 -0.24237427  0.06566133  0.08794898 -0.23085418 -0.01563675
  0.00742364 -0.17763694  0.03947102 -0.11212891  0.2172929   0.06604104
 -0.12529984 -0.0949095   0.23947698 -0.12653542 -0.01609931  0.10234543
 -0.13189797 -0.17470773 -0.24851671  0.01330601  0.41472256  0.15171625
 -0.1048609   0.09460771 -0.08279146 -0.0772347  -0.01448395  0.14911541
 -0.00807898 -0.02781522 -0.13830574 -0.01234962  0.23439333 -0.09566838
  0.02284494  0.28428298 -0.00541439  0.05251959  0.02862994  0.04021358
 -0.1091143   0.00607406 -0.1145547   0.03867997 -0.03109792 -0.12156281
 -0.02325185  0.05696066 -0.20200108  0.15036309  0.01795464 -0.02896265
 -0.06305538 -0.10723706 -0.01184358  0.02226601  0.15549491 -0.33022666
  0.12702551  0.14270456  0.14900774  0.21275535  0.00882088  0.07298006
  0.01891242 -0.13398504 -0.19948252 -0.09159721  0.0718014   0.01885115
 -0.04319828  0.09258151]