[-2.40435004e-02  7.86185339e-02 -4.00067456e-02 -8.51217732e-02
 -3.40009145e-02 -1.99749973e-03 -5.19331396e-02 -1.21433109e-01
  1.79984957e-01 -1.17123976e-01  1.57205939e-01 -1.91555582e-02
 -1.61110759e-01  8.82160589e-02 -2.53481790e-02  1.31194606e-01
 -1.64583281e-01 -1.88307002e-01 -8.30386877e-02 -4.80531119e-02
  4.93678413e-02  1.42418519e-01 -1.35932267e-02  1.28486797e-01
 -1.50175631e-01 -3.28287810e-01 -6.60829395e-02 -1.00163236e-01
  2.98033580e-02 -6.56736642e-02  5.30010983e-02  8.25612396e-02
 -2.14839578e-01  4.38786075e-02  8.35927054e-02  1.07617378e-01
 -2.41399575e-02 -1.13071844e-01  2.48291016e-01  1.29079878e-01
 -2.58707404e-01 -6.56177104e-03  1.11287028e-01  2.88729787e-01
  1.69716731e-01 -8.05410147e-02  2.38304958e-02 -1.01196758e-01
  8.52046013e-02 -2.73513943e-01  6.64108843e-02  1.78496972e-01
  4.41472307e-02  1.66406855e-01  2.37135589e-02 -1.38445124e-01
  6.43099397e-02  4.74212021e-02 -2.36830994e-01  6.64555747e-03
  1.10782474e-01 -1.82736628e-02  1.99159663e-02 -4.00785618e-02
  2.22655088e-01  1.11124337e-01 -9.60449353e-02 -1.65377945e-01
  9.91125181e-02 -2.35231042e-01 -9.51603130e-02  1.08630635e-01
 -1.02947414e-01 -1.96401969e-01 -2.03583747e-01  1.69651173e-02
  3.91184390e-01  1.79475680e-01 -1.13014236e-01  1.52208984e-01
 -5.93125522e-02 -1.15015648e-01  6.84948415e-02  1.34999782e-01
  4.73108441e-02  7.73945749e-02  1.80169754e-02  1.18439183e-01
  2.87541270e-01  2.17246655e-02 -1.90398134e-02  2.50849336e-01
 -2.55627390e-02 -1.12354746e-02  7.77102485e-02  8.31126347e-02
 -8.67747664e-02 -2.06547696e-02 -1.28814191e-01 -1.34935314e-02
 -1.08955190e-01  4.47492748e-02  1.73575385e-03  9.86067206e-02
 -2.05652803e-01  2.51474470e-01 -6.47185836e-03 -9.98144895e-02
 -1.33661488e-02  3.36930379e-02 -4.19615880e-02 -6.10441007e-02
  1.41224146e-01 -2.46558622e-01  1.73663661e-01  8.32229853e-02
  5.21203466e-02  1.56163156e-01  2.26153061e-04  9.11495611e-02
  5.05303591e-03 -4.18526381e-02 -2.14634880e-01 -4.29192893e-02
  3.95209230e-02 -1.03242751e-02  2.60483865e-02 -7.70140998e-03]