[-0.11823902  0.0223758  -0.06798803 -0.08845846 -0.16824825  0.0309724
 -0.04451959 -0.09999227  0.15261228 -0.09068681  0.24681762 -0.03388851
 -0.29821989 -0.06041847  0.12569483  0.03300183 -0.14111945 -0.08318426
 -0.09261794 -0.11818857  0.0077851  -0.00918262  0.09249826  0.04942383
 -0.1796117  -0.26888469 -0.06106016 -0.09833006  0.11157677 -0.15167055
 -0.04799277  0.03286018 -0.15052444 -0.10064334  0.02631217  0.13769078
 -0.15494455 -0.10156106  0.23467827 -0.03078102 -0.11201738 -0.06196457
 -0.00410667  0.26291484  0.18996353  0.02777658 -0.01439115 -0.04808822
  0.1118936  -0.30739966  0.09447702  0.1464172   0.12148407  0.06645674
  0.0570578  -0.11732703  0.02017317  0.21237354 -0.21786708  0.05954954
  0.09952027 -0.12208802 -0.050331   -0.14156213  0.32231432  0.15104952
 -0.14469418 -0.11120835  0.15022868 -0.08839116 -0.14367981  0.08517206
 -0.11084218 -0.19798891 -0.22612445  0.04990253  0.28379288  0.16142884
 -0.17007288 -0.03118427 -0.08834068 -0.06900482 -0.01840897  0.05437035
 -0.04488865 -0.07791225 -0.07738318  0.0263005   0.18908258 -0.07770742
  0.00063673  0.23931041  0.07640684  0.04528666  0.05618918  0.04297528
 -0.14230229 -0.04157814 -0.14655806 -0.03324013  0.06612215 -0.12716143
  0.04430082  0.12444945 -0.1775627   0.26912633 -0.00508999 -0.05528598
  0.02937743 -0.13655332 -0.03798087 -0.01389571  0.16050683 -0.35693389
  0.18904479  0.18433815  0.17444581  0.18063533  0.01554635  0.02548247
  0.02497572  0.03293996 -0.22813873 -0.07486341  0.03190414 -0.03417934
 -0.01127214  0.08374866]