[-4.59683612e-02 -9.53068025e-04 -3.56960148e-02 -9.22442675e-02
 -1.09427109e-01 -3.40327062e-02 -1.83903780e-02 -8.80177766e-02
  1.34381160e-01 -9.22405720e-02  1.97067305e-01 -8.45971256e-02
 -2.05203801e-01  6.28324822e-02 -1.67711060e-02  1.67480379e-01
 -2.18167067e-01 -1.55748829e-01 -1.27096504e-01 -3.26532573e-02
  1.23313982e-02  7.41483867e-02  5.99090382e-03  1.26726806e-01
 -8.79971683e-02 -3.30939472e-01 -6.79009780e-02 -1.12031311e-01
  7.50055313e-02 -9.66284722e-02  6.17997386e-02  1.34441093e-01
 -1.51458621e-01  2.18083300e-02  7.40567371e-02 -7.73124769e-03
 -5.56393750e-02 -1.64016530e-01  3.25094253e-01  2.54846849e-02
 -2.77994752e-01 -7.12529495e-02  8.87331963e-02  2.42856130e-01
  1.96707994e-01 -3.59165221e-02 -2.59284154e-02 -5.86169809e-02
  1.27351761e-01 -2.49770343e-01  5.32592461e-02  1.89083338e-01
  7.54994825e-02  1.18832603e-01 -3.76812443e-02 -1.10805273e-01
  5.22763506e-02  1.31174386e-01 -3.23925048e-01 -1.96757857e-02
  6.27249628e-02 -1.13020048e-01 -1.40451286e-02 -7.88763389e-02
  1.67595401e-01  1.16389565e-01 -1.26140416e-01 -2.01474905e-01
  1.67738706e-01 -2.20901340e-01 -8.14466104e-02  8.15348178e-02
 -1.30009562e-01 -2.03008741e-01 -2.20107868e-01 -4.82588261e-02
  3.21437150e-01  1.16308816e-01 -1.17293604e-01  5.83618395e-02
 -2.26730835e-02 -1.75878346e-01  4.96521872e-03  1.65996626e-01
  2.33698450e-02 -7.05183223e-02 -5.84312109e-03  3.50789800e-02
  1.95686877e-01 -2.88518015e-02 -1.48252938e-02  2.61608452e-01
 -1.19574647e-02 -7.21190423e-02  2.39911359e-02  1.27594307e-01
 -1.03988379e-01  2.39400920e-02 -7.79142007e-02  1.16984565e-02
 -4.76051085e-02  3.63316461e-02  1.56121794e-04  1.23135410e-01
 -1.44509226e-01  2.62568235e-01 -3.07202619e-02 -2.39797011e-02
  8.64583999e-04 -6.39091209e-02 -2.16953829e-02 -1.04941882e-01
  1.35085180e-01 -2.09372953e-01  1.17052808e-01  1.03865646e-01
  7.60065168e-02  1.41268879e-01 -2.72908583e-02  8.08949471e-02
  2.13667564e-02 -4.82095480e-02 -3.07214886e-01 -4.73574474e-02
  8.38060901e-02 -5.77091146e-03 -1.02345655e-02  2.62508560e-02]