[ 4.19633812e-04  7.66192824e-02  8.29159841e-02 -1.24721631e-01
 -1.31169870e-01  1.99848367e-03 -3.15837674e-02 -7.81010315e-02
  2.26207644e-01 -1.60481676e-01  1.31544560e-01 -5.50932027e-02
 -2.70925671e-01  6.06738180e-02 -4.29077148e-02  1.87176853e-01
 -2.08529174e-01 -2.37652451e-01 -9.06500667e-02 -1.22466855e-01
 -2.56994031e-02  1.43433169e-01 -3.53079848e-02  1.04181707e-01
 -9.63820592e-02 -3.52753252e-01 -7.23077450e-03 -4.89499867e-02
 -8.26697275e-02 -1.53691741e-02  7.02627301e-02  1.70360982e-01
 -1.62522137e-01  5.92706352e-02  5.17121702e-02  5.67763746e-02
 -6.33269399e-02 -1.95762902e-01  2.12977871e-01  1.30382434e-01
 -2.63265938e-01 -1.25026479e-02  4.00195569e-02  3.50692570e-01
  1.87646925e-01 -9.72985625e-02 -2.30537690e-02 -6.64206371e-02
  2.02867821e-01 -3.43351781e-01  2.69904379e-02  2.71294922e-01
  6.54683560e-02  1.79626010e-02  7.64977932e-02 -1.07605167e-01
  5.26593849e-02  1.36100203e-01 -2.10840747e-01  3.15966532e-02
  1.28225207e-01 -1.46935746e-01  1.67547539e-02 -1.61438763e-01
  2.17879191e-01  1.02552682e-01 -1.47858366e-01 -8.98433179e-02
  1.41624376e-01 -9.70337018e-02 -1.14587136e-01  3.92420776e-02
 -2.14458421e-01 -2.10541949e-01 -2.48793647e-01  6.70750439e-02
  4.28667277e-01  1.67327419e-01 -9.31739435e-02  6.88218847e-02
 -2.49039102e-02  1.90564636e-02  4.53088321e-02  2.40656912e-01
 -3.25416699e-02 -6.39853850e-02 -4.64815572e-02  1.24669068e-01
  2.05502167e-01 -1.83145981e-02 -1.00182988e-01  2.92830169e-01
 -4.40333635e-02 -2.46685296e-02 -3.89962643e-02 -9.19915643e-03
 -8.75504985e-02  3.11572645e-02 -1.55380383e-01  2.97651924e-02
 -2.67853588e-03  2.86554117e-02 -4.61824238e-04  1.27806470e-01
 -1.40473098e-01  1.02618039e-01 -2.03063712e-02 -2.57629249e-02
  2.66552605e-02 -4.67410944e-02 -7.18745589e-02 -5.81465252e-02
  1.22525796e-01 -2.02856079e-01  1.28341660e-01  8.36839825e-02
  1.22367091e-01  1.48169547e-01  3.31056081e-02  2.36961134e-02
  3.13752890e-02 -1.14197724e-01 -2.02781230e-01 -4.35072146e-02
  1.10518925e-01  5.01824170e-02  2.56666802e-02  2.60050558e-02]