[-1.06648259e-01  6.15500212e-02  8.76790285e-03 -1.12980485e-01
 -3.18386853e-02  2.99804378e-04 -7.81246275e-02 -8.59217718e-02
  1.85497299e-01 -1.10158429e-01  2.42747694e-01 -3.02951150e-02
 -2.36468047e-01 -9.06151235e-02 -6.06131256e-02  8.80110562e-02
 -1.34254441e-01 -1.48995563e-01 -4.80596274e-02 -1.11247845e-01
 -2.05155164e-02  3.15991119e-02  5.80980889e-02  8.82689357e-02
 -1.56701624e-01 -3.30977023e-01 -9.03710499e-02 -1.65702820e-01
 -7.05765933e-02 -7.07197115e-02  5.18772239e-03  1.02139659e-01
 -1.83836684e-01 -3.24589983e-02  3.27207372e-02  8.56482536e-02
 -4.01833095e-02 -6.82572601e-03  1.71948120e-01  3.25523019e-02
 -9.81262699e-02 -5.42796068e-02  7.48956278e-02  2.60971427e-01
  1.62865415e-01  7.57592693e-02 -7.42846169e-03 -4.77923192e-02
  6.85477927e-02 -1.80149496e-01  5.23430109e-02  1.88200399e-01
  1.23819456e-01  1.34098213e-02  1.23541683e-01 -9.76246521e-02
  2.58146115e-02  9.38175321e-02 -1.61885783e-01  2.88928151e-02
  4.32762969e-03  2.68448405e-02 -3.71636637e-02 -3.68614346e-02
  2.30671316e-01  9.32962522e-02 -1.33648038e-01 -7.66334906e-02
  1.88075721e-01 -1.22982755e-01 -6.33822754e-02  1.21045701e-01
 -1.48624882e-01 -2.26535529e-01 -2.11559758e-01  3.69554907e-02
  3.75137419e-01  1.67655945e-01 -6.67253137e-02  3.64179239e-02
 -8.01387057e-02 -8.32454860e-02 -2.05015894e-02 -1.88321043e-02
 -1.68649465e-01  2.20521912e-03 -5.21962866e-02  6.92516416e-02
  1.84820160e-01  6.19587898e-02 -6.94998801e-02  1.88917369e-01
 -5.83061725e-02  1.69380978e-02  1.89624410e-02 -5.45519521e-04
 -6.47554100e-02  1.20972926e-02 -1.73833057e-01 -2.61331387e-02
  2.16069650e-02 -6.06315546e-02 -2.10343339e-02  8.29378963e-02
 -1.79247692e-01  2.13791877e-02 -1.57246343e-03 -8.12280849e-02
 -6.12085648e-02  8.14512298e-02 -1.90904662e-01 -3.44654135e-02
  1.59245923e-01 -2.73599118e-01  1.35766357e-01  1.45188496e-01
  1.17756203e-01  1.09526120e-01  1.26100793e-01 -1.91841386e-02
  2.27022339e-02 -1.01431258e-01 -1.50097504e-01 -1.09433673e-01
  9.00569633e-02 -1.29183019e-02  1.04495779e-01  1.07256453e-02]