[-0.13492317  0.11849577  0.04345525 -0.08054844 -0.08987834 -0.00170547
 -0.01217098  0.0358838   0.16938068 -0.00288007  0.19185589  0.01114848
 -0.26170856 -0.04756208 -0.06257775  0.09834097 -0.20860521 -0.11669677
 -0.00900478 -0.06011254  0.15578684  0.13203417 -0.00656725  0.11694252
 -0.11746124 -0.34864014 -0.08148363 -0.14168844  0.00741896 -0.16964529
  0.10052069  0.06919754 -0.18566144 -0.03007829  0.03908239  0.08403809
 -0.02071012 -0.06555326  0.15679286  0.07620195 -0.10116913  0.04100441
  0.04607845  0.36395615  0.11337037  0.07214057 -0.00977729 -0.05292924
  0.10487927 -0.24826518  0.1008496   0.19243446  0.07263936  0.04502542
  0.15335228 -0.13374755  0.01188603  0.09036455 -0.27310076  0.07931847
  0.01182082  0.04379837  0.02693544 -0.10682865  0.08762393  0.08733913
 -0.06769173 -0.15508284  0.11990031 -0.222891   -0.08578783  0.11798592
 -0.11012799 -0.16267976 -0.2120457   0.07372715  0.37942395  0.18856189
 -0.10086156  0.00930789 -0.00094307 -0.09097714  0.0271389   0.01264336
 -0.12958775  0.01413838 -0.0808362   0.1094246   0.15195261  0.06369111
 -0.03299375  0.26495713  0.02432249 -0.03275058  0.0623441  -0.04083669
 -0.08023148  0.01812596 -0.15960003 -0.02012247 -0.05378013 -0.09499244
 -0.02592938  0.09625594 -0.15108454  0.03136533 -0.00968004 -0.10897872
 -0.12362599  0.08714934 -0.25393745 -0.0334691   0.15531643 -0.2389148
  0.18264857  0.15539478  0.05644302  0.09330009  0.04729698  0.05332427
 -0.00391075 -0.10309805 -0.09726419 -0.06643373  0.10140751  0.01529479
  0.0253449  -0.04654157]