[-0.04492291  0.00452587 -0.05325301 -0.03978614 -0.12336089 -0.05669839
 -0.01682155 -0.02890156  0.14613229 -0.05086534  0.21467315 -0.03288554
 -0.15212111 -0.08161699 -0.00716872  0.08558999 -0.15199696 -0.07865632
 -0.08737706 -0.11336645  0.08473112  0.04004916  0.01821087  0.07671968
 -0.26554099 -0.2893661  -0.10752211 -0.06963836  0.03026258 -0.08305252
  0.10149678  0.14837018 -0.11253165  0.01075516 -0.00284798  0.08727209
 -0.0698026  -0.04552109  0.2349565   0.04565781 -0.18655121 -0.03467683
  0.01355602  0.32498679  0.2065804  -0.02994619  0.09742174 -0.0492886
  0.11022724 -0.26210409  0.08458112  0.19205183  0.03530716  0.01703278
  0.05362432 -0.07963612 -0.01779564  0.23846465 -0.16562767  0.07292182
 -0.0056906  -0.09562029 -0.0637177  -0.0637145   0.1687465   0.10341351
 -0.12305246 -0.12977093  0.21911125 -0.18252766 -0.11991255  0.0758744
 -0.12708557 -0.22112176 -0.37608451  0.01915015  0.46322355  0.05864822
 -0.16315648  0.08946453 -0.04409498 -0.05202075  0.11008435  0.13787168
 -0.05707888 -0.06934033 -0.13130549  0.06990321  0.23698369 -0.06204883
 -0.03369449  0.20687519  0.0693766   0.0012451   0.05307941  0.06052655
 -0.07451834  0.02285944 -0.0636049   0.03712031  0.09279201 -0.11352979
 -0.0334711   0.0996526  -0.15837765  0.25332186  0.06297369 -0.02267056
  0.0141562  -0.04725438 -0.11059172 -0.04745465  0.20322779 -0.2508477
  0.10344977  0.14892024  0.04899659  0.20544866  0.07876972  0.111696
 -0.00858583 -0.02970618 -0.20985821  0.01108351 -0.01581024 -0.03146535
 -0.03417826  0.06016879]