[-0.11890595  0.08598861 -0.02369424 -0.06894916 -0.00610086 -0.03667273
  0.01215509 -0.08240607  0.1912048  -0.09143471  0.20714843  0.04194195
 -0.19260924 -0.11192294  0.04731782  0.08041149 -0.15686856 -0.14384988
 -0.08404979 -0.04535829  0.02333606 -0.07487137  0.05255498  0.04276269
 -0.10882518 -0.35926822 -0.0513891  -0.18028077 -0.0079409  -0.02627044
  0.06065836  0.0397859  -0.14800709 -0.03947864 -0.01791124  0.09272987
 -0.01260195  0.01472561  0.21137574 -0.02778356 -0.1142971  -0.00107652
 -0.01534422  0.2988919   0.1302454   0.02929445  0.09580553 -0.04653341
  0.09507883 -0.25786096  0.06423417  0.09224188  0.13709313  0.02794453
  0.14297549 -0.12316247  0.08558452  0.02415954 -0.1995264   0.04240907
  0.04642818  0.01944976 -0.04948359 -0.02394749  0.34652492  0.09999432
 -0.14253102 -0.03652695  0.1269158  -0.07779889 -0.04457205  0.02681448
 -0.12902091 -0.17642826 -0.26666859  0.06502274  0.37659866  0.17215174
 -0.16600022  0.05709454 -0.20674632  0.01670174  0.03735441 -0.03511045
 -0.14073642  0.03311365 -0.12164105  0.05420911  0.15669695 -0.00950297
 -0.07506476  0.16193928  0.01383879  0.00457056 -0.00249064 -0.00515143
 -0.06767525 -0.01184143 -0.153062   -0.0297743   0.11274195 -0.06773975
  0.02176179  0.07241091 -0.26406851  0.09629188 -0.01097433 -0.02843104
  0.01782282  0.08642969 -0.16552645 -0.02355432  0.11690727 -0.29537717
  0.20187493  0.18268099  0.05147771  0.14110112  0.07432171 -0.01137244
 -0.03698556 -0.01566812 -0.1409592  -0.07110683  0.06305004  0.08060279
  0.07116999  0.06998112]