[-8.24058726e-02  4.16344963e-04 -1.03487261e-01 -7.40283281e-02
 -1.26507044e-01  7.58994669e-02 -4.67551500e-03 -1.01601914e-01
  1.24744207e-01 -9.83079001e-02  1.73776522e-01  6.92976220e-03
 -2.68452644e-01 -1.62885889e-01  1.04546107e-01  9.11778510e-02
 -1.09950885e-01 -1.19762324e-01 -1.74364582e-01 -9.39676389e-02
 -2.81139556e-02 -4.87198085e-02  5.10787815e-02  3.83472331e-02
 -1.57867342e-01 -2.78699130e-01 -8.31969082e-02 -1.16357602e-01
  2.05405783e-02 -1.43095598e-01  2.74178013e-02  1.08662434e-01
 -1.34300873e-01 -6.87259883e-02  4.75137755e-02  7.69087449e-02
 -9.36092511e-02 -1.49343889e-02  2.47395679e-01  1.10307708e-04
 -1.71056211e-01 -4.21354100e-02  4.08755168e-02  2.94144422e-01
  2.95412660e-01  5.89330820e-03  3.95278558e-02 -7.31219910e-03
  1.81099042e-01 -2.99390316e-01  7.61891380e-02  1.41141504e-01
  1.23317420e-01  4.80595790e-02  3.75187322e-02 -1.26003504e-01
  4.77256328e-02  1.79328665e-01 -2.42094651e-01  6.89955354e-02
  1.11002207e-01 -1.75650701e-01 -1.32317767e-01 -4.32406180e-03
  2.02625528e-01  1.06184557e-01 -1.63139060e-01 -1.81969211e-01
  1.35456011e-01 -1.51587397e-01  1.55327991e-02  1.45338014e-01
 -2.17912033e-01 -2.32343793e-01 -2.91710079e-01  6.49861768e-02
  4.46209580e-01  1.69789344e-01 -7.44068772e-02 -1.70428343e-02
 -7.16372132e-02  2.43982300e-04  4.86369878e-02  8.86838809e-02
 -4.67173122e-02 -1.20614000e-01 -2.61601061e-02  1.17556520e-01
  1.35385230e-01 -3.71607766e-02 -6.38653636e-02  2.00892299e-01
  3.52948159e-02 -7.88162649e-03 -1.13473721e-02  6.08179830e-02
 -2.38557868e-02 -2.03250851e-02 -6.88215122e-02  3.31529006e-02
  2.65300572e-02 -1.19330041e-01  1.22252926e-01  6.92225099e-02
 -1.28166348e-01  2.23439664e-01 -3.58308293e-02  6.26292154e-02
 -3.63203511e-03 -1.19739167e-01 -8.08357447e-02  1.59486067e-02
  1.49393454e-01 -3.36400211e-01  1.29564345e-01  2.01487333e-01
  6.78499714e-02  1.01522952e-01  3.62110697e-02  6.18921593e-02
  3.51333097e-02  2.41334736e-03 -2.12455601e-01 -1.28046125e-02
  2.70472057e-02  6.29835390e-03  5.60039766e-02  2.52440386e-03]