[-0.05398414  0.0566713   0.05984233 -0.03970897 -0.08114134  0.04612585
 -0.11434791  0.04116286  0.15134591 -0.08698598  0.20434661 -0.03551406
 -0.23730332 -0.01955908  0.01089088  0.11420277 -0.09423827 -0.0911644
 -0.11659166  0.00946136  0.00379387  0.06543835  0.02632338  0.00712853
 -0.15591209 -0.38956323 -0.0504797  -0.06154118  0.01685614 -0.11617467
  0.03323821 -0.00640746 -0.17593366 -0.02020117  0.04653603  0.11456161
 -0.11546451 -0.00964673  0.16986844  0.09150635 -0.19579062  0.05394099
 -0.01250003  0.23733529  0.10883752  0.11417875  0.03420454 -0.12301682
  0.05778801 -0.32024384  0.10189252  0.2101628   0.0346398   0.08344489
  0.08876761 -0.08765703  0.04574812  0.13357653 -0.2234001   0.09150653
  0.05055508  0.05740594 -0.05952693 -0.00833325  0.15577224  0.11205045
 -0.1149354  -0.13488403  0.14804366 -0.15591757 -0.03485556  0.11060247
 -0.0345454  -0.23856299 -0.20934424  0.07497115  0.40455598  0.12544699
 -0.19094072 -0.00374146 -0.0506691  -0.08137608  0.00736101  0.02751585
 -0.08841647 -0.04487524 -0.04137171  0.03489055  0.1880039  -0.01810862
  0.0587501   0.22528379  0.08820631 -0.00318149  0.07027994  0.06477821
 -0.11353386 -0.0446118  -0.16171642 -0.08768399  0.06576366 -0.08502776
 -0.01637005  0.05259154 -0.19310218  0.25792268  0.01602418 -0.1402131
  0.08320271  0.10680694 -0.10594369 -0.10407026  0.18644944 -0.23337245
  0.18073273  0.18824621  0.09839666  0.1291023   0.11146868  0.12193239
  0.00809317  0.01469483 -0.11787876 -0.13469222 -0.04710353  0.01109112
 -0.04863662 -0.00501996]