[-7.42475539e-02  9.99064371e-02  4.21468876e-02 -2.09960081e-02
 -6.47933409e-02 -6.32173987e-03 -9.08447579e-02 -7.89266974e-02
  9.38101858e-02 -1.65565852e-02  1.97019771e-01 -3.72716263e-02
 -2.71645367e-01  2.86998190e-02 -7.21983463e-02  1.92667723e-01
 -1.00793809e-01 -1.17790364e-01 -6.19398579e-02  1.90380104e-02
  1.32806851e-02  5.91262877e-02  4.21825275e-02  1.16004877e-01
 -1.35613292e-01 -3.78859758e-01 -3.48870363e-03 -1.42781734e-01
 -6.93570226e-02 -1.01370834e-01  2.99175270e-02  3.51443626e-02
 -1.53787076e-01  4.57428396e-02  9.64084193e-02  8.03934410e-02
 -2.31837612e-02 -1.14208587e-01  2.57772535e-01  9.06545743e-02
 -2.77647465e-01 -4.26803827e-02  1.21910669e-01  2.90378839e-01
  2.02307120e-01 -1.28949061e-02  9.87744033e-02 -1.11830063e-01
  1.49549648e-01 -3.05460900e-01  4.71067615e-02  1.12636782e-01
  3.39289121e-02  9.45683718e-02  6.17151558e-02 -2.11700380e-01
  3.71328928e-02  9.97533798e-02 -2.30159819e-01  2.43515242e-02
  2.48234086e-02  1.00549310e-04 -3.26532871e-02 -6.23187162e-02
  2.85279423e-01  7.93884024e-02 -2.06569567e-01 -7.23372176e-02
  1.98144689e-01 -1.61830500e-01 -5.01331463e-02  8.65471065e-02
 -1.11609951e-01 -2.16941267e-01 -3.14369738e-01 -5.57194091e-03
  4.07874793e-01  1.62347630e-01 -1.74240664e-01  7.46254399e-02
 -1.01966247e-01 -4.77969684e-02 -5.86903095e-02  1.94354028e-01
  3.04972809e-02  5.47127724e-02 -5.48189273e-03  1.26377698e-02
  2.25588828e-01  1.51804155e-02  1.65309235e-02  2.58023143e-01
 -1.05251297e-02 -9.55829397e-03  9.82419029e-03  1.34327933e-01
 -1.65533438e-01 -7.51543120e-02 -1.31522790e-01 -7.83616155e-02
 -7.29979947e-02 -5.56359999e-03  4.88482490e-02  1.33150831e-01
 -3.17172706e-01  2.18809992e-01 -5.00828447e-03 -5.70327193e-02
  2.23003980e-02  4.23399508e-02  1.36300428e-02 -1.10706361e-02
  1.23145647e-01 -2.99537182e-01  1.77142218e-01  1.33143157e-01
  1.13536112e-01  1.45241678e-01  3.44021805e-02  3.16210240e-02
  1.65646225e-02 -5.26384003e-02 -2.00183377e-01 -9.87347066e-02
 -2.37902962e-02 -3.35987546e-02  7.54674897e-03  4.23545241e-02]