[-0.1763126   0.09734771  0.06856246 -0.07254905 -0.22844507  0.02252326
 -0.08119252 -0.14646642  0.16064984 -0.10298321  0.23059139 -0.02482328
 -0.32233462  0.02774374 -0.05228914  0.15294012 -0.22258063 -0.15711652
  0.01515299 -0.03574288  0.05797677  0.07093591  0.046806    0.05771687
 -0.1082405  -0.30211225 -0.12912683 -0.03146795 -0.04233118 -0.06974638
  0.04416693  0.06797528 -0.15028346  0.04970916  0.04902707  0.12843676
 -0.04565213 -0.11482172  0.19673899  0.04255702 -0.20054035 -0.10365763
  0.04659668  0.26026475  0.16307837 -0.0147838  -0.016268   -0.00706002
  0.09655358 -0.38903016  0.02859542  0.20366636  0.04561062  0.01895978
  0.03963182 -0.1777115   0.00339394  0.14284854 -0.11293209  0.09759609
  0.08204209 -0.22547702 -0.03031726 -0.09596968  0.2724767   0.14641048
 -0.16762416 -0.14082579  0.14436522 -0.11918189 -0.13167807  0.13672124
 -0.1474217  -0.19809347 -0.25980976 -0.01805611  0.51828545  0.08754334
 -0.16131154  0.01162053 -0.09165514 -0.00322218 -0.04105359  0.16513443
 -0.00963918  0.01768812 -0.1953506   0.00734346  0.26401374 -0.08340102
 -0.02925651  0.37169421  0.0125473   0.09929966  0.06811889  0.07879807
  0.00762483 -0.12644011 -0.07653037 -0.05015679  0.0201806  -0.15851039
 -0.06087974  0.07904717 -0.18676367  0.14234503 -0.02351001  0.01189091
 -0.04217281 -0.09795149 -0.07068982  0.01756809  0.21483575 -0.33254007
  0.16270483  0.16853486  0.02975763  0.19532765  0.0236547   0.09175769
 -0.03116916 -0.10188841 -0.07334892 -0.12297884 -0.02546294 -0.03675654
 -0.01413601  0.05952091]