[-0.14799076  0.07767697  0.07169045  0.04989307 -0.02850617 -0.05674523
 -0.02589724 -0.02996267  0.10650636 -0.03358677  0.34142992 -0.03881432
 -0.19339971 -0.16546531  0.02488229  0.14079535 -0.09527126 -0.05361721
 -0.04997374 -0.04362136  0.07531564 -0.00462472 -0.04814262  0.11568043
 -0.10122623 -0.33923501 -0.07112832 -0.11740798  0.07791138 -0.13639353
 -0.11744323  0.12639023 -0.13775258 -0.07165772 -0.01444274  0.07820597
  0.09116642  0.0160455   0.14855263  0.05037108 -0.15096918 -0.03409493
 -0.02985648  0.28591156  0.23187776 -0.04150217  0.03964061 -0.02997874
  0.07036056 -0.22066948  0.01090286  0.11716165  0.16840601  0.02695436
  0.01906028 -0.16068101 -0.09125787  0.0315867  -0.11023305  0.00476254
 -0.03194089 -0.10758477 -0.11289668 -0.05824793  0.19693388  0.05973545
 -0.12554225 -0.14159434  0.14670686 -0.12528178 -0.0200649   0.11117366
 -0.1325991  -0.12749189 -0.33401027  0.12539221  0.37381488  0.06051235
 -0.30961984  0.06385435 -0.1745207  -0.03764071  0.04558016  0.06433895
 -0.00227659  0.01517342 -0.13438018 -0.00846272  0.14005382 -0.03481414
  0.04931663  0.20468557 -0.00659292  0.07604495  0.06093419  0.05673267
 -0.04228421 -0.05797945 -0.07668758 -0.05491594  0.05306965 -0.0952916
 -0.0254193   0.08120166 -0.23171861  0.11334863  0.03992045  0.01767232
  0.07110927 -0.00356975 -0.09362414 -0.07276955  0.15488161 -0.25591615
  0.09976167  0.15474842  0.02516642  0.12620205  0.07074487  0.1014746
 -0.05161452 -0.05247516 -0.10828254 -0.00292119  0.06935747 -0.05695783
 -0.08436265 -0.03752515]