[-0.05268938  0.02415639  0.04058508 -0.05657599 -0.12859702  0.09007148
 -0.01333848 -0.07301006  0.15686201 -0.12513036  0.2463157   0.030561
 -0.22872838  0.01391997 -0.03264642  0.03133824 -0.09394392 -0.11488086
 -0.11287325 -0.14618279 -0.00701006  0.07385791 -0.01531     0.04746347
 -0.21470529 -0.28187203 -0.03819469 -0.11692294  0.01974258 -0.12485956
  0.06327958  0.12139042 -0.09257355  0.02399883  0.02679009  0.0863605
 -0.05965024 -0.12185626  0.28627789  0.01472681 -0.14064635  0.04348364
  0.05923533  0.3002165   0.09527376 -0.00557597  0.08433147 -0.08791864
  0.2056091  -0.26110113  0.07373068  0.1572132   0.13942391  0.02883231
  0.09875713 -0.1600422   0.01688964  0.14729497 -0.18934464  0.07372966
  0.01679135 -0.10406533 -0.01850391 -0.09893394  0.2562547   0.063264
 -0.13126592 -0.05979524  0.231051   -0.0928043  -0.11534149  0.1062184
 -0.12310832 -0.19885464 -0.21849868  0.14920339  0.47238421  0.19327056
 -0.12913363  0.09694743 -0.08685117 -0.07155853 -0.03088645  0.13917848
 -0.11288483 -0.04558629 -0.02951911  0.0761108   0.25436723  0.03381158
 -0.04023731  0.21357971  0.09176365 -0.00323799  0.0326716  -0.01002728
 -0.14937419 -0.02973112 -0.09866909  0.00903636  0.03802373 -0.05815046
  0.04791307  0.1149397  -0.25126871  0.22379193 -0.05252921 -0.12846902
  0.03678861 -0.01749618 -0.04231324  0.01692124  0.16502135 -0.37626007
  0.08850098  0.09514345  0.17371447  0.2314      0.08612414  0.04061243
  0.06198484 -0.01468375 -0.22261479 -0.12333244  0.09278351 -0.04113448
  0.0397548   0.0655048 ]