[-1.29446480e-02  3.74860466e-02  1.42272022e-02 -8.91442001e-02
 -1.44627646e-01 -1.59392022e-02 -1.13138460e-01 -7.48654604e-02
  1.83435738e-01 -1.44266739e-01  2.51898319e-01 -1.08568922e-01
 -2.48567551e-01 -1.76319270e-04 -1.19565763e-01  1.86525911e-01
 -2.56033063e-01 -1.82895049e-01  1.08693108e-01  4.08301316e-02
  1.05666928e-01 -3.15080807e-02  5.33686802e-02  1.16690055e-01
 -3.27896997e-02 -4.33064699e-01 -1.02276251e-01 -5.40491864e-02
  8.07722583e-02 -1.85056910e-01 -3.40688974e-02  1.22687697e-01
 -1.87615201e-01  2.03884561e-02  1.70735717e-02 -2.39811558e-03
 -1.91221572e-02 -1.70754284e-01  1.83972344e-01  5.17449826e-02
 -2.66400903e-01 -1.04860149e-01  4.25282530e-02  2.80898899e-01
  1.72768846e-01  2.39525307e-02 -1.92947388e-02 -8.50698724e-02
  1.28050014e-01 -2.65273541e-01 -2.73197722e-02  1.84951752e-01
  5.39052263e-02  1.97104029e-02  1.08253881e-02 -1.34715334e-01
  4.30980287e-02  8.61222446e-02 -1.95784047e-01  2.77708042e-02
  4.38562669e-02 -6.88118711e-02  6.98627830e-02 -1.21306166e-01
  2.51597971e-01  8.61750469e-02 -1.00945100e-01 -1.45958215e-01
  1.55557916e-01 -1.60103336e-01 -5.17094098e-02  8.61128420e-02
 -1.31249189e-01 -2.00819999e-01 -2.21189156e-01 -1.29462421e-01
  3.16168666e-01  1.19999573e-01 -6.43104240e-02  1.07020915e-01
 -2.96496339e-02 -2.72765029e-02  1.87597927e-02  1.79693073e-01
 -3.72686684e-02  7.45535791e-02 -1.09083183e-01  2.25280039e-03
  1.89596102e-01 -5.71477413e-02 -1.79837514e-02  2.42939383e-01
 -1.00829378e-01  5.66050671e-02  7.34753758e-02  7.73779750e-02
 -1.08861551e-01  1.98873039e-02 -1.41810581e-01 -4.52726744e-02
 -8.61440524e-02 -5.51598370e-02 -3.26291285e-02  1.19412884e-01
 -1.68491766e-01  6.65422454e-02 -3.98532003e-02  5.78069128e-03
 -9.08500701e-03 -1.28633091e-02 -3.97059694e-02 -7.55417794e-02
  5.97642548e-02 -3.05448800e-01  1.40440091e-01  1.54836148e-01
  1.31050065e-01  1.45975888e-01  4.46957164e-03  4.76086065e-02
 -3.70754227e-02 -1.52266532e-01 -1.41633853e-01 -2.79860832e-02
  1.94614679e-02 -2.29122527e-02 -1.15887430e-02 -5.17278798e-02]