[-0.02347949  0.08570382 -0.00303399 -0.02605774 -0.13187934  0.01846066
 -0.04233088 -0.04458343  0.15637438 -0.09859082  0.2093565  -0.00819882
 -0.21679327  0.02619606  0.02093204  0.18905124 -0.2011773  -0.09883917
 -0.09496754 -0.04633903  0.02723387  0.09501173  0.05047159  0.12513652
 -0.18650284 -0.4059577  -0.05647489 -0.09001961 -0.00872536 -0.12354009
  0.02133748  0.1651507  -0.10493729  0.11530948  0.0568551   0.06281373
 -0.10839768 -0.09549248  0.30356467  0.10461736 -0.26624376 -0.02880873
  0.00638769  0.2819958   0.19744636 -0.06405055  0.07064287 -0.06664121
  0.10922286 -0.28107914  0.04465728  0.25141007 -0.01363583  0.09757819
  0.02811855 -0.10256912 -0.03275494  0.10852076 -0.19026521  0.01324438
  0.0574589  -0.14076121 -0.01411188 -0.09670122  0.16164921  0.13008417
 -0.14980043 -0.16657358  0.09588917 -0.22863489 -0.10722551  0.07427813
 -0.14274216 -0.25677577 -0.29453763  0.00691908  0.31337532  0.16432665
 -0.13341334  0.02164997 -0.0244387  -0.11603631  0.05836388  0.21324368
 -0.00468799 -0.04028056 -0.04253338  0.11220576  0.2274774  -0.06745022
  0.00430646  0.31128594 -0.00887579  0.03079919 -0.02565285  0.07867378
 -0.10167266  0.00909865 -0.06178374  0.04668365 -0.02238068 -0.02665099
  0.0075746   0.10582916 -0.16705418  0.20701817 -0.04193029 -0.03137814
  0.01052898 -0.01272387 -0.15036577 -0.09401049  0.16662996 -0.2285976
  0.15882973  0.16904068  0.04165566  0.13601989  0.0693528   0.09820022
 -0.01691282 -0.08110449 -0.21910878  0.00862725  0.07040563  0.0129806
 -0.05681273 -0.02953805]