[-0.06558841  0.07284766 -0.00477381  0.0286122  -0.06204166  0.05112933
 -0.01720647 -0.013444    0.17600885 -0.11963399  0.15991671 -0.04548945
 -0.20441687 -0.01586012 -0.01352648  0.14264365 -0.15264305 -0.13026127
 -0.06225481 -0.03545221 -0.0203898  -0.03295879 -0.05120274  0.07659809
 -0.12750457 -0.36231697 -0.09327358 -0.15268289  0.08733935 -0.16515957
 -0.09635129  0.02464962 -0.08736172 -0.01940186 -0.0035146   0.0596591
 -0.05577547 -0.01891502  0.26759124  0.06945869 -0.17538519 -0.01687265
  0.01498509  0.3357549   0.13035522  0.05452723  0.01912216 -0.03857553
  0.12840571 -0.28045705  0.08321822  0.18344444  0.07348963  0.10419119
  0.05294481 -0.12360182  0.00064968  0.06890491 -0.20151508  0.13827489
  0.06929211 -0.04987098 -0.03674744 -0.01233453  0.22217669  0.15103915
 -0.07507375 -0.13076803  0.15929459 -0.24220872 -0.03783507 -0.01024974
 -0.07244192 -0.18596835 -0.2696341   0.03801946  0.35933524  0.20852302
 -0.11890016  0.04037195 -0.04495947 -0.11660568  0.10550554  0.10200116
 -0.12997998  0.02347138 -0.04112222  0.058849    0.19984393  0.01626959
  0.03915583  0.16036285 -0.01104435  0.03086264  0.04335672  0.02209242
 -0.11902796 -0.05585033 -0.12167744 -0.02524298  0.05011689 -0.10943912
  0.04789523  0.1143668  -0.21308841  0.16547826 -0.02517966 -0.05269264
  0.02525306  0.09038774 -0.15305589 -0.04806436  0.21719916 -0.18089442
  0.15805313  0.18054922  0.05141357  0.07830646  0.10019433  0.06978367
 -0.02251333 -0.01787879 -0.19449218 -0.03255431  0.02104353 -0.03144795
  0.00622028  0.00913176]