[-0.0955055   0.09378824  0.03612513 -0.08273398 -0.15929785 -0.02269693
 -0.06793587 -0.05727082  0.13092597 -0.16324547  0.12366825 -0.05620131
 -0.18929605  0.05294956 -0.02364842  0.1424811  -0.15454341 -0.13643104
 -0.07662885 -0.07540788  0.02773937  0.10270715  0.0284272   0.12766862
 -0.18214726 -0.3423647  -0.04969142 -0.01929285 -0.05663856 -0.07444442
 -0.00620983  0.12193571 -0.1283374   0.06419524  0.06416153  0.1663381
 -0.07934212 -0.09332102  0.24914034  0.05669006 -0.24695225 -0.05216961
  0.03271761  0.32763672  0.22985817 -0.06438925 -0.01111705 -0.01534307
  0.12318763 -0.27824309  0.07570327  0.22154789 -0.02683602  0.05801638
  0.03443774 -0.09976506  0.03194955  0.1815085  -0.12237744 -0.05476677
  0.09855931 -0.18985173 -0.01226552 -0.05786009  0.17854324  0.11002567
 -0.11692537 -0.16981478  0.08341976 -0.19177553 -0.08474493  0.03300256
 -0.15409502 -0.1963526  -0.28524807  0.05326452  0.30823672  0.23330028
 -0.12072907  0.06747881 -0.00224935  0.0137197   0.13051826  0.1707876
 -0.03480661  0.00937859 -0.10616089  0.11752538  0.16720466 -0.02301045
 -0.06478786  0.24283516  0.02234931  0.00288029  0.04788782  0.00509035
 -0.13011362 -0.00331664 -0.17027938  0.01756809  0.05547778  0.02882021
  0.00319401  0.16812544 -0.16354002  0.17315525 -0.05812102 -0.03386134
 -0.02001745 -0.05841544 -0.1369065  -0.07777062  0.12416418 -0.17673731
  0.0661534   0.13660908  0.05983301  0.18975081  0.16263974  0.03030477
  0.03634892 -0.03341823 -0.18927057  0.00193793  0.11073577  0.04830426
  0.07169158  0.00180247]