[-0.16173299  0.07534243 -0.03513664 -0.03602887 -0.02392882 -0.08278435
  0.03309443 -0.03251924  0.15724683 -0.01889646  0.13660166 -0.00967817
 -0.22366609  0.01463539 -0.01527238  0.07042778 -0.15394007 -0.10315928
 -0.11522098 -0.08214173  0.11290573  0.11350775 -0.05867304  0.05017138
 -0.16174515 -0.25745925 -0.07730237 -0.10416355  0.01336433 -0.06014291
  0.12206531  0.02927475 -0.1209256   0.00478425  0.02382044  0.06571808
 -0.06663983 -0.01599215  0.24366331  0.04983157 -0.17834152 -0.08323698
  0.06215546  0.31302726  0.12851162  0.0033856   0.02691904 -0.00257953
  0.1185616  -0.25879431  0.0096027   0.16729945  0.12851682  0.16983087
  0.10674869 -0.13160104  0.06221815  0.14184703 -0.24244435  0.13639285
  0.04362465 -0.13001606 -0.0167361  -0.01517903  0.16532616  0.02499102
 -0.1595099  -0.13784599  0.07082824 -0.2258978  -0.12478042  0.13864271
 -0.04552457 -0.2604582  -0.29831916  0.06981533  0.33608389  0.1931438
 -0.1708952   0.03715167  0.02139961 -0.07704432  0.13214849  0.0947535
 -0.06564452  0.0464823  -0.13263789  0.00674889  0.20920128  0.00322341
 -0.080052    0.21777491  0.00091797  0.03673    -0.0058409   0.10027646
 -0.09803052 -0.01365094 -0.02778014  0.01504257  0.11860199 -0.0741243
 -0.009827    0.03678247 -0.07300621  0.24715844 -0.01935219  0.01145994
 -0.13516435 -0.0132571  -0.13556981  0.04698148  0.16147548 -0.22761001
  0.22667418  0.14898475 -0.05438621  0.15313123  0.05778971  0.02003711
 -0.02701782 -0.00372624 -0.13985628 -0.12000327  0.04219948  0.0090189
  0.09546298 -0.0020002 ]