[-0.11876952  0.03494974  0.06313838 -0.00753342 -0.21795498  0.02871674
  0.01897612 -0.01033623  0.09277251 -0.09005922  0.16459934 -0.12050491
 -0.26662606  0.09431516  0.00897144  0.11729865 -0.08755086 -0.09705368
 -0.20640534 -0.07702959 -0.03805885  0.03646123 -0.02209733  0.07222153
 -0.18055347 -0.37287694 -0.0661201  -0.05652634  0.0398702  -0.06107032
 -0.01317463  0.07640892 -0.1273157   0.01986     0.04377604  0.02692236
 -0.08399053 -0.03430053  0.27076921  0.00148091 -0.24241859 -0.00270424
  0.05626882  0.26388693  0.18140578  0.02085     0.02734319 -0.03778369
  0.10666846 -0.27649519  0.0230467   0.18845232  0.11028218  0.0609089
  0.06314975 -0.08916302  0.01857826  0.17936425 -0.11814361  0.07195858
  0.07358517 -0.1693192  -0.02863954 -0.10189855  0.22599277  0.00957136
 -0.14383623 -0.06897839  0.10427012 -0.1782084  -0.03163864  0.05399685
 -0.1044215  -0.19389701 -0.34165713  0.06307857  0.43727756  0.1515722
 -0.22097182 -0.00972271 -0.02182214 -0.02250405  0.09645213  0.09670731
 -0.15560877 -0.09533635 -0.07598457  0.0630828   0.26973495 -0.05113233
  0.02838814  0.18808225  0.06913798  0.01461574  0.01420161  0.0178747
 -0.10149411 -0.12247531 -0.07127714  0.0888966   0.03101251 -0.11265526
 -0.01195972  0.0599915  -0.23167992  0.20308354 -0.02262536 -0.08422883
 -0.02762987 -0.02454731 -0.13812831 -0.00208985  0.21430875 -0.25171253
  0.11274717  0.18980722  0.03713677  0.14358777  0.10302396  0.01555745
 -0.04379972  0.05914349 -0.14053774 -0.08755106  0.1394006  -0.09628427
  0.06542416  0.00650348]