[-1.19736642e-01  1.10751569e-01  1.56306494e-02 -3.68494242e-02
 -2.34828576e-01 -4.58726892e-03  1.45479608e-02 -1.48807734e-01
  8.76888484e-02 -9.78082642e-02  1.72701076e-01 -5.66246435e-02
 -2.69654721e-01 -4.37073968e-02 -1.64857004e-02  1.37337834e-01
 -5.59763014e-02 -7.83333480e-02 -1.46466881e-01 -1.31534144e-01
 -4.58567962e-02  1.61933005e-02 -2.30732979e-03  2.39502154e-02
 -1.00218996e-01 -2.92489856e-01 -6.87239021e-02 -8.28305557e-02
 -4.50205840e-02 -5.32908589e-02  7.08791986e-02  5.35851829e-02
 -2.19614968e-01 -1.07385069e-01  1.63113326e-02 -5.49792126e-03
 -1.25564784e-01 -3.10300142e-02  2.61193275e-01 -5.36554828e-02
 -1.44295096e-01  3.36777940e-02  1.40545473e-01  2.05767170e-01
  1.69245347e-01 -2.10714471e-02  2.98151653e-02 -6.19713850e-02
  2.00596064e-01 -2.59469837e-01  2.13499814e-02  1.21563703e-01
  1.10617727e-01  9.30812508e-02  6.84649274e-02 -1.47485375e-01
  6.63471147e-02  1.46062985e-01 -1.54455960e-01  1.21025227e-01
  8.53868723e-02 -1.60439104e-01 -1.05391122e-01 -3.32795666e-04
  1.83912531e-01  4.17421386e-02 -6.55504987e-02 -1.37107506e-01
  2.01220781e-01 -1.25185162e-01  4.74236580e-03  9.62911323e-02
 -9.64768156e-02 -2.10505158e-01 -2.75478542e-01  1.41526595e-01
  4.08414394e-01  1.86981067e-01 -1.80653885e-01 -4.67452668e-02
 -8.03208128e-02  4.60654963e-03  5.08169755e-02  3.02729513e-02
 -1.26910666e-02 -1.84900552e-01 -9.54096392e-02  5.07423170e-02
  2.02796996e-01 -7.35680237e-02 -6.90938439e-03  3.07789773e-01
  9.34275836e-02  2.03404613e-02 -8.43863375e-03  8.87615606e-02
 -1.65427312e-01 -2.46795863e-02 -8.17697719e-02  5.27332276e-02
  1.32321030e-01 -1.45983130e-01  5.21383584e-02  1.03019804e-01
 -1.85871169e-01  1.93955153e-01 -7.77419806e-02  1.97005980e-02
 -3.81936803e-02 -2.54541244e-02 -6.91079348e-02  8.37231521e-03
  1.47631496e-01 -1.97216541e-01  2.51303703e-01  1.30701274e-01
 -7.50159174e-02  1.51771978e-01  8.37755576e-02  6.27506524e-02
  2.55584940e-02 -3.92132327e-02 -1.32688850e-01 -1.57517910e-01
  5.06472327e-02 -2.14440767e-02 -5.11153508e-03  6.63393810e-02]