[-0.17930351  0.07225244  0.0410529  -0.01570437 -0.18409243  0.06101833
 -0.08162646 -0.09464241  0.12543198 -0.11060316  0.13964927 -0.04130064
 -0.18473801  0.00891081  0.04292265  0.07103685 -0.09835553 -0.12265669
 -0.11995822 -0.12899001 -0.06691683  0.06915417 -0.04114044  0.0789768
 -0.22990674 -0.27497545 -0.06054742 -0.05641346  0.04782207 -0.05773467
 -0.12896276  0.0454987  -0.14287606 -0.04111589  0.05818223  0.17007281
 -0.0256351  -0.04538878  0.16666333 -0.04868016 -0.12525718 -0.00259957
  0.08951266  0.31192222  0.21321274 -0.030977    0.04653743 -0.00297302
  0.2032712  -0.32942572  0.10609177  0.11052102  0.12440813  0.03012333
  0.15762383 -0.13054234 -0.07064484  0.2197253  -0.07191917  0.1693154
  0.06115711 -0.0901037  -0.05795478 -0.14348239  0.25493124  0.13804521
 -0.13583784 -0.14562714  0.12694271 -0.14329296 -0.06356689  0.10163644
 -0.07142101 -0.16923302 -0.30920145  0.09470654  0.45330516  0.16987438
 -0.22498243  0.02449981 -0.01948098 -0.06163302  0.06099061  0.07668097
 -0.06226118 -0.03659873 -0.09578707  0.08371518  0.33821657  0.0188552
  0.03004499  0.2120501   0.0666724  -0.01493662  0.02396256  0.08164983
 -0.11845904 -0.10497677 -0.09013268  0.04133093  0.08218947 -0.12012895
  0.00428056  0.11430843 -0.21794493  0.22198243 -0.04752685 -0.01107972
 -0.0052181  -0.06174308 -0.08501309  0.05447441  0.21428759 -0.32832414
  0.08159918  0.09689318  0.02401251  0.17268385 -0.00706988  0.03231484
  0.04237174  0.05457558 -0.11430904 -0.13734064  0.03009069 -0.12696311
  0.00918946  0.09795541]