[-0.13257863  0.07689435 -0.02588706 -0.09347521 -0.1214685   0.04001063
 -0.04397095 -0.0509928   0.20111907 -0.13060454  0.17084634  0.0168938
 -0.26111627 -0.06015398  0.05496915  0.13123354 -0.19976242 -0.15222834
 -0.0810077  -0.0940847   0.06784069  0.02645966 -0.01451275  0.09460967
 -0.16215748 -0.26549003 -0.05962325 -0.09331249  0.02630164 -0.15242048
  0.0686013  -0.02470892 -0.15260535  0.02087945 -0.05533473  0.10022308
 -0.14998476 -0.05808961  0.24447162  0.06259768 -0.22821777 -0.04149187
 -0.04036536  0.23730074  0.21501683  0.00590994 -0.00104937 -0.0417369
  0.19936541 -0.3766661   0.01755107  0.18966852  0.12891284  0.09783365
 -0.00673162 -0.1647007   0.02008175  0.19927478 -0.23952892  0.10997673
  0.01424827 -0.19155112 -0.0044276   0.01817629  0.20555137  0.13194266
 -0.16278273 -0.13402024  0.1167377  -0.19066884 -0.10853277  0.15383017
 -0.069139   -0.27847371 -0.31173304  0.05857258  0.40068287  0.14009719
 -0.13638714 -0.03428807 -0.04103678 -0.03712216  0.0298795   0.14404622
 -0.11672559 -0.0483456  -0.1175055   0.03413935  0.21956514 -0.04908941
 -0.03255336  0.29154676  0.06076861  0.15206663  0.00256638  0.09554963
 -0.06475908 -0.03060542 -0.05482104 -0.00894178  0.03587874 -0.08783147
  0.02298586  0.04223425 -0.12086413  0.28475657 -0.00791026 -0.0085402
 -0.09080883 -0.04747357 -0.10804596  0.01674047  0.19556484 -0.24327049
  0.19734959  0.23309824  0.07067887  0.18608624  0.12301472  0.02578935
 -0.01985772 -0.06947589 -0.17266445 -0.01679868  0.0567893  -0.02183753
  0.06081391  0.02409162]