[-0.0182148   0.01922347 -0.02531051 -0.09263904 -0.10564355  0.03282304
  0.05394607 -0.1215916   0.14688645 -0.16928315  0.20787975 -0.00539067
 -0.21219568 -0.05362916  0.03694735  0.13934997 -0.21029826 -0.17143923
 -0.12379451 -0.03466611 -0.04058836  0.05399225  0.09284017  0.13526249
 -0.06282971 -0.38059539 -0.07108221 -0.07808383  0.10508048 -0.04233801
  0.05402675  0.19722882 -0.12319393  0.05378182  0.02828827  0.06314307
 -0.09776362 -0.08746658  0.23672028  0.03534056 -0.25283715 -0.01986324
  0.05576291  0.34187934  0.27046168 -0.01630066 -0.01133679 -0.02252417
  0.12452812 -0.27132842  0.02628449  0.17278087  0.04256971  0.03557172
  0.09134325 -0.07668926  0.01608445  0.07368852 -0.21777657  0.00230616
  0.01381938 -0.07832001  0.00932267 -0.13431372  0.19817615  0.10020254
 -0.13602073 -0.16857906  0.18423037 -0.25604635 -0.11949723  0.10880854
 -0.19467592 -0.13564591 -0.25491211 -0.06245666  0.36240795  0.16228333
 -0.04327616  0.04891976  0.00404112 -0.08377372  0.04188792  0.20140666
 -0.01900534 -0.09283738 -0.04405591  0.04475427  0.1554935  -0.01840583
 -0.08859399  0.25945154 -0.01487423 -0.0448373   0.01370097  0.04408042
 -0.06988324  0.03305993 -0.1822619  -0.01226309 -0.06337302 -0.01914855
  0.01931682  0.13224655 -0.12297554  0.20373626 -0.03360828  0.05061264
  0.08079874  0.01346241 -0.10930074 -0.07028472  0.10440639 -0.26912764
  0.13195032  0.15895654  0.07593363  0.05691062  0.00988233  0.06952421
 -0.00802154 -0.031696   -0.23750515 -0.05058849  0.04986649 -0.04988919
 -0.01526771  0.0055215 ]