[-0.04047701  0.02794996 -0.02542046 -0.06294984 -0.02450716 -0.05367879
  0.02148481 -0.09580822  0.21831387 -0.11706985  0.24819623 -0.06997351
 -0.25036255 -0.1048817  -0.01241921  0.15803327 -0.10560877 -0.0636256
 -0.12033061 -0.06268642  0.02863906 -0.02268486  0.08251183  0.12779517
 -0.07570548 -0.38000941 -0.10124335 -0.15376653  0.03639257 -0.04147361
 -0.02173006  0.11061747 -0.08756763 -0.05237507  0.04875792  0.07725608
 -0.04419122 -0.0804305   0.30398405  0.01693746 -0.14491375 -0.06179126
 -0.02167265  0.24611901  0.2051226   0.01088393  0.04309265 -0.02891121
  0.15035856 -0.28183022  0.00900409  0.12035818  0.11693128 -0.00505621
  0.13054693 -0.10206787  0.06559983  0.17482857 -0.29093528  0.02567406
 -0.00354552 -0.146264   -0.08125848 -0.01473529  0.19931838  0.17686208
 -0.11406086 -0.07695784  0.21277647 -0.22015496  0.01908432  0.03765076
 -0.14248662 -0.22264327 -0.25968885 -0.01999777  0.40829456  0.248742
 -0.15606369  0.04147336 -0.02013144 -0.00066919  0.15340069  0.06163042
 -0.08704288 -0.06769444 -0.08706683  0.00258402  0.11730301 -0.01169285
 -0.05375697  0.24336234 -0.04438001  0.08727467  0.01816355 -0.07892551
 -0.04674798 -0.01794847 -0.10737228  0.04369257  0.0223709  -0.05696069
  0.06182672  0.03137574 -0.1768804   0.05642005 -0.05649104 -0.01755522
  0.01239478 -0.00708981 -0.12942816 -0.00890121  0.17256929 -0.24678425
  0.1406702   0.17010638 -0.00381563  0.13926925  0.06096308  0.02072131
  0.03907509 -0.08602177 -0.21260092 -0.03746666  0.06893802 -0.02604356
  0.07418643 -0.03592741]