[-0.16871107  0.04072833  0.04740617 -0.0319229  -0.06334938  0.02210647
  0.03766073 -0.03925053  0.14324957 -0.04148299  0.23750843 -0.03510126
 -0.24824145  0.01943184 -0.00174617  0.03182673 -0.07580915 -0.05960393
 -0.12938866 -0.10103156  0.03649905  0.07513475 -0.02444652  0.12481069
 -0.12251173 -0.29004657 -0.07850339 -0.17164382  0.01811654 -0.18677947
 -0.02597263  0.02502523 -0.11403525 -0.05690517 -0.01680397  0.07127942
 -0.1096391  -0.09927578  0.20955676 -0.03758276 -0.12868518  0.01171556
  0.13236882  0.32949197  0.17863622  0.00276558 -0.01656877 -0.06812645
  0.21911955 -0.28985748  0.10378277  0.10503738  0.21345495  0.08266021
  0.1678257  -0.17484272  0.02053034  0.05755458 -0.17682061  0.20881183
  0.03439444 -0.02970695 -0.03941241 -0.07573941  0.12144853  0.12876669
 -0.0821468  -0.14060105  0.13368554 -0.19088745 -0.05519425  0.20117357
 -0.10864209 -0.26358527 -0.14246497  0.04784852  0.41444278  0.18184434
 -0.18810914  0.0212527  -0.0773753  -0.11290927  0.06480397  0.03883417
 -0.06639067 -0.04915824 -0.14204945  0.09899062  0.26572418 -0.00803781
 -0.01677005  0.25767106  0.04282203  0.00386284  0.04424737  0.06102218
 -0.15524288  0.03365232 -0.13863844 -0.03078757  0.10014652 -0.11762044
 -0.00084146  0.01091745 -0.20720035  0.23490363  0.02705038  0.02706104
  0.02379965 -0.03621503 -0.15606804  0.09773698  0.22751355 -0.25806895
  0.17897475  0.05986613  0.06266989  0.11167052  0.03262382  0.02753977
  0.04119146 -0.06160288 -0.21480031 -0.05161095  0.0548294  -0.04484872
  0.01501886  0.03522814]