[-0.09513757  0.12135053 -0.0269634  -0.05091529 -0.1579019   0.0654557
 -0.05881689  0.00421013  0.17948569 -0.01652007  0.26110023 -0.00254608
 -0.16720805 -0.11029721 -0.02443839  0.1564967  -0.16413435 -0.06076202
 -0.06216913  0.05323389  0.03475349  0.04695956 -0.00059478  0.07989693
 -0.08891404 -0.39781696 -0.04311329 -0.07122679  0.10559463 -0.13557486
 -0.03346847  0.08432552 -0.14230782 -0.0569077   0.09974278  0.13989824
 -0.06216425 -0.00236403  0.17679624  0.03080571 -0.176744    0.09653944
  0.02371613  0.33915266  0.18410115  0.07755823  0.01917948 -0.11667965
  0.12433884 -0.21070328  0.09764072  0.17162253  0.11339234  0.06563474
  0.04906252 -0.09337593  0.01640485  0.12992248 -0.26475593  0.00724485
  0.06527743 -0.00988209 -0.03365836 -0.12951481  0.21137995  0.12670173
 -0.10300263 -0.22332355  0.09213383 -0.1915431  -0.0758529   0.04858592
 -0.10160114 -0.15212634 -0.26948428  0.04146532  0.31950748  0.18354574
 -0.17901537  0.04942723 -0.0415529  -0.08209307  0.01389609  0.04819361
 -0.07649145 -0.03782362 -0.02011522  0.0088782   0.19751991 -0.01639032
  0.04961742  0.21783282  0.04910386 -0.01439863  0.01396064 -0.05398884
 -0.06550985  0.02327173 -0.11137035 -0.0344044  -0.04665616 -0.11307826
  0.06657326  0.06968372 -0.28809482  0.21051811  0.00143761  0.00103813
  0.07325785  0.03005856 -0.13936913 -0.03242309  0.19851601 -0.31082022
  0.29847056  0.14929451  0.16299126  0.11876799  0.10144934  0.08360285
 -0.00126052 -0.00659017 -0.11483797 -0.04486918  0.05744909 -0.10083206
  0.04694369  0.013848  ]