[-1.63062051e-01  9.25056487e-02  4.58297431e-02 -7.59163052e-02
 -1.47266179e-01 -1.33673195e-04 -9.49812233e-02 -4.62888032e-02
  1.80514395e-01 -1.46465972e-01  1.63823605e-01 -2.09587775e-02
 -2.26486489e-01  2.67189066e-03 -4.22758833e-02  2.23945931e-01
 -1.54182807e-01 -1.19248554e-01 -6.82718456e-02 -3.99648622e-02
 -3.01726367e-02  1.97915304e-02  6.94928551e-03  5.17568700e-02
 -5.89746088e-02 -4.15930837e-01 -9.70836729e-02 -3.19395214e-02
  4.10229526e-02  5.55319060e-03 -2.99854465e-02 -4.56412658e-02
 -1.84003353e-01 -6.11623600e-02  5.69751561e-02  7.00027645e-02
 -7.25491494e-02 -7.95867667e-02  1.90336108e-01  4.05962989e-02
 -2.11966887e-01 -7.67456144e-02  6.53202683e-02  2.27293894e-01
  1.71067044e-01  8.09087530e-02  1.18179552e-01 -1.00365780e-01
  1.47547320e-01 -2.98139662e-01  6.74036443e-02  1.14229783e-01
  6.21088035e-02  2.83271484e-02  8.18936974e-02 -1.47264153e-01
 -1.96302272e-02  2.11443648e-01 -1.81561261e-01  7.42324442e-02
  3.68089452e-02  2.82220300e-02 -7.18599036e-02 -4.12034057e-02
  2.69206673e-01  1.84685051e-01 -1.48733452e-01 -2.03474537e-01
  1.99958637e-01 -1.89693928e-01 -1.43616330e-02  5.55205047e-02
 -6.80584535e-02 -2.25129306e-01 -3.02341074e-01  1.71799846e-02
  4.17555511e-01  1.70423776e-01 -1.11318246e-01  5.82474843e-03
 -3.49165797e-02 -2.46176533e-02  8.10871795e-02  1.39918745e-01
 -6.46675527e-02  4.77490015e-03 -4.13876325e-02 -1.60527341e-02
  2.32953727e-01 -1.50881018e-02 -4.11958061e-02  2.01560780e-01
  1.71952210e-02  2.93067135e-02 -6.81426609e-03  1.09599866e-01
 -1.33925721e-01 -4.68752682e-02 -1.33419409e-01 -6.69888481e-02
  5.57954051e-02  1.91067755e-02  2.56617796e-02  9.42001343e-02
 -1.61410570e-01  1.62944660e-01 -7.82160610e-02 -9.40514728e-03
 -2.87787039e-02  1.23058595e-02 -8.99759457e-02 -4.57865559e-02
  1.35696501e-01 -1.92351937e-01  1.58526450e-01  1.74853578e-01
 -3.05811632e-02  1.70614928e-01  1.21834792e-01  3.99626195e-02
  6.54395968e-02 -3.36737037e-02 -1.22544430e-01 -1.10405676e-01
  9.99887567e-03 -4.84340675e-02  7.82354921e-02  3.78842256e-03]