[-0.07318873  0.0474053   0.04248264 -0.07602536 -0.06377874  0.02953833
  0.03467339 -0.07751746  0.22366504 -0.11259536  0.17984469 -0.04338075
 -0.24514015  0.00399124 -0.04585693  0.20769031 -0.09717738 -0.11265635
 -0.15471502 -0.05423642  0.02753957  0.02130625  0.02647491  0.15455671
 -0.11818711 -0.3505525  -0.04429665 -0.07659379  0.02206907 -0.12889068
  0.00090816  0.08009631 -0.11574171  0.01578203  0.02916608  0.10885316
 -0.07066016 -0.11869803  0.22152956  0.04513163 -0.29582641 -0.00127679
  0.08629285  0.25364459  0.23551948  0.04192389  0.04178569 -0.12346467
  0.2182121  -0.29453063  0.02770501  0.09624847  0.06359378  0.03767374
  0.11863706 -0.16159321 -0.02439162  0.11080316 -0.25957441  0.00568485
  0.04074552 -0.04735131 -0.03181101 -0.16916399  0.17482321  0.13130032
 -0.17914584 -0.09959365  0.25832829 -0.25921667  0.0080353   0.11662135
 -0.0734076  -0.19495642 -0.25816515 -0.02488837  0.43811163  0.21649717
 -0.06267349  0.01305782 -0.04313338 -0.05605553 -0.05588697  0.17846793
 -0.06709255  0.03327334  0.01528941  0.01963581  0.17971092  0.05079449
  0.04155235  0.28350723  0.0122885   0.00363131 -0.03858907  0.04834001
 -0.19111574 -0.01034003 -0.12973239 -0.02909562 -0.11309767 -0.02978135
  0.11231194  0.07819257 -0.21451938  0.25485262 -0.06289864  0.00577494
  0.01567759  0.0617265  -0.05133544 -0.00435992  0.14744957 -0.27018219
  0.04984666  0.12812231  0.09906825  0.09545614  0.04326172  0.10739471
  0.01954449 -0.04380035 -0.24205528 -0.02496213  0.0360825  -0.14270967
  0.04936126  0.03404148]