[-0.10071619  0.05657153  0.0079533  -0.0814888  -0.10342805 -0.03864037
 -0.03042545 -0.10491332  0.18874963 -0.14321597  0.14569211 -0.0552749
 -0.14268282 -0.0569347  -0.09253848  0.19912744 -0.20741653 -0.23206568
  0.01669455 -0.07380502  0.03063354  0.00447372  0.01426979  0.14806037
 -0.19594088 -0.34717366 -0.03936974 -0.16744903 -0.00491094  0.00404232
  0.06046115  0.10884115 -0.22018033  0.03076829  0.03147351  0.11040197
  0.09854449  0.0153168   0.19475627  0.05255385 -0.27855814 -0.03214443
  0.10774505  0.23221417  0.10920794  0.051941    0.0404802  -0.08841708
  0.0945885  -0.19583361  0.00382995  0.11754219  0.07860231  0.00405695
  0.02608019 -0.20657724  0.05928942  0.01620723 -0.19667092  0.0025837
 -0.01839634 -0.02787764 -0.04903911 -0.02945318  0.31505761  0.06761289
 -0.11620636 -0.11019363  0.25119361 -0.18335214 -0.06971404  0.09694079
 -0.06205435 -0.12007815 -0.30246669 -0.05011785  0.44162071  0.10474499
 -0.15761757  0.14367342 -0.09425066 -0.00380556  0.01286119  0.16529492
 -0.07024539  0.10018638 -0.03944843 -0.01391942  0.17477387  0.02034451
 -0.0061657   0.17615438 -0.01065058  0.06625795  0.03117117  0.0339376
 -0.11283036  0.01174558 -0.09464546 -0.04444227  0.00995003  0.00604135
 -0.00405132  0.08502326 -0.28986326  0.1300258  -0.02562062 -0.09255762
 -0.02695618  0.15514089 -0.03531253 -0.05213599  0.13204804 -0.29725984
  0.18239881  0.18525137 -0.00967103  0.19696239  0.09351571  0.06597632
 -0.02129147 -0.05558452 -0.17929661 -0.09222011  0.05730141 -0.17427634
  0.07049254  0.0481219 ]