[-9.90706682e-02  9.29323509e-02  5.83269866e-03 -1.18309028e-01
 -1.14262268e-01  3.05962581e-02 -7.29952008e-03 -5.16681671e-02
  1.86883271e-01 -4.03603464e-02  3.19181174e-01 -1.08673871e-02
 -2.47536078e-01 -9.49627012e-02  2.92841308e-02  9.00371969e-02
 -1.73747569e-01 -1.13641895e-01 -5.00164628e-02 -5.99506646e-02
  1.14321962e-01  6.64509758e-02 -4.92132716e-02  9.78411064e-02
 -2.27694720e-01 -2.59881169e-01 -4.71416488e-02 -1.23866156e-01
  4.76598777e-02 -9.97348726e-02  3.17173153e-02  1.39938861e-01
 -1.37367919e-01 -7.12563470e-02  2.88074948e-02  7.89434686e-02
 -1.35305539e-01 -6.28967583e-02  2.45052725e-01 -1.50450263e-02
 -1.74823180e-01  1.74792819e-02  1.00206286e-02  2.94931382e-01
  1.67046428e-01  7.36611988e-03  5.44393435e-02 -4.40970510e-02
  1.34233236e-01 -3.35753024e-01  1.98817272e-02  2.35593438e-01
  1.69352144e-01  1.07785821e-01  9.71866027e-03 -1.59812346e-01
  7.31943101e-02  1.44585058e-01 -3.05676341e-01  3.13482732e-02
  5.50787076e-02 -2.14857385e-01  1.26142986e-02 -7.45504126e-02
  1.71216518e-01  5.64913265e-02 -1.45198300e-01 -9.84468386e-02
  1.18472360e-01 -1.36403710e-01 -1.32952631e-01  1.21533357e-01
 -1.40515491e-01 -2.44307756e-01 -3.48673940e-01  7.84821957e-02
  3.44823897e-01  1.95278361e-01 -1.52221829e-01  7.55168423e-02
 -2.89410129e-02 -3.02680172e-02 -2.34359093e-02  8.99162889e-02
 -9.19150785e-02 -6.44739568e-02 -1.05201125e-01  5.89075834e-02
  1.59128472e-01 -4.66217175e-02  2.40281150e-02  2.66434938e-01
  8.59272704e-02  4.27225642e-02  3.03768329e-02  9.27914158e-02
 -7.69517869e-02 -2.53091976e-02 -1.53589603e-02  9.74458233e-02
  1.65636837e-03 -7.72378594e-02  3.77996340e-02  1.15793377e-01
 -2.12397829e-01  2.98274636e-01 -5.29301055e-02 -4.07049581e-02
 -8.94327983e-02 -1.24041378e-01 -1.38951465e-04  3.20006534e-02
  1.41013801e-01 -2.96343774e-01  1.36306852e-01  1.73337400e-01
  8.88034999e-02  2.15454087e-01  5.45587316e-02  4.79601137e-03
 -5.86576834e-02 -6.55327812e-02 -2.39977464e-01 -9.92185473e-02
  8.93325433e-02 -6.41356409e-02  5.33687696e-02  4.11095694e-02]