[-0.13524394  0.10324523 -0.0020809  -0.11553013 -0.13539487 -0.04061692
  0.03917028 -0.04737982  0.1509151  -0.06409199  0.19440445  0.00888427
 -0.22173658 -0.01448899  0.00846375  0.05928468 -0.1274071  -0.08256739
 -0.08747806 -0.07018475  0.02414504  0.00217302  0.02827832  0.09514464
 -0.13156068 -0.29806823 -0.11050458 -0.11735025  0.07697682 -0.15743786
  0.07279538  0.05098185 -0.13346002 -0.06750241 -0.01511716  0.06068089
 -0.15275837 -0.10261747  0.25450459  0.06200442 -0.11040909  0.01325868
 -0.00381274  0.37322557  0.19311847  0.02697736  0.0354174  -0.10024062
  0.22617079 -0.31623223  0.13130604  0.11176635  0.10130152  0.06287132
  0.11964222 -0.07223364  0.11258309  0.0861505  -0.26457927  0.07902193
  0.09371546 -0.04753727 -0.08609492 -0.12690139  0.21557574  0.10736508
 -0.09751    -0.07136799  0.12219961 -0.18349597 -0.06764667  0.09963322
 -0.10117912 -0.18431805 -0.23380797  0.11702649  0.3486681   0.26615795
 -0.09646887  0.04240314 -0.06386649 -0.01991577  0.07218284  0.05800469
 -0.15353031 -0.04300825 -0.04872961  0.07065799  0.1649005  -0.03381286
 -0.06325038  0.26391348  0.0714836   0.04915594  0.05682703 -0.04758748
 -0.12031913 -0.03873092 -0.11173256 -0.01013945  0.11489689 -0.09688966
  0.02542917  0.07083414 -0.20603052  0.21616861 -0.0220148  -0.0115054
  0.03487498 -0.0665152  -0.18159521 -0.02002433  0.15462889 -0.26810694
  0.17243007  0.13013017  0.05090601  0.10551268  0.11753941  0.01247133
 -0.01363717 -0.00592017 -0.1347975  -0.0096229   0.1614632  -0.00262423
  0.0529209  -0.01640444]