[-9.79095921e-02  4.04735245e-02  1.93245374e-02 -1.41850654e-02
 -4.71789502e-02 -1.47015154e-02 -2.07194109e-02 -1.86131671e-02
  2.04154149e-01 -8.84148180e-02  3.20036620e-01  6.19121734e-03
 -1.99275866e-01 -1.07345343e-01 -5.77521995e-02  6.63922131e-02
 -9.18061137e-02 -7.46631473e-02 -1.01518668e-01 -9.14732665e-02
  9.19716954e-02 -5.06459102e-02 -1.22370874e-03  7.23314062e-02
 -1.81086913e-01 -2.57312298e-01 -6.20913208e-02 -1.29443228e-01
  7.12184682e-02 -1.99591637e-01 -4.42225635e-02  8.56385976e-02
 -1.65156260e-01 -1.63244843e-01  1.42548988e-02  1.58270299e-01
 -8.94502401e-02 -7.00847507e-02  2.40969524e-01 -5.03652580e-02
 -1.48707286e-01  7.17601627e-02  5.06205633e-02  2.96050340e-01
  2.18875274e-01  3.39658484e-02 -3.41344066e-03 -3.20963934e-02
  1.75845057e-01 -2.53738284e-01  7.40461722e-02  1.65478349e-01
  1.50683835e-01  1.19948335e-01  1.49834976e-01 -1.37327626e-01
 -2.52942666e-02  1.97596729e-01 -1.41625106e-01  6.03991039e-02
 -2.60704942e-02 -3.62799689e-03  3.14922333e-02 -9.52389911e-02
  1.20250158e-01  5.99321574e-02 -1.18767291e-01 -8.54313374e-02
  1.62148982e-01 -1.29797772e-01 -2.32509002e-02  2.07099319e-01
 -1.46750271e-01 -2.64354467e-01 -1.86854914e-01  1.37536645e-01
  4.47833866e-01  2.22013041e-01 -8.93565118e-02  3.61500792e-02
 -3.34938429e-02 -1.21029787e-01  2.47605685e-02  1.52764097e-02
 -1.14506446e-02 -1.44053558e-02 -1.23405661e-02  7.51074106e-02
  2.07457989e-01  5.36757708e-02 -6.46403804e-02  1.87392294e-01
 -1.34173464e-02  2.18559839e-02  1.04592256e-02  2.24965625e-05
 -6.84228539e-02  4.34889421e-02 -1.71962738e-01 -6.20787125e-03
  2.67669689e-02 -1.06465243e-01  1.91900134e-03  2.11838447e-02
 -1.38497934e-01  8.04833025e-02  1.23386141e-02  2.17243750e-02
 -3.92939895e-02  3.84676307e-02 -1.73954964e-01  7.59150237e-02
  1.75608814e-01 -3.41255039e-01  2.58614898e-01  1.69361651e-01
  1.05459847e-01  1.01791210e-01  1.34706885e-01 -2.23922599e-02
  1.19128212e-01 -8.01656097e-02 -1.40048012e-01 -9.81739908e-02
  6.91446513e-02 -1.47474818e-02  1.08063653e-01 -2.53648516e-02]