[-0.087809   -0.00957153 -0.0125613  -0.09499352 -0.16694406 -0.00665767
  0.04521931 -0.12260145  0.15412353 -0.08094271  0.15733433 -0.05463891
 -0.30241027  0.07754819 -0.10851482  0.17775092 -0.11897309 -0.22228765
 -0.01838428 -0.03426152  0.03100182 -0.01190563  0.01763355  0.15757637
 -0.10648331 -0.31343156 -0.07578773 -0.0323571  -0.00466633 -0.06418429
  0.02267947  0.18699719 -0.21282411 -0.00801955  0.06629819  0.14049017
 -0.03227092 -0.13388595  0.26204205  0.10543297 -0.24246508 -0.03061196
  0.06071093  0.2992622   0.15966602  0.00559939  0.03936477 -0.1252483
  0.0917457  -0.30326647  0.08954223  0.17940049  0.10606036  0.02005309
 -0.05570684 -0.12875442  0.07795747  0.12401988 -0.27540666  0.01312657
  0.1048751  -0.06781704  0.01972838 -0.09934407  0.18117979  0.08083405
 -0.07794361 -0.10218696  0.25126666 -0.19703436 -0.08255653  0.06293426
 -0.12550877 -0.23211731 -0.22796917  0.02339327  0.44326463  0.20563859
 -0.05835413  0.10290857 -0.0930658  -0.04626069  0.0202984   0.08011394
 -0.02572776 -0.03863771 -0.07240774  0.04914003  0.26498049 -0.00823874
 -0.03647734  0.24886429  0.05150383 -0.03206982  0.06477126  0.08236971
 -0.04623785  0.05122933 -0.16559404 -0.02471812 -0.10149132 -0.03837959
  0.04198701  0.10606481 -0.26221323  0.13798951 -0.0370326  -0.09180008
 -0.00877071 -0.0243432  -0.11894108 -0.08490749  0.13055186 -0.30166495
  0.09925079  0.18633322  0.09223449  0.13875934  0.05381368  0.06808057
  0.07889198 -0.13104671 -0.20363183 -0.05561138  0.13649203 -0.01966362
  0.02853472  0.07405581]