[-0.06419569  0.06610054  0.1041169  -0.11027645 -0.1988107  -0.00841525
  0.03403145 -0.04637241  0.1027626  -0.12749776  0.17767359 -0.14540938
 -0.16812089  0.08768127  0.02459057  0.25364819 -0.122099   -0.20888294
 -0.20320286 -0.08814947 -0.11399916  0.10127779 -0.0587715   0.10522514
 -0.11793332 -0.33751193  0.01580381 -0.02687129  0.0590419  -0.12171055
  0.01127401  0.24157608 -0.17232351 -0.01404327  0.10394881  0.12179309
 -0.11259853 -0.06964762  0.17564219  0.04023819 -0.28740233  0.02962907
  0.11456946  0.3157849   0.21690866  0.00532614 -0.0118937  -0.07504617
  0.08346926 -0.30946365  0.02858185  0.13632539  0.06396966  0.10018419
  0.04534914 -0.17009751  0.02948462  0.14259957 -0.21322159  0.0524804
  0.0725306  -0.11050397 -0.00833031 -0.13748464  0.20874754  0.06851688
 -0.12861569 -0.11830502  0.16889848 -0.12775683 -0.07081457  0.05915237
 -0.10118192 -0.13818274 -0.26501352 -0.01693108  0.33214396  0.0852299
 -0.18375126  0.00790024  0.01698746 -0.05351492 -0.01455801  0.13569055
 -0.05697538 -0.14339384 -0.00514277  0.03384099  0.20643833 -0.02307933
  0.03765569  0.20889878 -0.01715312 -0.09818275 -0.03590363  0.08300854
 -0.16358259  0.00967773 -0.13184144 -0.06141731 -0.04496448 -0.0609846
 -0.03755009  0.17761548 -0.24371722  0.28247121 -0.04220244  0.01236385
  0.02489562  0.03903696 -0.0064152  -0.05877192  0.16474774 -0.20339559
  0.13858663  0.23043488  0.0098186   0.09435325  0.0632316   0.04942761
  0.03523637  0.01348817 -0.23626569 -0.06039755  0.10302991 -0.10141698
 -0.06078627  0.08220972]