[-2.90999897e-02  1.30744176e-02  1.19325947e-02 -6.32871464e-02
 -1.80174455e-01 -1.22828260e-02  4.44116294e-02 -6.59712702e-02
  1.80660829e-01 -2.13596582e-01  2.03028381e-01 -1.30142212e-01
 -1.66081980e-01  1.06015682e-01 -7.46612921e-02  1.46150678e-01
 -1.30025163e-01 -1.24888852e-01 -1.08536705e-01 -9.63953957e-02
  3.13800797e-02  8.08997154e-02 -1.15859650e-01  1.53765574e-01
 -1.07525826e-01 -2.97198147e-01 -2.53421254e-02 -5.70633188e-02
  4.78962325e-02 -7.67308027e-02 -1.45157119e-02  1.73371688e-01
 -1.17316842e-01 -2.95589026e-02  5.14960065e-02  5.78618981e-02
 -1.08794026e-01 -1.15239501e-01  2.17601135e-01  4.35617846e-03
 -2.52913088e-01 -3.84932160e-02  8.81167650e-02  3.13682169e-01
  1.46793947e-01 -3.72837670e-02 -3.75647098e-02 -3.15165892e-02
  1.80906162e-01 -3.06000561e-01  4.95227054e-03  1.31079733e-01
  9.01782364e-02  6.95083514e-02  5.22458553e-02 -1.66572183e-01
 -8.03881139e-03  1.45265296e-01 -2.04487965e-01  2.90450566e-02
  6.28240258e-02 -1.31669939e-01 -4.71806992e-03 -1.30324408e-01
  1.66941628e-01  1.20292746e-01 -7.12382197e-02 -1.48680180e-01
  2.06498176e-01 -2.26640001e-01 -2.27254815e-02  9.85155255e-02
 -8.82637575e-02 -1.93268657e-01 -1.43017218e-01  1.02735534e-02
  3.96670461e-01  1.81921124e-01 -6.06954992e-02  1.90621726e-02
  1.54460156e-02 -5.22108972e-02  9.46993008e-02  8.98497924e-02
  3.62429954e-03 -6.58331215e-02 -3.43577601e-02  6.54026270e-02
  2.08654642e-01 -3.00720967e-02 -6.42463099e-03  2.21825019e-01
 -1.33089460e-02 -8.97592306e-02  2.94847768e-02  2.09751492e-03
 -1.66097015e-01  5.55748679e-02 -1.22724377e-01  3.16356048e-02
 -1.37785682e-02 -5.91409393e-02  1.80554390e-02  1.13782391e-01
 -1.77471489e-01  2.15920895e-01 -8.36502165e-02  3.38369980e-04
  1.84121877e-02 -2.46710163e-02 -8.87529552e-02 -2.04353854e-02
  1.70296177e-01 -1.80187717e-01  7.98325464e-02  5.70232868e-02
  6.76405504e-02  1.72057569e-01  1.10133924e-02  2.57930011e-02
  4.33531962e-02 -8.16568062e-02 -2.72147417e-01 -5.27482592e-02
  9.65451673e-02 -8.96213502e-02 -6.58909325e-03 -2.89012454e-02]