[-0.02190961 -0.00447936  0.02779998 -0.09924433 -0.06699836 -0.02412356
 -0.05644018 -0.0589257   0.19489166 -0.16150235  0.16173448 -0.07478961
 -0.16908935  0.0623408  -0.06339658  0.18848802 -0.09039117 -0.08956471
 -0.04151612 -0.07819276  0.06720844  0.04272268  0.03395882  0.07604822
 -0.20009263 -0.28569454 -0.05987467  0.00588089 -0.06994091 -0.0762836
 -0.0308102   0.12045663 -0.20200844  0.01759093  0.02180743  0.10321628
 -0.05233393 -0.14430541  0.1995948   0.09690405 -0.25584239 -0.05695215
  0.05395221  0.27653387  0.25351429 -0.0127817  -0.00157143 -0.10738362
  0.11486673 -0.36248505  0.05231907  0.08709553  0.00552783  0.05613828
 -0.02289993 -0.1059695   0.0208453   0.1544538  -0.20516713 -0.04132155
  0.02046837 -0.05202894 -0.00839186 -0.08763235  0.23823364  0.16025507
 -0.1712832  -0.09807821  0.14738068 -0.1852984  -0.0291414   0.07695132
 -0.09887086 -0.26488432 -0.3442215   0.00611282  0.37069559  0.14935984
 -0.11329161  0.02753926 -0.07073584 -0.00210101  0.09438904  0.15854011
  0.04163664 -0.02392067 -0.00890992  0.05280504  0.28520963 -0.08692556
 -0.08057341  0.2515803   0.00488853 -0.02776377 -0.05312895  0.1535441
 -0.10244373  0.04922143 -0.1465874   0.01663448 -0.00810082  0.03789572
  0.00267954  0.20904779 -0.27759251  0.21424751 -0.02049085 -0.10208604
  0.05736669 -0.06351404 -0.07445607 -0.09341136  0.09168285 -0.27881992
  0.02615914  0.19710483  0.07634822  0.19584143  0.03604859  0.05691304
  0.07336734 -0.03973544 -0.22187838 -0.00166521  0.04686136  0.01930661
 -0.00675288  0.03596184]