[-0.09434159  0.00145978  0.01624705 -0.06573871 -0.10985584 -0.02162197
 -0.00248352 -0.06943038  0.15504205 -0.16992201  0.1361385  -0.18086022
 -0.19255999  0.08901708 -0.10240714  0.19623423 -0.13689923 -0.19281183
 -0.06590661 -0.05205809 -0.06392801 -0.02226815 -0.03361874  0.16752942
 -0.10108479 -0.3162193  -0.06662165 -0.11264896 -0.07479762 -0.08984623
  0.08340321  0.09324404 -0.14244182  0.03998278  0.03485866  0.11694391
  0.02622427 -0.13263561  0.21342637 -0.01995504 -0.29882786 -0.04917313
  0.13712759  0.33175755  0.18434078 -0.02168458 -0.04762194 -0.0334957
  0.14778702 -0.28553227 -0.03334444  0.10137238  0.05076808  0.01598871
  0.0950163  -0.09989599  0.14030235  0.08693942 -0.1872734  -0.0032218
  0.08305308 -0.01063076  0.12909034 -0.05579959  0.27094048  0.07791147
 -0.10620425 -0.09775911  0.18742768 -0.26033556 -0.0200928   0.09789846
 -0.08955394 -0.22658868 -0.27612606 -0.05537433  0.43797851  0.2422533
 -0.07189158  0.11242281 -0.00520879 -0.03416838  0.08446241  0.16067897
 -0.03640276  0.03679803 -0.08365095  0.02121508  0.29530418  0.0469517
 -0.04678849  0.17686975 -0.05498639 -0.10537135  0.03172097  0.00768009
 -0.10472742  0.01422731 -0.15871598  0.02778966 -0.06452432 -0.01919307
  0.00970166  0.10618585 -0.25145593  0.13419922 -0.07564943 -0.05863588
 -0.09073337  0.09063406 -0.07633855  0.06224336  0.18604359 -0.25796646
  0.0837992   0.10885991  0.07297431  0.11075421  0.05837287  0.02297637
  0.00209227 -0.05398644 -0.17572533 -0.0853093   0.00107258 -0.09398909
  0.14172246  0.05529825]