[-0.05369785  0.04032389  0.05877298 -0.0398637  -0.17952915 -0.03875273
 -0.09760436 -0.08211673  0.1463007  -0.13854313  0.06645837 -0.08982927
 -0.23514205  0.12675741 -0.06663799  0.22631928 -0.21813546 -0.18778466
 -0.01878615 -0.07121228 -0.01614592  0.10850186 -0.05783395  0.09645458
 -0.09504783 -0.38838512 -0.05081097 -0.11134551  0.03602981 -0.06164006
 -0.01143529  0.11118627 -0.11290087  0.00816072  0.1199728   0.04126118
 -0.0410247  -0.13399093  0.19592449  0.0422667  -0.25710842 -0.10094392
  0.15367131  0.29236716  0.17913589 -0.04845155  0.00359027 -0.08704636
  0.10700206 -0.31581321 -0.0080103   0.13931848  0.00369057  0.17706309
  0.08072833 -0.18416426  0.08584455  0.08223971 -0.21629392  0.11190914
  0.11521646 -0.09894724  0.05861289 -0.00124824  0.26888728  0.03776929
 -0.099777   -0.13650595  0.1686642  -0.19638506 -0.04176538  0.04762921
 -0.08232538 -0.20035991 -0.22080654 -0.03927772  0.38688087  0.21913801
 -0.12835056  0.05392159 -0.02274584 -0.08816038  0.10861133  0.15429181
  0.03246129 -0.04255779 -0.04355256  0.07954122  0.23396468 -0.02617512
  0.03296326  0.26630315 -0.00855819 -0.00840091  0.0357815   0.13423835
 -0.17863718 -0.00352198 -0.16097045 -0.05722412  0.01003826  0.00800932
  0.06756598  0.17009369 -0.13906184  0.1662159  -0.02698038 -0.04121619
 -0.02084086  0.04098073 -0.05651144 -0.07292255  0.16180511 -0.16810061
  0.1684276   0.14551286  0.07688592  0.14013325 -0.02447819  0.01765183
  0.0101415  -0.1366033  -0.15244797 -0.02788991  0.00791253 -0.02976264
 -0.04449578  0.03251912]