[-0.08548072  0.08635996  0.00696612 -0.08308329 -0.10953626  0.02716805
 -0.09198336 -0.07609334  0.14410657 -0.119339    0.23545735 -0.04879213
 -0.23720345 -0.00281421  0.01719132  0.09371493 -0.14626662 -0.04875285
 -0.11029274 -0.07179309  0.0730538   0.00042577 -0.04523115  0.10890172
 -0.19675741 -0.27773607 -0.09637038 -0.11713552  0.02633033 -0.09159002
 -0.0353504  -0.02045044 -0.15613443 -0.06050466  0.0052119   0.13105701
 -0.10384831 -0.06483286  0.13965848  0.00886491 -0.0655214   0.10241216
  0.01051908  0.23142281  0.18292199  0.08874365  0.02691046 -0.1335866
  0.15393837 -0.27570403  0.0695317   0.17069088  0.05475885  0.12195473
  0.13288826 -0.18521811  0.08123152  0.14744973 -0.22990955  0.0865428
  0.01763638  0.02360645  0.02020092 -0.04248201  0.17790987  0.09817411
 -0.12011322 -0.0813154   0.10028896 -0.15819311 -0.03525968  0.03543065
 -0.12609369 -0.25745612 -0.29158777  0.10937797  0.34855604  0.23267573
 -0.18976589  0.02401647 -0.02940543 -0.07505444  0.09853537 -0.02047382
 -0.07057343 -0.1006093  -0.08772881  0.08699094  0.18658365 -0.03434243
  0.07608968  0.29632369  0.04258154 -0.00047136  0.03757101  0.05868345
 -0.19577585 -0.02482546 -0.13761918 -0.00426968  0.05918607 -0.08655157
  0.01090011  0.05845287 -0.20569552  0.15557361 -0.01646344 -0.08751603
 -0.07569215 -0.03290103 -0.22936615  0.0034839   0.22625864 -0.24624598
  0.1897742   0.19578558  0.09491456  0.13734803  0.14195862  0.01197157
 -0.00253328 -0.01789878 -0.14615127 -0.05466344  0.05007418 -0.01503086
  0.00171402  0.01664741]