[-0.06880158  0.0642578   0.12229465 -0.08114495 -0.08998509 -0.02851493
 -0.1171728  -0.07236707  0.08893368 -0.06733842  0.06530487 -0.02508948
 -0.23090507  0.08787499 -0.06736361  0.13889948 -0.04634673 -0.15210816
 -0.15150957 -0.05928794 -0.00777696  0.1360826   0.0019054  -0.00382684
 -0.04605019 -0.255629   -0.02661668 -0.02191048  0.05231692 -0.08246722
 -0.00220129  0.07224565 -0.13864385  0.03224787  0.02855838  0.07141101
 -0.07535873 -0.07897024  0.12070424 -0.00178319 -0.24992193 -0.01376462
  0.01996389  0.24466082  0.21872768  0.06555969  0.03683718 -0.09676842
  0.06065213 -0.30391702  0.00768924  0.14783511 -0.00909301  0.06010437
  0.08208644 -0.19312908  0.01248643  0.08554298 -0.13836388  0.07164566
  0.04750892 -0.04837214  0.00432001 -0.12566337  0.20010088  0.02513836
 -0.15851179 -0.09665711  0.1680983  -0.16147159 -0.03973192  0.08567113
 -0.10780279 -0.14595267 -0.28037822 -0.01717007  0.39038265  0.11565278
 -0.07262222  0.07698227 -0.03717178  0.01141991 -0.02104438  0.06744458
 -0.10469629 -0.00641359 -0.03041098  0.03361183  0.22014287 -0.04533546
 -0.01328497  0.16936186 -0.01015754  0.00601993 -0.05336809  0.12546706
 -0.0727443  -0.0192676  -0.10134719  0.01089245  0.01988405 -0.0597917
  0.05199948  0.17790204 -0.11753342  0.18338788 -0.01273439  0.03813986
  0.02797036  0.08599277 -0.06703742 -0.07785824  0.15819402 -0.1976521
  0.14566325  0.2229992   0.07767378  0.05847608  0.06444009  0.08228722
  0.01248203  0.03033091 -0.17682353 -0.09396353  0.02404022 -0.00617745
 -0.0354299   0.12936607]