[-0.05897423  0.01347193 -0.03382148 -0.10454445 -0.06236367 -0.0609129
  0.01706247 -0.05932594  0.1522561  -0.11873911  0.14245181 -0.01766988
 -0.26771471 -0.04746467  0.02335943  0.08047613 -0.18251972 -0.10989778
 -0.10857197 -0.09614868  0.0695985   0.09652682  0.01967434  0.12661062
 -0.10736956 -0.27270588 -0.09034984 -0.08380657 -0.01876711 -0.15556164
  0.11978364  0.11605464 -0.22623351 -0.08141426  0.00521063  0.01032386
 -0.05794105 -0.02515059  0.22693476  0.0808801  -0.15626106 -0.0088759
  0.07371324  0.29721946  0.13063122  0.07081763 -0.03815388 -0.04662851
  0.11972666 -0.3274115   0.00594384  0.18381231  0.0220544   0.06574964
  0.0407979  -0.1031894   0.08676063  0.07161032 -0.22400661  0.08860233
  0.06114557 -0.10502835 -0.0338318   0.04945298  0.17193736  0.03644689
 -0.08656079 -0.11995165  0.08910327 -0.19981013 -0.11774734  0.14526317
 -0.08652293 -0.17363259 -0.24689719  0.01271976  0.39659259  0.10130608
 -0.10156388  0.06758542 -0.10494447 -0.0444442   0.12694916  0.04016751
 -0.04242056 -0.05186655 -0.06926341  0.11601476  0.20973447  0.00564504
 -0.07609656  0.245023    0.0706858   0.03383562  0.06673024  0.04592992
 -0.05289529 -0.03109887 -0.16429216  0.01090785  0.077219   -0.00368553
 -0.02726678  0.07625575 -0.14849494  0.19158177  0.03122745 -0.10484664
 -0.03159219  0.01408628 -0.18697309 -0.02392424  0.09761227 -0.26170918
  0.21070762  0.17301631  0.0085867   0.09478791  0.03666716  0.02086071
 -0.01304389 -0.06247029 -0.14066865 -0.12272722  0.13688603  0.05244761
  0.07024696 -0.07428338]