[-0.08752967  0.09575233  0.00291714 -0.05089512 -0.09732959  0.02353038
 -0.06796014 -0.08200477  0.15547034 -0.0712558   0.23434746 -0.03951886
 -0.17264087 -0.00825853 -0.08410556  0.0891246  -0.13420969 -0.14552541
 -0.03114459 -0.08707562 -0.03754665 -0.03437283  0.00822909  0.09076435
 -0.14678161 -0.26742855 -0.05167508 -0.08887977  0.06066968 -0.11585815
  0.01570883  0.09022264 -0.14692362 -0.01589924  0.03655761  0.07602838
 -0.00963815 -0.0670787   0.22588748  0.02561294 -0.10211831 -0.0234204
  0.05674828  0.33918226  0.10595528  0.03065021  0.02038144 -0.12928805
  0.16731897 -0.1723125   0.07644191  0.19297542  0.0711877   0.08268655
  0.04053986 -0.11155275  0.07211252  0.18894635 -0.17892051  0.0493434
  0.02278193  0.06014768  0.02353634 -0.09650974  0.23393141  0.1037908
 -0.09028719 -0.09778644  0.13183862 -0.05672528 -0.06210604  0.09534121
 -0.13343483 -0.18851821 -0.20979449  0.05035723  0.38343754  0.17728713
 -0.07201002  0.03440657 -0.08640806 -0.11690359  0.02177449  0.03222209
 -0.14114621 -0.05074023 -0.0363695   0.07852543  0.2218186   0.04962817
 -0.02547782  0.13958263  0.00421969 -0.02910672 -0.02884045  0.05676128
 -0.15298323  0.06918588 -0.13578823 -0.07067645  0.00669526 -0.01558044
  0.04442504  0.10681444 -0.26075622  0.12219588  0.0443567  -0.04229771
  0.00405647  0.03825028 -0.06605014 -0.00828753  0.14006335 -0.28778055
  0.16514839  0.11962463  0.16278452  0.12996444  0.07829368  0.0016016
  0.02216991 -0.07853885 -0.10259599 -0.0388306   0.0574014  -0.01154528
  0.05119802  0.03024686]