[-1.21911243e-01 -1.58455055e-02  8.97823647e-02 -8.87705460e-02
 -6.00549281e-02 -4.50519621e-02  2.53517926e-02 -5.90876080e-02
  1.74276844e-01 -1.39325425e-01  1.00857034e-01 -1.50275026e-02
 -2.38840431e-01  2.55774241e-02  1.15305129e-02  1.12173572e-01
 -8.24886113e-02 -1.18672617e-01 -7.31146783e-02 -7.58860558e-02
  8.73185098e-02  7.97892436e-02 -1.57847404e-01  8.18291903e-02
 -1.28484160e-01 -2.42368966e-01 -4.25293371e-02 -1.28731178e-02
 -1.01650611e-01  1.13794971e-02  9.87265352e-03  5.59046604e-02
 -1.59310400e-01  7.48333987e-03 -1.61944907e-02  1.19734883e-01
 -6.32042140e-02 -1.20164612e-02  1.80594623e-01  6.00406118e-02
 -2.01961681e-01 -5.06429635e-02  1.94743723e-02  2.48073548e-01
  1.70548335e-01 -1.03108315e-02 -1.87234990e-02 -1.14424424e-02
  1.63007304e-01 -3.38765830e-01  3.30414325e-02  1.78335488e-01
  6.08857833e-02  9.73410010e-02  9.08176154e-02 -1.51979566e-01
  1.75534897e-02  1.45314232e-01 -2.08581269e-01  1.33763000e-01
  1.00411382e-02 -1.59024581e-01 -4.00870433e-03 -3.63680087e-02
  1.35250121e-01  8.87586921e-02 -1.07001498e-01 -1.16721131e-01
  1.64000422e-01 -2.16554180e-01 -1.22880086e-01  2.15941574e-02
 -1.03724971e-01 -2.29949057e-01 -3.41966361e-01  4.65776548e-02
  3.46733332e-01  1.75002366e-01 -1.98999360e-01  5.24960384e-02
 -2.15748884e-02 -2.04686951e-02  2.10405469e-01  5.46891913e-02
  4.06544358e-02  2.20668502e-04 -7.10850582e-02  2.61553340e-02
  2.59633899e-01  1.62773710e-02 -3.72084565e-02  2.74101049e-01
  2.30739787e-02  8.87356140e-03  1.00494064e-02  4.65634242e-02
 -4.92887571e-04 -1.34180849e-02 -1.47949934e-01  3.44610438e-02
  6.21501468e-02 -8.05723369e-02  3.58712487e-02  9.98247564e-02
 -2.11174548e-01  2.01173544e-01  1.98226012e-02  2.55481414e-02
 -5.87003753e-02  4.08283342e-03 -2.09973305e-01  1.53375622e-02
  1.86362818e-01 -1.84746966e-01  2.03744993e-01  1.65730745e-01
 -6.46285992e-03  1.18923977e-01  4.25508209e-02 -5.66437189e-03
  2.13660039e-02 -7.77707100e-02 -1.65001899e-01 -7.16161653e-02
  5.31049818e-02  2.02096775e-02  5.38733602e-02  9.29066390e-02]