[-0.23296787  0.15933195  0.06472864 -0.01424623 -0.15103807  0.03913039
 -0.13586897 -0.05264993  0.11200762 -0.06867603  0.23476234  0.00887899
 -0.19678921  0.0019625  -0.04249817  0.07659718 -0.19001652 -0.0240463
 -0.03157659 -0.05716119  0.01382194  0.13266245  0.11160129  0.04825234
 -0.17359889 -0.32742557 -0.11971664 -0.10604096  0.09918681 -0.10112154
 -0.07727697  0.02474881 -0.14636157 -0.05659608  0.06182402  0.16476397
 -0.11102307 -0.04926997  0.15998562  0.0373515  -0.05199788  0.02070416
 -0.00092579  0.35959584  0.20748152  0.00564707  0.00961123 -0.09857862
  0.09612073 -0.3004694   0.14824164  0.16084687  0.09842764  0.08213695
  0.08649553 -0.07724677  0.03121804  0.11956155 -0.11204984  0.08941929
  0.08833896 -0.02405972 -0.02836485 -0.05090622  0.21066931  0.14421271
 -0.13742802 -0.16184029  0.03272834 -0.13540348 -0.0780011   0.12184571
 -0.10853043 -0.18892889 -0.26843387  0.10049526  0.40297937  0.20050165
 -0.1765611   0.01846185 -0.06221466 -0.0936446   0.0147325   0.13234138
 -0.14079547 -0.01377334 -0.09441409  0.10553915  0.18206555 -0.03861844
 -0.05879304  0.27878317  0.08248375  0.08200516  0.10258876  0.04381995
 -0.12091438 -0.11542102 -0.13051549 -0.06710394  0.06955324 -0.06834498
 -0.05185908  0.12341153 -0.15421215  0.22342554 -0.02935541 -0.05245653
  0.03310834 -0.09781523 -0.1444883  -0.0054524   0.19034895 -0.2576558
  0.131447    0.13092555  0.09517607  0.17714258  0.14916267  0.02850239
  0.01056032  0.05145995 -0.07311314 -0.0590493   0.06986992 -0.05199393
  0.01823506 -0.01175375]