[-0.08404483  0.06661917  0.02514539  0.00308171 -0.16353515  0.05100438
  0.00756803 -0.07224193  0.11477467 -0.14809263  0.18772793 -0.10148913
 -0.24504034 -0.01223136  0.09109133  0.13376582 -0.06582069 -0.17114647
 -0.09278235 -0.07213299  0.03431518  0.01203218 -0.0649486   0.09112133
 -0.16538654 -0.27956599  0.02526373 -0.08778709 -0.0289642  -0.18621163
 -0.07996498  0.10717512 -0.10493889  0.00692302  0.01912691  0.10861787
 -0.09890611 -0.08326641  0.21490456  0.01791157 -0.22523217 -0.02813014
 -0.03997054  0.26667804  0.13670075  0.02591838  0.00051608 -0.09068269
  0.16070193 -0.31666127  0.02294092  0.17565517  0.04469622  0.07296137
  0.00495458 -0.16095024  0.00190183  0.03395601 -0.20078669  0.05701684
  0.05219325 -0.17446181 -0.03130184 -0.12868768  0.23401187  0.15817297
 -0.06981436 -0.1169683   0.18266033 -0.163517   -0.17930394  0.03751263
 -0.09019423 -0.2137462  -0.22868124  0.00797727  0.32240474  0.14152953
 -0.24694443 -0.01777396 -0.02905241 -0.02611891  0.10662328  0.14195882
  0.01582574 -0.06885139 -0.05758762  0.0077093   0.29832524 -0.09959959
 -0.01731176  0.19783568  0.05916306 -0.00146184  0.05927663  0.03052622
 -0.05918481  0.0146792  -0.11594758 -0.00881232  0.03715033 -0.11006328
 -0.00384996  0.11962838 -0.2297136   0.25618461 -0.01775134 -0.03930552
  0.00038712 -0.03703154 -0.09490742 -0.00449206  0.15647328 -0.25495973
  0.20903242  0.19224574  0.09097417  0.15752949  0.01738784  0.07754193
  0.03810566 -0.02333444 -0.22402354 -0.11700086  0.09468734  0.03032072
 -0.05802573  0.05709004]