[ 0.00057832  0.06340766  0.01901146 -0.06342293 -0.09095863  0.0255846
 -0.06744476 -0.0574753   0.21156847 -0.16166049  0.17042376 -0.07746114
 -0.14437705  0.09464808 -0.05667269  0.16338123 -0.16417259 -0.10470391
 -0.08603701 -0.03116358  0.06985256  0.08488101  0.04416309  0.13809977
 -0.1580222  -0.31344125 -0.06017704 -0.12315135 -0.00516938 -0.0915157
  0.02581581  0.13512151 -0.12164824  0.07326109  0.04872103  0.11810117
 -0.03756182 -0.06958956  0.21836458  0.06749573 -0.2806358   0.05743283
  0.04937571  0.28956813  0.14592177  0.01629262  0.03786451 -0.07520727
  0.12378178 -0.23532057  0.08596438  0.17323363  0.10077354  0.12585209
  0.08025084 -0.11123911  0.09853476  0.08858176 -0.16522776  0.0232464
  0.11616892 -0.0754353   0.0453065  -0.0782658   0.22343193  0.09950794
 -0.11138186 -0.1396919   0.08343694 -0.19674575 -0.11879048  0.14996931
 -0.14214575 -0.17758501 -0.21609525 -0.01873587  0.41561222  0.19539121
 -0.14751863  0.09066872 -0.02000042 -0.05427534  0.03435341  0.22808264
  0.0215634   0.0248642  -0.00200872  0.0343621   0.21576326 -0.04847562
 -0.02228527  0.22437602  0.02388454 -0.04440229 -0.02336105 -0.01921913
 -0.0861208  -0.00043308 -0.04650673 -0.01963431 -0.09632953  0.00582253
 -0.06887974  0.02937911 -0.28100586  0.27527937 -0.05719137 -0.07155952
  0.00743541  0.07848153 -0.02123183 -0.00081913  0.16162853 -0.32133308
  0.12992957  0.14442475  0.08368236  0.16372205 -0.01682099  0.152678
  0.00453642 -0.00241065 -0.19933231 -0.09863357  0.05509457 -0.04210665
  0.02144137  0.00703057]