[ 0.00393458  0.06264956 -0.05545554 -0.06439933 -0.13135414  0.01875447
 -0.02966027 -0.08097981  0.12822667 -0.04147528  0.24619816  0.00140514
 -0.22859715 -0.08894829  0.05971576  0.08583524 -0.03266806 -0.11864903
 -0.13894007  0.01736383  0.0068102   0.0846146  -0.0129212   0.08792784
 -0.13635184 -0.26807687 -0.10192852 -0.11005645  0.04719647 -0.10145628
 -0.07172965  0.19892353 -0.12009107 -0.07429363  0.07165238  0.08280523
 -0.10866861 -0.02742982  0.17900792  0.0179261  -0.20070624  0.00884253
 -0.01802379  0.29129198  0.23513493 -0.04113649  0.06483598 -0.03794108
  0.06573562 -0.17852925  0.06930172  0.16629535  0.12932216  0.13095561
 -0.02361092 -0.12568747  0.06035478  0.14869496 -0.27124545  0.00320802
  0.01815441 -0.17086335 -0.07238656 -0.04285525  0.12970601  0.06178205
 -0.08282138 -0.22085293  0.1130356  -0.22499359 -0.11953328  0.12352886
 -0.22207515 -0.17371356 -0.33690226  0.02497967  0.37391898  0.14585908
 -0.17784953  0.09415701  0.00045159 -0.09470385  0.01584548  0.0646171
 -0.01736879 -0.0530587  -0.07917905  0.04755433  0.21248096 -0.06850477
 -0.02201861  0.19769672  0.04048184 -0.00213998  0.07721138  0.06815292
  0.03353234 -0.03788912 -0.0530622   0.02181123 -0.03778156 -0.13513409
 -0.03183937  0.10372277 -0.1844786   0.28179103  0.02927608  0.04022591
 -0.01365825 -0.06844491 -0.06209035 -0.06170443  0.19756727 -0.26160467
  0.14435364  0.16476671  0.11351436  0.10413545  0.0011253   0.06436242
 -0.04258395 -0.03384595 -0.2404619  -0.06952821  0.09975856 -0.01327155
  0.01583565  0.04735056]