[-0.09961835  0.08081302  0.00968353 -0.03429824 -0.15991542 -0.02725018
  0.04312987 -0.09784243  0.20179807 -0.10967816  0.17337054 -0.06123578
 -0.26424256  0.01052438 -0.0181907   0.17504036 -0.05902452 -0.12530436
 -0.12731831 -0.07695411 -0.01237961  0.05530784 -0.05187326  0.0788534
 -0.14035383 -0.3806974  -0.06986171 -0.07612439 -0.03931335 -0.13396153
  0.01134097  0.20376636 -0.12129149 -0.07115252  0.07715134  0.07463433
 -0.06914367 -0.00142907  0.24765922  0.10978104 -0.22863968 -0.01241159
  0.0837314   0.35571694  0.22074115 -0.02431757  0.04888118 -0.10049842
  0.17528988 -0.29758853 -0.0134387   0.08952696  0.10492732  0.05224
  0.09616169 -0.11268595 -0.00580581  0.10087786 -0.28093874  0.11141254
  0.08569823 -0.21618424 -0.12770551 -0.04205472  0.25883377  0.09543704
 -0.13523665 -0.11593313  0.19991145 -0.22031695 -0.03938208  0.10214788
 -0.07192411 -0.19795227 -0.30391726  0.03054422  0.40271929  0.12809166
 -0.18962952  0.03227377 -0.02653343 -0.05635986  0.0923381   0.17523095
 -0.01169626 -0.05314353 -0.01972146  0.04463398  0.25437301 -0.01882967
 -0.00785251  0.29106036  0.01615081  0.03798665  0.01288324  0.05161908
 -0.13938117 -0.09212451 -0.12424544 -0.04713336  0.01585262 -0.05931233
  0.03546644  0.08751607 -0.19959269  0.20393933 -0.06278398 -0.00398802
 -0.01750872 -0.0955562  -0.05824753 -0.00549624  0.17042375 -0.27981919
  0.13978656  0.11836159 -0.02461898  0.10171808  0.02465363 -0.02840801
  0.0429548  -0.04933698 -0.17142129 -0.03265499  0.09864683 -0.0913719
  0.01653264 -0.04235018]