[-0.09860232  0.05630876  0.0117733  -0.04003992 -0.12986973  0.04217829
  0.02110336 -0.03462289  0.14951965 -0.05916781  0.20072228 -0.04291216
 -0.28517446  0.11647318 -0.08829565  0.05465364 -0.08273411 -0.04443898
 -0.09848494 -0.11533581  0.03442359  0.05432576 -0.091105    0.01722798
 -0.09713108 -0.20704161 -0.03755371 -0.05183816  0.04979854 -0.1379561
  0.08181171  0.05024452 -0.13281187 -0.01664984  0.02430796  0.06670175
 -0.0777071  -0.10382555  0.22048345  0.00329527 -0.08686332 -0.04690919
  0.05238318  0.29713249  0.01776039  0.01974163 -0.01166572 -0.07688434
  0.06621236 -0.25997636  0.07990155  0.15927461  0.15363839  0.1035883
  0.01611411 -0.14834927  0.04534701  0.14624263 -0.19637218  0.11031155
  0.1111723  -0.06140375 -0.11246911 -0.10528007  0.1764404   0.09029143
 -0.13670237 -0.05843495  0.11201838 -0.12356133 -0.07639032  0.03413574
 -0.06278409 -0.2462064  -0.13383463  0.14477368  0.42005146  0.22391173
 -0.17877793  0.00836193 -0.02782386 -0.04249637  0.0942957   0.06784389
 -0.07130045 -0.05379755 -0.00329944  0.08309773  0.15752757 -0.03192558
 -0.04037686  0.17076842  0.05127433 -0.0473437  -0.01975923  0.00880843
 -0.05595874  0.0094627  -0.0619439   0.00214901  0.11095176 -0.1035703
  0.02234194  0.05381556 -0.19107261  0.2112966   0.04531791 -0.0842329
  0.09303197 -0.00113458 -0.09711546 -0.02120539  0.20973976 -0.28341413
  0.1871583   0.13966182  0.03148305  0.19357672  0.06376926  0.12310195
  0.11092958 -0.00797524 -0.14741962 -0.13608541  0.05821801  0.00119949
  0.01407252 -0.00613262]