[-0.04532137  0.06941235  0.09054291 -0.06334289 -0.13589522  0.05344765
  0.01953286 -0.10283832  0.07010545 -0.06795603  0.14693867 -0.04615377
 -0.21689986  0.00517778  0.10699289  0.18650106 -0.11916483 -0.19324279
 -0.14807935 -0.11142962 -0.0530877   0.10950433 -0.08259331  0.09559789
 -0.23536572 -0.29735026 -0.02286626 -0.04762601 -0.02199615 -0.02019335
 -0.03472187  0.17010823 -0.16264771  0.04378042  0.14004374  0.09999388
  0.00848558 -0.09334397  0.23931542  0.06277826 -0.22857419  0.045607
  0.16080199  0.24440047  0.20225821 -0.07881305  0.06308714  0.03225293
  0.12424759 -0.2373744   0.0265331   0.17504404  0.06496437  0.10104167
  0.01552991 -0.17188384 -0.03198387  0.07809389 -0.24093078  0.05101499
  0.09745668 -0.15601216 -0.06749422 -0.08382145  0.15983655  0.10628337
 -0.12496196 -0.20369375  0.14248194 -0.20018652 -0.08347964  0.04499003
 -0.18667683 -0.12579687 -0.29619405  0.04197324  0.33797884  0.15942371
 -0.22199675  0.03155012  0.00289549 -0.02560445  0.06666768  0.11599521
  0.04125708 -0.00599911  0.00705537  0.0980801   0.28801173  0.04358581
 -0.00784138  0.27511153  0.05361707 -0.05620492  0.01886689  0.0491185
 -0.02360085 -0.10011476 -0.11884057  0.05274197 -0.09296235 -0.03375264
  0.05628717  0.14816116 -0.21606003  0.2106656  -0.03287329 -0.01313059
 -0.09026375  0.04394687 -0.10229843 -0.03197607  0.15348347 -0.24722908
  0.10455368  0.16612433 -0.00328993  0.06216318  0.01258012  0.05270954
  0.02925752 -0.0066945  -0.15250362 -0.1148284   0.07121348 -0.07258425
  0.05181967  0.07164261]