[-9.81048644e-02  8.25574547e-02  3.11862044e-02 -5.76803498e-02
 -1.54556334e-01 -7.09163770e-02  3.00642662e-03 -9.07992125e-02
  2.51049697e-01 -2.16204971e-01  1.90266907e-01 -4.98626679e-02
 -2.30820984e-01  8.08084533e-02 -1.12523884e-01  2.66967922e-01
 -1.76465631e-01 -9.31555927e-02 -1.21588752e-01 -5.88085577e-02
  4.14621457e-02  8.94881859e-02  1.49703696e-02  1.13613173e-01
 -6.45321161e-02 -3.02124202e-01 -7.43881166e-02 -7.58665949e-02
  4.89568487e-02 -1.19087286e-01  9.62374173e-03  1.54352203e-01
 -8.27992484e-02 -3.05033736e-02  2.15871651e-02  7.13864192e-02
 -9.74830985e-02 -1.20150335e-01  2.45135009e-01  5.96581474e-02
 -2.78131217e-01 -6.55182153e-02  2.86411382e-02  2.84320086e-01
  1.87589392e-01  1.59871066e-04  5.05091920e-02 -1.55419886e-01
  1.27764553e-01 -3.54197741e-01 -3.16881612e-02  9.86700878e-02
 -4.09987904e-02  6.42453507e-02  1.04625881e-01 -2.08639860e-01
  2.60258112e-02  1.28792465e-01 -2.01088712e-01  7.22430181e-03
  8.72834399e-02 -1.07725367e-01 -2.48032361e-02 -5.99611476e-02
  2.03932747e-01  1.08082399e-01 -1.11382209e-01 -6.69400543e-02
  2.43966296e-01 -2.27216616e-01 -1.28847910e-02  1.06916726e-01
 -6.89756423e-02 -2.38695323e-01 -2.42761090e-01 -2.50152946e-02
  3.88750166e-01  2.09040180e-01 -2.11814195e-02  3.91993746e-02
  4.04900238e-02 -2.47769132e-02  8.27618390e-02  1.81402847e-01
 -7.06244335e-02 -1.11301932e-02 -3.09500601e-02  6.44249097e-02
  1.58915296e-01 -3.74119058e-02  2.34296080e-02  2.85740763e-01
  1.07786320e-02 -2.90667135e-02  1.51399095e-02  6.84353635e-02
 -1.26617610e-01 -2.53554787e-02 -1.46056518e-01 -5.47188148e-03
  6.64735511e-02 -4.18598242e-02  1.71475187e-02  9.92504433e-02
 -1.34736538e-01  1.33752048e-01 -1.12701364e-01 -5.38098551e-02
 -4.41260412e-02 -6.64530545e-02 -7.11928606e-02  1.76835023e-02
  1.85785338e-01 -1.40015960e-01  1.15989976e-01  1.69610202e-01
 -1.78856328e-02  1.61379114e-01  8.03489089e-02  7.14748055e-02
 -8.88974406e-04 -1.11142300e-01 -2.02975690e-01 -3.15837786e-02
  1.08322620e-01 -6.19456992e-02  2.36347336e-02 -4.12344486e-02]