[-5.34596071e-02  9.04556923e-03  6.03425801e-02 -8.11040774e-02
 -1.26369298e-01  3.61048281e-02 -6.38594627e-02 -8.74248296e-02
  1.85368031e-01 -1.97327703e-01  2.16670141e-01 -4.91595566e-02
 -2.17009738e-01  1.03995867e-01 -5.85197173e-02  1.98945850e-01
 -1.44342825e-01 -9.07226428e-02  4.69315052e-03 -4.99026701e-02
  3.40881087e-02  1.39430696e-02 -1.72674265e-02  1.22501425e-01
 -1.12102583e-01 -4.06896532e-01 -9.56021026e-02 -1.12281471e-01
 -6.50256053e-02 -7.69504160e-02  1.53355030e-02  1.30153626e-01
 -1.42114624e-01  6.95730075e-02  2.06836797e-02  1.02890819e-01
 -2.13808473e-02 -8.76090154e-02  1.32170975e-01  6.22549560e-03
 -2.55880237e-01 -3.52250524e-02  8.49622861e-02  2.12146193e-01
  6.99324459e-02 -2.90561691e-02  4.50244956e-02 -3.88954878e-02
  2.31694281e-02 -2.56630659e-01  7.06990063e-02  9.27560776e-02
 -1.25201885e-04  8.12755898e-02  7.54916817e-02 -1.64141953e-01
  6.67666495e-02  7.61674792e-02 -1.35290906e-01  9.82980952e-02
  8.72443914e-02 -8.90612230e-02  2.15129480e-02  4.56470437e-03
  2.25984961e-01  1.86428323e-01 -9.83855873e-02 -1.35434762e-01
  1.28774956e-01 -1.84624672e-01 -6.90180212e-02  2.92747617e-02
 -1.44989341e-01 -2.23343804e-01 -2.50442207e-01 -1.19773056e-02
  4.04893428e-01  2.16411382e-01 -1.45356193e-01  7.06952885e-02
 -3.86698097e-02 -1.54824611e-02  1.25888169e-01  1.79600835e-01
  4.26856279e-02  3.24580558e-02 -4.78608459e-02  9.33123752e-02
  2.04157323e-01  1.41823553e-02 -3.42757106e-02  2.90506780e-01
 -6.78069070e-02  1.25054000e-02  1.33501124e-02  7.15554804e-02
 -8.90308768e-02 -3.21670994e-02 -1.23120062e-01 -5.12514152e-02
 -3.09494324e-04 -4.82596457e-03 -3.03679798e-02  1.28241166e-01
 -2.54195690e-01  1.50061101e-01 -6.10227659e-02 -1.73998326e-02
  4.26674560e-02  1.27716243e-01 -7.56155774e-02 -2.78902948e-02
  1.54491827e-01 -2.17389375e-01  1.62362278e-01  1.74391121e-01
  6.71353489e-02  1.43890545e-01  5.86455911e-02  4.22607176e-02
  4.41887081e-02 -1.40372783e-01 -2.22318664e-01 -2.45847199e-02
  1.02262078e-02 -4.55765836e-02 -9.65847727e-03  2.54139323e-02]