[-0.11635984  0.03370078 -0.01551705 -0.0870931  -0.07386409  0.00405285
 -0.0386529  -0.07706846  0.19047897 -0.12102963  0.17800874  0.02637839
 -0.28666919 -0.04988254 -0.05218763  0.16660668 -0.08565626 -0.1841743
 -0.06114655  0.00771092  0.01306566 -0.00230308 -0.06755017  0.04390955
 -0.10783157 -0.3670595  -0.07153095 -0.03103537 -0.03761934 -0.00696792
  0.01117989  0.04406889 -0.21214826 -0.05152908  0.03904453  0.10177188
 -0.06808613 -0.02717142  0.18229535  0.05500197 -0.22346057 -0.10238657
  0.06523649  0.26541609  0.14587066  0.06623137  0.04072284 -0.06828085
  0.09083724 -0.32526687  0.02158163  0.119027    0.12259834  0.018117
  0.0910023  -0.11709173  0.04297059  0.13004336 -0.2566123   0.04037949
  0.01535302 -0.06752514 -0.08569771 -0.09274507  0.25283417  0.09317973
 -0.12432798 -0.09940137  0.19792058 -0.18457358 -0.02661811  0.07261147
 -0.05513084 -0.25711969 -0.30829668  0.00997781  0.39103237  0.22328907
 -0.10418902  0.08327138 -0.0123946  -0.02631438  0.10030423  0.0118591
 -0.0437056   0.02478731 -0.06883111  0.0247466   0.23985545  0.00168613
 -0.01561973  0.16933779 -0.03398898  0.0127715   0.00511979  0.05288662
 -0.06561625 -0.0195541  -0.14531808 -0.04236611  0.06954568 -0.00575496
  0.0809515   0.08026095 -0.14644851  0.10645617 -0.02672002 -0.02625993
  0.02712758  0.00194934 -0.14334242 -0.06795427  0.13208172 -0.2289902
  0.17716546  0.12913458 -0.03210557  0.10741608  0.09197643  0.00811685
 -0.01605709 -0.07856763 -0.18688588 -0.11158548  0.07858663 -0.06090726
  0.14731434 -0.01876682]