[-9.46069062e-02  6.71739038e-03  1.55899584e-01 -1.03800073e-01
 -6.63563833e-02 -6.48563728e-02 -1.16936348e-01 -1.20629072e-01
  1.26189396e-01 -1.86146230e-01  2.21613884e-01 -5.58872968e-02
 -2.25131035e-01  1.05256438e-02 -5.77185228e-02  1.81088895e-01
 -1.34456977e-01 -5.22593334e-02 -1.91772319e-02  4.74587157e-02
  1.09009661e-01 -2.08997400e-03  2.73006298e-02  4.89356257e-02
 -1.02077305e-01 -3.69911373e-01 -1.60298243e-01 -5.33252656e-02
 -2.38975193e-02 -2.61681303e-02  2.48070806e-03  1.63327642e-02
 -1.46440327e-01  3.60956192e-02 -2.31535044e-02  6.71102926e-02
  1.48028247e-02 -1.18399218e-01  3.73752192e-02 -1.14616351e-02
 -3.12976986e-01 -7.21074417e-02  5.55383861e-02  2.15359673e-01
  1.89571619e-01  4.39735055e-02  5.16654328e-02 -5.79941161e-02
  7.62939602e-02 -2.01254234e-01  9.94418375e-03  4.49085087e-02
  3.35086416e-03  3.80495489e-02  8.45827460e-02 -1.57194823e-01
  9.14148912e-02  9.83175263e-02 -1.33964613e-01  3.51631716e-02
  9.06600952e-02 -5.19621670e-02  2.54794732e-02 -2.41369698e-02
  2.46440426e-01  7.42162094e-02 -1.84451163e-01 -1.50212765e-01
  1.60980076e-01 -1.56318352e-01 -9.36447084e-03  3.82745415e-02
 -2.30011821e-01 -1.90080598e-01 -3.24792325e-01 -2.29497626e-02
  4.01656479e-01  1.25361532e-01 -1.27909884e-01  8.06518570e-02
 -6.31527230e-02  6.66739345e-02  9.84639600e-02  2.13050723e-01
  8.08007121e-02  6.95155635e-02 -7.33268410e-02  1.47304032e-03
  1.86319560e-01 -8.87474567e-02 -3.95812374e-03  2.68033087e-01
 -6.69965819e-02 -1.29018817e-02 -3.44468579e-02  4.45669368e-02
 -1.16275109e-01  2.63612419e-02 -1.18794985e-01 -7.72396894e-03
  2.63570771e-02  1.03838341e-02  1.58934155e-04  1.42352894e-01
 -1.73439205e-01  1.45344779e-01  1.05362488e-02  5.37409484e-02
  7.05260262e-02  5.10537326e-02 -1.24011494e-01 -1.07874207e-01
  9.98057947e-02 -2.08363742e-01  1.44698352e-01  2.16435418e-01
  1.38109744e-01  7.92450383e-02  9.52207223e-02  7.53557384e-02
  4.64406386e-02  6.35515526e-03 -1.76566452e-01 -7.53450068e-03
  1.55278565e-02 -7.89694712e-02  1.89403724e-03  2.15586042e-03]