[-0.11922026  0.08641747  0.05105281 -0.11412489 -0.08904979  0.01196977
 -0.04200413 -0.10740028  0.16066353 -0.14183299  0.12002718 -0.09361695
 -0.18035375 -0.00152704 -0.06062757  0.19506153 -0.09897361 -0.17326108
 -0.14109546 -0.04050062 -0.08358581  0.04275633 -0.0059735   0.08295351
 -0.05180066 -0.39227796 -0.01217723 -0.05872426 -0.01762348 -0.08802179
 -0.02262299  0.11839651 -0.20794602 -0.05016251  0.02133067  0.19326292
 -0.04911936 -0.10231435  0.20870918  0.02732665 -0.28516492  0.02101473
  0.03238767  0.33266532  0.22628592 -0.06861718 -0.00502133 -0.06850922
  0.19668148 -0.34760925  0.00143822  0.10904215  0.0319065   0.06870621
 -0.01052071 -0.08812648  0.083658    0.07559438 -0.25594226 -0.038353
  0.08128832 -0.09930682  0.00289431 -0.05234826  0.206984    0.13648599
 -0.0928972  -0.16117413  0.11544414 -0.20123495  0.04209622  0.08449106
 -0.08162981 -0.21085194 -0.2660597   0.04082896  0.34865457  0.19389671
 -0.08331786  0.08017687 -0.10470387 -0.05336932  0.05161115  0.09811132
  0.00498388  0.0766696  -0.01891118  0.09840404  0.29229137 -0.03030557
 -0.04718564  0.25775728  0.00691674 -0.00108457  0.00485375  0.07541413
 -0.07053477  0.02843779 -0.1978125   0.04487212  0.01427095  0.00795405
  0.04700604  0.06814848 -0.25428289  0.23554015 -0.03660757  0.0025809
  0.01204357 -0.08695969 -0.07098788 -0.00615063  0.20064195 -0.2284518
  0.14945588  0.18049897  0.1022246   0.14754714  0.11791539 -0.06616256
  0.06922191 -0.07671933 -0.18540846 -0.04058865  0.1166186  -0.00384655
  0.05237294  0.05839609]