[-0.12775527  0.0861065   0.05009337  0.03023655 -0.12669514 -0.04117595
 -0.00836799 -0.12525009  0.15763432 -0.13821581  0.20317584 -0.00994602
 -0.24922161 -0.01980253 -0.02266792  0.14422926 -0.1007453  -0.12457146
 -0.08917528 -0.02460344  0.03597828 -0.05897977  0.06282405  0.04123233
 -0.03668819 -0.31539306 -0.0647255  -0.10727938  0.00378389 -0.03772283
 -0.05235443  0.01026476 -0.18713973 -0.0578776   0.0010462   0.1103734
 -0.04672385 -0.09783752  0.22713299 -0.04445112 -0.18545765 -0.0875146
 -0.01199962  0.17202704  0.14783767  0.02312732  0.04893989 -0.12802134
  0.11743277 -0.24480675  0.04877409  0.1184416   0.10308509  0.01074974
  0.02885363 -0.13982867  0.05432417  0.0732502  -0.14205495 -0.01375545
  0.08055269 -0.03710449 -0.08556464 -0.03586602  0.263015    0.17649731
 -0.09314663 -0.08729164  0.15155016 -0.17919999 -0.06448295  0.02230291
 -0.12490854 -0.1991909  -0.26423299 -0.0139691   0.47172809  0.13296977
 -0.16502738 -0.00540903 -0.09564992  0.00746105  0.13674331  0.10805154
 -0.0873708   0.01180481 -0.10299346  0.03440543  0.23174466 -0.07207958
 -0.07676977  0.16047196  0.02122237  0.06517419  0.03106531 -0.00960657
  0.01201418 -0.01692281 -0.15635946 -0.00485049  0.05938299 -0.03046691
 -0.02789732  0.06079691 -0.17250028  0.00728943 -0.01314257 -0.0217847
  0.03649601 -0.0475455  -0.1825573  -0.05709303  0.13682047 -0.19386932
  0.1814348   0.16038954 -0.02792684  0.13154709  0.1198673   0.07834271
  0.05211413 -0.05255723 -0.17787649 -0.06063322  0.11538231  0.03530926
  0.06761366 -0.01376353]