[-0.01543657  0.04522453  0.03807547 -0.02872556 -0.05691944  0.03332609
 -0.03805953 -0.09065425  0.13303141 -0.12339675  0.28132129 -0.02156322
 -0.16339055 -0.05405018 -0.02298538  0.10388738 -0.21220356 -0.09037473
  0.00173519 -0.01776626  0.06789111  0.03202669 -0.04145314  0.07568771
 -0.07405116 -0.35863227 -0.06704926 -0.01467159  0.10021138 -0.10647826
 -0.05370468  0.13003051 -0.13830012  0.03169476  0.05576107  0.07524824
 -0.04799471 -0.09727207  0.1950241   0.06708177 -0.10510743  0.04320823
  0.0021815   0.29756299  0.18086515  0.03264964 -0.00870421 -0.0823983
  0.12624498 -0.23918639  0.01408432  0.19955149  0.08656119  0.03565124
  0.03797305 -0.16321059  0.01237993  0.06950355 -0.13328969  0.11846177
  0.02013428 -0.15069762  0.05586749 -0.04337956  0.18475558  0.0460206
 -0.09316133 -0.1412662   0.12485494 -0.11667834 -0.09914993  0.00695088
 -0.13619216 -0.19936496 -0.23238139  0.04945221  0.40487182  0.16803218
 -0.18432523  0.08548663 -0.04225692 -0.07119244  0.14069054  0.14251225
 -0.05592947 -0.10235811 -0.12581237  0.03772612  0.23535404  0.02139466
 -0.04626907  0.24745925 -0.057516    0.06508087  0.0198379  -0.04352713
 -0.08365362  0.06171536 -0.10559858 -0.04801489  0.00380619 -0.09906898
  0.01975186  0.18222381 -0.21228704  0.12448799 -0.02289431  0.01026653
  0.10006169  0.01663744 -0.15613024 -0.01942678  0.11468083 -0.28768408
  0.20104495  0.17761575  0.18487842  0.13736677  0.09911142  0.05372832
  0.05756003 -0.04764262 -0.1824576  -0.02754631  0.01414415 -0.00367794
  0.00288632 -0.00051968]