[-0.03950875  0.12413748  0.05466002 -0.03277901 -0.08653521  0.02109404
 -0.08719301 -0.10463524  0.12619121 -0.09228259  0.27540451  0.02222697
 -0.2129353  -0.14757659 -0.06849691  0.18382429 -0.16666666 -0.15375009
  0.01022206 -0.00788566  0.11182497  0.0247047   0.03117589  0.00664542
 -0.14331803 -0.3431921  -0.12242371 -0.05296101  0.00755    -0.06922076
 -0.05440221  0.09066148 -0.13855027 -0.05282631  0.01813227  0.10970834
 -0.00767555 -0.06379753  0.19318655  0.02443054 -0.24675998  0.02500227
  0.05033114  0.26347879  0.20921047  0.01570152  0.0652557  -0.1300357
  0.05493682 -0.14325799  0.08363272  0.184311    0.07770605  0.09648005
 -0.05133735 -0.1157855   0.02167569  0.07707207 -0.1068608  -0.06826746
  0.07130789 -0.1001631  -0.00569206 -0.01535903  0.17482041  0.09103196
 -0.08738939 -0.21544579  0.14805543 -0.14314286 -0.15630348  0.05214011
 -0.18578154 -0.11358219 -0.34233356  0.03150944  0.42087057  0.05019294
 -0.17136855  0.06543198 -0.03541124 -0.034813    0.11612254  0.18781514
 -0.02706     0.01730705 -0.10388115  0.03980497  0.21851572 -0.06465765
 -0.05781034  0.18364716  0.03490052  0.10691138  0.10851625  0.14110619
 -0.01016993  0.10553378 -0.10858664  0.02030687  0.08970656 -0.04366771
 -0.00719796  0.16176483 -0.13614051  0.1464235   0.00855998  0.04821268
  0.07283764 -0.01464202 -0.07620209 -0.09646216  0.14170685 -0.19268164
  0.16226819  0.18361552  0.01825434  0.10610785  0.17429174  0.15678039
 -0.01436849 -0.08130583 -0.24124566 -0.01767095  0.06339479 -0.0120375
  0.05647274  0.03035545]