[-0.13634032  0.07418301  0.00160476 -0.0931109  -0.21494134 -0.05579463
  0.00978329 -0.08537233  0.10650389 -0.05298782  0.31091321 -0.0072824
 -0.27292609 -0.09718469  0.03611968  0.09639162 -0.12497718 -0.15697598
 -0.06253373 -0.09679092  0.04658887  0.03986963 -0.05935365  0.06387142
 -0.15995997 -0.28973597 -0.04511228 -0.05791624  0.06864355 -0.15348369
  0.11407647  0.12732537 -0.17572498 -0.02983767  0.01211726  0.09655244
 -0.10727374 -0.01419104  0.21142402 -0.01704921 -0.22441857 -0.00521173
  0.01871637  0.30293915  0.16560847 -0.03502341  0.06169712 -0.04898364
  0.10792658 -0.27153638  0.03671334  0.18129466  0.09422591  0.02317916
  0.00970617 -0.14770414  0.00722876  0.21569771 -0.31276268  0.08234728
  0.08310224 -0.18490778 -0.06570046 -0.04022817  0.1977385   0.06731527
 -0.14755507 -0.16863608  0.15902473 -0.16814095 -0.10500999  0.19785376
 -0.11991235 -0.21331769 -0.32629985  0.08903623  0.43630233  0.09021278
 -0.13717271  0.03479347 -0.02460916 -0.03978272  0.06921314  0.07245523
 -0.02424318 -0.10268442 -0.17133887  0.08570206  0.18541726 -0.01250173
 -0.04369705  0.21992506  0.06562397  0.04477199  0.01720633  0.13517888
 -0.08843322 -0.03858439 -0.05073551 -0.01297715  0.01597217 -0.07238133
 -0.01058402  0.09942827 -0.08580932  0.27223346 -0.00074944  0.0310071
 -0.11007847 -0.10173354  0.00560423  0.01276984  0.11104214 -0.30445489
  0.22963087  0.14238581  0.05494648  0.14821321  0.03920009 -0.04886407
 -0.01332534 -0.11848835 -0.19228579 -0.06037258  0.02588839 -0.08495204
  0.09083051  0.01594424]