[-0.10691428  0.07570054  0.08052398 -0.0872825  -0.04287419 -0.02764742
  0.00215382  0.01220681  0.07294472 -0.06539444  0.26116404 -0.1418332
 -0.29036298 -0.01651545  0.00444575  0.10694179 -0.13007161 -0.10027125
 -0.06636196 -0.05371074  0.04317468 -0.00313136 -0.05159079  0.01911404
 -0.12337486 -0.3766695  -0.03057968 -0.11970676 -0.02838512 -0.15261312
  0.02009396 -0.05396501 -0.16230747 -0.03584339  0.0122578   0.04590463
 -0.12147286 -0.08735139  0.20375606  0.01856245 -0.17460589  0.00220435
  0.11796623  0.29388624  0.16341576  0.05827404  0.02273403 -0.04522894
  0.13985562 -0.31450462  0.06982329  0.08078137  0.14618662  0.08542821
  0.10130115 -0.1801666   0.011346    0.13587296 -0.23316842  0.1665504
  0.04175458 -0.0151508  -0.00114458 -0.02400794  0.23803458  0.057066
 -0.16453233 -0.09470187  0.13086523 -0.1391767  -0.01501133  0.12270011
 -0.08329108 -0.27055568 -0.22026663  0.10651158  0.37845856  0.12899174
 -0.13497028 -0.02441243 -0.03860677 -0.07817253  0.06646747  0.07528313
 -0.04612952 -0.027862   -0.07934937  0.05643569  0.24545154 -0.03425696
 -0.06292403  0.19354385 -0.04630749  0.02894348 -0.01873101  0.02771421
 -0.15303238  0.01794853 -0.13256742 -0.03267723  0.02427899 -0.12993528
 -0.03664863  0.07849667 -0.20934367  0.15603772 -0.00310448 -0.05793531
 -0.06421416  0.0053578  -0.10118876  0.04349976  0.13996696 -0.28453955
  0.21605507  0.21076596  0.14705537  0.12077752  0.09099649 -0.10054892
  0.11559139 -0.02717648 -0.19684833 -0.05825894  0.01183251  0.00912243
  0.08000696  0.0052614 ]