[-0.09663372  0.0532705   0.10755055 -0.07298852 -0.15417141  0.00372791
 -0.07290995 -0.01895448  0.1529896  -0.07169992  0.02466516 -0.04208379
 -0.16351108  0.03771612 -0.0011621   0.18962744 -0.21312064 -0.190163
 -0.00407327 -0.08975106 -0.01719343  0.09421446 -0.03548463  0.10747083
 -0.1966165  -0.35899371 -0.05694456 -0.04086996  0.02085274 -0.02322218
 -0.02486437  0.14057982 -0.15748847  0.02097593  0.11623864  0.11389884
  0.00718459 -0.11861116  0.18381776  0.09280469 -0.25873122 -0.03816154
  0.18370928  0.26951039  0.24060297 -0.0128707  -0.01620936 -0.00076076
  0.22604012 -0.34710687 -0.0106228   0.18637143  0.02199531  0.1093457
  0.08699195 -0.12024586  0.08499724  0.05315125 -0.18129142  0.03035886
 -0.0005883  -0.1186159   0.02930456 -0.02645835  0.18569791  0.11426748
 -0.02616438 -0.24634461  0.19855781 -0.22528747 -0.12275999  0.09933326
 -0.07596644 -0.08182225 -0.27685273 -0.07033887  0.3953498   0.16261174
 -0.16822766  0.11032332 -0.04701803 -0.09428988  0.05697735  0.17949148
  0.00811884 -0.01816155 -0.06879169 -0.01940954  0.33176747  0.00326947
  0.02571632  0.24153598  0.10989424  0.06341781  0.05534124  0.03670455
 -0.14424187 -0.01914283 -0.17127219 -0.0822379  -0.02295194  0.04861985
  0.01971538  0.19299883 -0.26433745  0.23676488 -0.00280392 -0.05649838
 -0.02371403  0.06008987 -0.02630481 -0.03984597  0.10851818 -0.22405203
  0.09954786  0.16002005  0.01912413  0.10196935 -0.00544104  0.0318643
  0.01644807 -0.03879768 -0.09752014 -0.0959665  -0.00242784 -0.11608196
 -0.08721302  0.05467749]