[-8.21249485e-02 -4.26760763e-02  5.41557297e-02 -6.71818107e-02
 -1.60441220e-01 -1.23555632e-03 -4.54245880e-02 -7.97714852e-03
  1.45546526e-01 -9.38591063e-02  2.02777401e-01  4.07593139e-02
 -1.67978123e-01  2.79167984e-02  2.70232819e-02  9.75338519e-02
 -1.51309520e-01 -1.00107878e-01  1.97251327e-03  4.01021913e-04
  6.49719015e-02  9.85074230e-03 -1.51619408e-02  4.98296991e-02
 -1.00967206e-01 -3.20461482e-01 -8.64887238e-02 -1.63480453e-02
  1.01249591e-01 -3.85629982e-02  1.13197006e-02 -1.56574622e-02
 -1.93898633e-01  3.84319723e-02 -1.41971242e-02  7.58844838e-02
 -9.38503072e-02 -1.01046540e-01  1.70598879e-01  9.69533250e-02
 -2.47425795e-01 -4.86373901e-02 -4.64093946e-02  2.44495898e-01
  1.94868967e-01  3.67527790e-02  4.12128195e-02 -1.06647285e-02
  7.56318718e-02 -3.25915158e-01  3.23807225e-02  1.20981380e-01
  9.25441310e-02  4.75732200e-02 -1.27482088e-02 -1.20904826e-01
  5.16575724e-02  1.27065718e-01 -1.91637993e-01  1.00241646e-01
  3.87759432e-02 -1.07640982e-01  6.32042289e-02 -5.12262024e-02
  2.92239815e-01  7.45532289e-02 -1.50050968e-01 -1.28607571e-01
  1.01415426e-01 -1.84164405e-01 -1.07617863e-01  8.55316445e-02
 -8.00204575e-02 -1.99841946e-01 -3.12759280e-01  2.69346982e-02
  4.37389016e-01  1.04307353e-01 -1.36728942e-01  2.86204852e-02
 -9.59029645e-02 -2.81578489e-02  8.00785348e-02  1.28165796e-01
 -1.30671412e-02 -1.49344876e-02 -1.07563294e-01 -2.56642010e-02
  2.92499781e-01 -6.30716160e-02 -1.14875278e-02  2.48356298e-01
  1.47594791e-02  6.82951063e-02 -8.95335339e-03  8.42435881e-02
 -4.63968050e-03  2.20636614e-02 -1.35250874e-02  2.34428309e-02
 -1.08917607e-02 -1.16994135e-01  3.31936814e-02  9.37760994e-02
 -2.56157428e-01  2.20037326e-01 -3.59497452e-03 -7.62471743e-03
  4.91110012e-02 -1.40130483e-02 -1.37706786e-01 -4.15468030e-02
  1.35679066e-01 -3.43296647e-01  2.08313093e-01  2.50041485e-01
  1.27116099e-01  1.53981164e-01  4.22449261e-02  2.63171811e-02
 -1.17816925e-02 -3.58676687e-02 -1.45826742e-01 -2.51896325e-02
 -3.69804278e-02 -7.25305825e-02  6.30801637e-03  7.91602805e-02]