[-0.04583272  0.12300827  0.04573131 -0.0730843  -0.09617338  0.01982879
 -0.01725834 -0.07097131  0.16414322 -0.03890537  0.2888099  -0.08731411
 -0.25936824  0.00356753 -0.00251958  0.21723439 -0.06981823 -0.13714527
 -0.14883398 -0.01662721  0.04152452  0.01141353  0.05329929  0.08537012
 -0.14273758 -0.42371824 -0.01860355 -0.06061856 -0.03011748 -0.09165593
  0.02077707  0.16733767 -0.18278071 -0.02880285  0.105485    0.05296787
 -0.05954683 -0.08598237  0.31139049 -0.00072943 -0.26233098  0.01031937
  0.11427961  0.26544502  0.15381554  0.03644899  0.09773561 -0.0866069
  0.05674247 -0.2220629   0.10097577  0.14633782  0.10515733  0.0619713
  0.04524508 -0.14821224  0.01851997  0.10281578 -0.27661124 -0.03820319
  0.0866147  -0.06062824 -0.08654039 -0.12970273  0.23850334  0.08016103
 -0.14801747 -0.13849163  0.14521375 -0.11174861 -0.00529088  0.10661053
 -0.16238587 -0.22376999 -0.29258806  0.02228414  0.35274035  0.13406801
 -0.18367702  0.04294547 -0.04625983 -0.05734601 -0.02363621  0.07767879
 -0.0140911  -0.01013168 -0.01135359  0.05482064  0.20594172 -0.02942288
 -0.03361301  0.27367818  0.03242775 -0.08791814 -0.03676854  0.07431547
 -0.07547111 -0.01711464 -0.13591903 -0.00840687 -0.04668745  0.02121826
  0.00174859  0.09014743 -0.30536771  0.15952402 -0.04085138 -0.03046655
 -0.00074984  0.01842361 -0.0964687  -0.10968333  0.12500054 -0.32680675
  0.07507032  0.16776474  0.07784232  0.11831856  0.06070679  0.05098636
  0.08265413 -0.03622088 -0.23321003 -0.07368987  0.13355824 -0.00059438
  0.04904534  0.05994523]