[-0.16343966  0.07081722  0.00835435 -0.1017756  -0.07365896  0.01791353
  0.03844717  0.01737768  0.11536614 -0.02083102  0.15923412  0.01026961
 -0.28706244  0.02294492 -0.1146898   0.04277809 -0.1420067  -0.04303223
 -0.1132324  -0.0561672   0.01985845  0.05287314  0.07531811  0.10320076
 -0.03162055 -0.28045535 -0.08760563 -0.1206394   0.08332713 -0.14686616
  0.05944793  0.01277798 -0.15670259 -0.06220637 -0.01273049  0.0685179
 -0.05866872 -0.05217224  0.31754574  0.00902206 -0.07847165  0.02142917
  0.10976255  0.37866768  0.17930344  0.01567091 -0.02026417 -0.03415722
  0.15109329 -0.32070407  0.16673137  0.09373236  0.20568435  0.06146136
  0.15558352 -0.15492816 -0.00040488  0.17034833 -0.18950364  0.17077427
 -0.01701472  0.01437778 -0.02470206 -0.11831606  0.16240382  0.05699715
 -0.15608829 -0.11474421  0.13628606 -0.18097889  0.01188058  0.16273263
 -0.07354447 -0.1884907  -0.19465496  0.15425229  0.39140233  0.27244666
 -0.12029697  0.02087314 -0.06285504 -0.14463311  0.0152526   0.0770278
 -0.11282393 -0.02928308 -0.03914716  0.08998567  0.09878541  0.02165002
 -0.09689584  0.22464848  0.0548316   0.04391313 -0.00281757  0.00360029
 -0.12516569  0.0041058  -0.19525872  0.04776819 -0.00693463 -0.09408295
  0.01480697  0.04018476 -0.11714134  0.09513396 -0.00493526 -0.08611692
 -0.03279666  0.02516306 -0.19871137  0.00338106  0.18093525 -0.3296476
  0.17647032  0.13541758  0.02561154  0.12342201  0.11858086  0.04097755
  0.13527687  0.00400721 -0.1123733  -0.05446681  0.12188271 -0.03020483
  0.07956997  0.01698764]