[-0.09572436  0.08576649  0.03648035 -0.11978728 -0.15082942 -0.01710979
 -0.03596448 -0.12113873  0.22150499 -0.12794362  0.16009341 -0.07747501
 -0.17532086  0.06534889 -0.10576627  0.21649647 -0.13879269 -0.18568204
 -0.06344551 -0.08519363  0.04314055  0.08076223 -0.00637931  0.06958403
 -0.05040208 -0.33229744 -0.09356848 -0.04481748 -0.06454329 -0.14680891
  0.11155987  0.16786769 -0.13138981  0.00720226  0.06380985  0.05740934
  0.07132277 -0.1117556   0.17315398 -0.00573043 -0.22905098 -0.02171961
  0.12225539  0.28480521  0.14991738 -0.01565892 -0.04114576 -0.16300333
  0.10191765 -0.1931657  -0.02510836  0.08672429 -0.03057597  0.09234115
  0.02352687 -0.16903377  0.11839259  0.03393105 -0.21224126 -0.0223796
  0.03344299 -0.16629127 -0.03260168 -0.10371776  0.23847087  0.08126938
 -0.08244626 -0.22799234  0.13024664 -0.13155094 -0.07986568  0.1023251
 -0.14185548 -0.12354098 -0.27843371 -0.08262587  0.38205105  0.07090898
 -0.14761105  0.11009021 -0.06470057 -0.0451846  -0.01899087  0.17370011
  0.01037781 -0.00163007 -0.05341956  0.05927651  0.22123937 -0.02960339
 -0.06167677  0.25927961 -0.04391562  0.01383615 -0.00996542  0.13212962
 -0.0949108   0.06578171 -0.08221106 -0.03930819  0.03866098  0.00054335
 -0.01047547  0.13927297 -0.28112498  0.19950287 -0.04545197  0.0252065
 -0.02496367 -0.03168214  0.02344909  0.02920165  0.18661766 -0.29285261
  0.16548212  0.17804103  0.057799    0.16767016 -0.02040274  0.06305645
 -0.01331497 -0.07666898 -0.21970104  0.00189039  0.01846324 -0.04231613
 -0.0127803   0.1019069 ]