[-0.07879545  0.09317363  0.10378733 -0.03084157 -0.17115676  0.00726749
 -0.03609142 -0.07601931  0.04407776 -0.10464294  0.17870854 -0.04275081
 -0.20262435  0.0354308   0.02521908  0.08746756 -0.118136   -0.14063513
 -0.07851197 -0.01269862  0.02096419  0.05358024 -0.03844987  0.0276329
 -0.10420629 -0.36046854 -0.08381577 -0.08830348 -0.00569424 -0.04648322
 -0.02314835  0.01032756 -0.12712152 -0.00123818 -0.00345162  0.03056029
 -0.14200585 -0.11468378  0.16483814  0.05838417 -0.18277434 -0.09332883
  0.04664204  0.2623924   0.17327437 -0.02348957  0.06376065 -0.08841333
  0.02591269 -0.25486538  0.07890294  0.15013583  0.10154714  0.12840094
  0.06379209 -0.09883162  0.06481287  0.05541759 -0.17362964  0.05806898
  0.08383919 -0.07614822 -0.03983027 -0.05635191  0.30363458  0.1543843
 -0.08401729 -0.09947027  0.13135673 -0.1157274  -0.16792849 -0.00623592
 -0.12350671 -0.16505618 -0.25874907  0.03917505  0.40158933  0.13491358
 -0.20482577 -0.00416762 -0.10213645 -0.03861348  0.13144267  0.08923019
 -0.08942339 -0.03085976 -0.0672435   0.0915858   0.20785984 -0.08441018
 -0.05535167  0.14481907  0.02252489 -0.02614095  0.11514265  0.05050843
 -0.05795023  0.01090128 -0.13806154 -0.03534726  0.1060739  -0.09389978
 -0.00378412  0.12176552 -0.17493445  0.16429146  0.04392487 -0.07331458
  0.0575054  -0.07653391 -0.16959302 -0.04614924  0.16944186 -0.19778515
  0.18216261  0.11348771  0.02591182  0.15034907  0.0931327   0.06759811
 -0.03939787 -0.0661493  -0.15287335 -0.02515695  0.10404838  0.0662276
  0.02745486  0.0291909 ]