[-0.05680854 -0.01055956  0.10792109 -0.08191592 -0.03669271 -0.00669327
  0.02740921 -0.09513272  0.13884853 -0.0545546   0.18362248 -0.09654944
 -0.20584153 -0.0494643  -0.00360696  0.18215004 -0.08457528 -0.20491803
 -0.10236445 -0.02261535 -0.03322941  0.07196179  0.02322157  0.07482471
 -0.09605543 -0.31545508 -0.06136361 -0.08012775 -0.01872599 -0.14855368
  0.07995331  0.16298288 -0.13307554  0.0419399   0.06732573  0.04986139
 -0.09066984 -0.20882206  0.20742032  0.09034037 -0.28371605 -0.07980248
  0.01905327  0.36305627  0.23289397 -0.00547724 -0.04032816 -0.06282102
  0.11982021 -0.34211212 -0.0706429   0.1590731  -0.04144548  0.00467152
  0.06055209 -0.05779391  0.10364378  0.03733449 -0.29964119  0.02590069
  0.03414224 -0.18134561 -0.02241291 -0.17296977  0.1470947   0.08733208
 -0.14618033 -0.10483008  0.16437811 -0.19938564 -0.10367417  0.08581676
 -0.12894891 -0.22706369 -0.29806846 -0.10381598  0.39299104  0.14022838
 -0.13231306  0.07615218  0.01663656 -0.0159373   0.02424189  0.23463729
 -0.00522598 -0.00694559 -0.03965901 -0.01975447  0.23371316 -0.03182785
 -0.03955636  0.23975822 -0.08539662 -0.07175972 -0.01220213  0.04270574
 -0.02593497  0.040525   -0.120663   -0.01387541 -0.02645691 -0.02889179
  0.04578761  0.13222091 -0.21547244  0.2359466   0.02057545 -0.0174858
  0.03887339 -0.09327334 -0.03860023  0.02375012  0.13948549 -0.2800234
  0.10640185  0.21329436  0.12073095  0.07993172  0.01560084  0.03740573
 -0.02265628 -0.03400032 -0.22575501 -0.0761845   0.00346207 -0.01016531
 -0.01273449  0.02484099]