[-0.06326118  0.05472504 -0.00522646 -0.10133812 -0.12493167 -0.03130743
 -0.00202956 -0.04668055  0.18562542 -0.13851538  0.11234774 -0.08526028
 -0.2580393   0.06511314 -0.00990615  0.21565931 -0.14328425 -0.18263918
 -0.13971986 -0.03747053  0.05298873  0.03220286 -0.00787623  0.10002895
 -0.13112359 -0.26689571 -0.12035885 -0.10129716  0.0127364  -0.04718264
  0.0623087   0.14460765 -0.08164182  0.03937243  0.06274074  0.08171241
 -0.05258553 -0.16503382  0.26835096  0.03163444 -0.25212508 -0.07514089
  0.08133962  0.24673593  0.20588656  0.01022472  0.06450284 -0.00961411
  0.14390504 -0.32159021  0.00753265  0.13043918  0.02165085  0.12681702
  0.09268577 -0.21093464  0.12102076  0.1634077  -0.25210917  0.06860077
  0.04720352 -0.14844356  0.00250249 -0.00884146  0.25050861  0.13995422
 -0.11333773 -0.15605164  0.29101521 -0.21758175 -0.03224587  0.12473249
 -0.16762069 -0.17011885 -0.21318138 -0.07706208  0.37437338  0.163904
 -0.07070631  0.04501802  0.01100514 -0.01879446  0.05812411  0.13828899
 -0.02060068 -0.08694839 -0.10532584  0.00039535  0.29672536 -0.04723568
 -0.01073852  0.29380387  0.03729992 -0.04293694 -0.00590086  0.02091058
 -0.03503383 -0.04587555 -0.08050522  0.02929118 -0.00864267 -0.07451069
 -0.04277743  0.10310195 -0.1311502   0.1148588  -0.06244457  0.03274982
 -0.13086069 -0.02402965 -0.10898715  0.01307516  0.19237752 -0.19896381
  0.12929112  0.17115213  0.01153648  0.06815408  0.03093626  0.08026385
  0.05071946 -0.11592709 -0.24046405 -0.0609922   0.05352963 -0.0201873
 -0.02290075  0.07505552]