[-0.05744462  0.03882042 -0.05470355 -0.09799474 -0.10037966 -0.09607676
  0.02019976 -0.14109392  0.05996066 -0.07971675  0.19016007 -0.11159439
 -0.27352497 -0.14715949  0.10744102  0.10656417 -0.04085117 -0.06604994
 -0.19392928 -0.06494173 -0.036543   -0.04260197  0.07812608  0.11098987
 -0.05237656 -0.27894637 -0.04674396 -0.1103394  -0.04972623 -0.01087081
 -0.00430048  0.15237416 -0.11280976 -0.07951859  0.01029243  0.07601108
 -0.13907418 -0.10088705  0.26315758 -0.0966897  -0.19276728 -0.12008514
  0.01544969  0.19089738  0.21532121 -0.07537683  0.08898703 -0.01559321
  0.17308435 -0.2217181   0.02565706  0.10147852  0.06979789  0.04513513
  0.04856645 -0.11419336  0.0554123   0.22489876 -0.23115967  0.00452672
  0.02973557 -0.1512997  -0.12449297 -0.0912815   0.23165922  0.16398826
 -0.13514069 -0.10493208  0.23892426 -0.14955452 -0.0446784   0.08252352
 -0.16785625 -0.23479192 -0.24207488  0.04990359  0.32838857  0.14880356
 -0.1487404  -0.03124517 -0.03563932 -0.0346223   0.09258402  0.07087103
 -0.05059503 -0.05045155 -0.05446773  0.01751328  0.19869134 -0.06942697
 -0.06878515  0.25105608  0.04289639 -0.00216043  0.05128974  0.00223811
  0.02456375  0.02585419 -0.15268023  0.1153753   0.11050443 -0.22552715
  0.01056501  0.033306   -0.12357377  0.15159935  0.01654307  0.07781842
 -0.00794582 -0.09061319 -0.12511338 -0.03288121  0.17323317 -0.21128343
  0.16394259  0.13189355  0.09728421  0.14255506  0.05804202  0.07364987
  0.07104792 -0.09619484 -0.21385883 -0.05387015  0.17260411  0.07122017
  0.03227243  0.07307462]