[-7.12019056e-02  9.25620943e-02  3.12566832e-02 -4.40476350e-02
 -1.05273224e-01  1.69401132e-02 -6.71752989e-02 -7.01173544e-02
  1.50294095e-01 -6.80418834e-02  2.70936280e-01 -1.18940473e-02
 -2.17781901e-01 -1.13687076e-01  5.95051572e-02  1.15877621e-01
 -1.51561260e-01 -1.62616521e-01  2.22694129e-04 -1.52494935e-02
  5.66689484e-02  1.16709985e-01 -2.21786145e-02  7.38713592e-02
 -1.09898299e-01 -3.44436616e-01 -5.87555952e-02 -6.65840358e-02
  3.16058658e-03 -1.40386164e-01 -5.98754697e-02  1.56999364e-01
 -1.14692286e-01 -3.66668329e-02  4.31208387e-02  9.94221270e-02
 -1.22200757e-01 -4.07383740e-02  2.38258734e-01  3.25455479e-02
 -2.11299658e-01 -1.26822293e-03  4.41685393e-02  3.37640315e-01
  2.06709206e-01 -2.31314152e-02 -1.67860594e-02 -1.35178827e-02
  7.81332776e-02 -2.62860388e-01  2.82570180e-02  2.52469987e-01
  1.16775133e-01  9.10097063e-02  1.51246553e-03 -1.14406735e-01
 -1.69340894e-02  7.01451525e-02 -2.30652034e-01  5.38293310e-02
  5.27697317e-02 -2.41325930e-01  3.90977412e-03 -7.00767487e-02
  1.82926744e-01  7.45313317e-02 -1.07486062e-01 -1.37942567e-01
  9.37934965e-02 -1.76329911e-01 -1.66293561e-01  8.16940591e-02
 -1.45983234e-01 -2.25226238e-01 -2.96067059e-01  2.21954212e-02
  3.09041947e-01  1.00383013e-01 -1.92050457e-01  9.35561061e-02
  3.67652401e-02 -1.12016454e-01  4.45249081e-02  1.90393105e-01
  3.64698470e-03 -1.00791221e-02 -1.02876037e-01  4.23258916e-02
  1.99158147e-01 -3.62489335e-02  7.99622759e-03  2.66312152e-01
  4.15857472e-02  6.50476888e-02  1.04580611e-01  9.58493948e-02
  2.12615356e-02 -2.61303559e-02 -1.18902840e-01  4.68144678e-02
 -5.54840751e-02 -1.31220385e-01 -1.69300772e-02  9.93574709e-02
 -1.46798342e-01  2.26297408e-01  3.36353742e-02  9.77357291e-03
 -3.45159695e-02 -6.57600611e-02 -2.56594196e-02 -6.91784322e-02
  1.32965639e-01 -2.70084113e-01  1.47442460e-01  1.53788030e-01
  8.37562755e-02  1.89552337e-01  6.12443872e-03  8.47465321e-02
 -3.33655551e-02 -8.82283971e-02 -1.88274384e-01 -6.04693741e-02
  2.70720366e-02  1.66266374e-02  1.20147690e-02  6.86713085e-02]