[-6.22827187e-02  9.21341181e-02  5.18681481e-02 -6.19835183e-02
 -5.00693470e-02  7.04532713e-02 -3.22889835e-02  2.30458565e-03
  1.45359427e-01 -4.89701442e-02  3.42109621e-01 -1.19826123e-01
 -3.10250908e-01 -8.14071223e-02 -4.26359102e-02  1.28184885e-01
 -5.16676903e-02 -7.16719925e-02 -5.57864755e-02 -1.03300866e-02
  3.63565609e-02 -1.68574753e-03 -2.52602510e-02  7.53798112e-02
 -1.71418980e-01 -3.05291742e-01 -6.42392263e-02 -1.17900848e-01
  1.17898453e-03 -2.09938124e-01 -4.35990542e-02  1.16325401e-01
 -1.47645071e-01 -1.15280360e-01  3.61410379e-02  6.14746995e-02
 -8.66452232e-02 -5.62257282e-02  2.38710001e-01  3.07027958e-02
 -9.46780443e-02  1.54493228e-02  5.02988510e-02  3.35856020e-01
  9.37214792e-02  3.27112079e-02  3.79401855e-02 -3.29097435e-02
  6.65913522e-02 -3.31048042e-01  5.85175380e-02  1.82799280e-01
  1.66142002e-01  1.26964405e-01  3.95574719e-02 -8.30627084e-02
  2.81595457e-02  1.16189994e-01 -2.60104001e-01  1.34010240e-01
  4.04724628e-02 -2.32423898e-02 -7.30206445e-02 -4.40814532e-02
  2.04855427e-01  9.32837874e-02 -1.58797547e-01 -1.27982214e-01
  1.00433052e-01 -1.08008660e-01 -6.54987544e-02  1.21072382e-01
 -1.35007516e-01 -2.58055121e-01 -2.43797868e-01  1.44573212e-01
  3.07976037e-01  2.08009467e-01 -2.06939459e-01  6.18590340e-02
 -6.03541099e-02 -8.53319615e-02 -2.23453715e-02  3.99169438e-02
 -1.81056932e-02 -2.12259777e-03 -1.55495089e-02  7.07816780e-02
  1.70045912e-01 -5.74307740e-02 -2.46271491e-02  2.55623072e-01
  2.81900875e-02  5.74570149e-04  1.95229929e-02  5.23565598e-02
 -5.68268076e-02 -5.11529818e-02 -1.35188058e-01 -9.60452296e-03
  7.36371502e-02 -4.41258438e-02  6.16315845e-03  6.60240278e-02
 -2.07173795e-01  1.93826869e-01 -1.65752415e-02 -8.19165483e-02
  7.05017988e-03 -1.86705729e-05 -1.38564453e-01 -1.45023819e-02
  1.77711532e-01 -3.22425187e-01  1.68708175e-01  1.57463208e-01
  1.16410248e-01  7.14183450e-02  1.33165240e-01 -4.99731675e-03
  1.14772364e-01 -2.66032331e-02 -9.53729302e-02 -1.51964009e-01
  1.02461636e-01 -6.06308738e-03  2.29466893e-02 -3.74044776e-02]