[-0.10337534  0.13389076  0.03874085  0.01035232 -0.05300331 -0.01918766
 -0.10027368 -0.06798012  0.14283238 -0.09726522  0.24206166 -0.05466219
 -0.27371782 -0.05644741 -0.01430198  0.09358172 -0.17879261 -0.10273574
 -0.05105208 -0.03730974  0.04861103  0.01494368  0.00059511  0.10416795
 -0.09993078 -0.39278588 -0.08004653 -0.07675445  0.01545658 -0.11418928
 -0.03964122  0.08536144 -0.09631579  0.03627677 -0.02539945  0.07413977
 -0.0928028  -0.05607541  0.2685253   0.04361215 -0.18607786  0.04983179
 -0.0458762   0.28809404  0.12420221  0.03063437  0.04394662 -0.09561421
  0.1259425  -0.20415394  0.04741218  0.33700106  0.14071949  0.08800761
  0.02936108 -0.13883545  0.02961679  0.13869566 -0.143932    0.09329143
  0.067495   -0.1547332   0.03315722 -0.04188094  0.19434988  0.06203807
 -0.15273693 -0.09964906  0.10510975 -0.11958326 -0.08372819  0.13614754
 -0.13482966 -0.27919579 -0.23791158  0.11622745  0.39494088  0.15333378
 -0.18003267  0.00936795 -0.11236744 -0.11441945  0.08159763  0.1734239
 -0.09124405 -0.13795686 -0.13056515  0.01849875  0.20767975  0.01768132
 -0.02871055  0.22882108  0.06301033  0.09775319 -0.03296164  0.02973913
 -0.087495    0.00989734 -0.01153153  0.0422871   0.00532041 -0.12687874
 -0.08727436  0.03508655 -0.1755375   0.18028423  0.04840912 -0.00916137
  0.02937512  0.02085444 -0.1123502  -0.03453867  0.15159303 -0.34157968
  0.2117127   0.18737046  0.15577886  0.17927788  0.08512786  0.09772712
 -0.00437131 -0.11427873 -0.18003665 -0.07665375  0.0795266   0.02042167
 -0.00282024  0.0004134 ]