[-0.0532277   0.03386126  0.02426691 -0.05952965 -0.11909448 -0.01006678
 -0.03149916 -0.02206698  0.05263714 -0.01925864  0.11098351 -0.05870019
 -0.224604    0.05434752  0.08116677  0.07933886 -0.20452049 -0.13837288
 -0.18517298 -0.08592793  0.01312688  0.03908131  0.02020358  0.07190503
 -0.16415066 -0.37343237 -0.05977576 -0.15869749  0.17129868 -0.09893786
 -0.00986633 -0.06555086 -0.1502531  -0.06194986  0.07882912  0.06283195
  0.01181447 -0.09201435  0.26295215  0.01190872 -0.22636406  0.07348873
  0.05304064  0.3112638   0.12083096  0.0638568   0.09526917 -0.01012766
  0.13968655 -0.25275096  0.2116874   0.10675398  0.16851935  0.01105454
  0.13867466 -0.17182156  0.01448548  0.21425697 -0.22149171  0.23538257
  0.13820677 -0.01368376  0.04271825 -0.07232781  0.2018465   0.05774029
 -0.09873643 -0.15049414  0.0929639  -0.1300281  -0.0346943   0.05744855
 -0.12493265 -0.10958236 -0.30420393  0.00778641  0.43218344  0.12190592
 -0.21026336 -0.02065051 -0.07306812 -0.04853863  0.10541501  0.05340457
 -0.09581691 -0.01898338 -0.09130909  0.10841057  0.23670053  0.00833546
 -0.02864512  0.17595053  0.0081526  -0.02323698 -0.00129026  0.03582961
 -0.1890879  -0.0632771  -0.06015696 -0.01328001  0.06958991 -0.06471645
  0.02916929  0.13833439 -0.23530856  0.14046571 -0.05117093 -0.04317862
  0.0098427   0.08481658 -0.12463465 -0.05382718  0.21901377 -0.25415862
  0.15478374  0.26111025  0.04548145  0.03717634  0.01161128 -0.03581362
  0.03942447  0.06355724 -0.25904512 -0.04722206  0.0388926  -0.04770579
  0.05298433  0.08021688]