[-0.09187593  0.0701265   0.04657375 -0.0574429  -0.1346194  -0.0485089
  0.00592422 -0.06861143  0.17359744 -0.15522358  0.20383166 -0.13800928
 -0.25608587 -0.05970557  0.00670331  0.15656637 -0.08085537 -0.12282937
 -0.08261656 -0.06030956  0.04510277  0.06411399 -0.02250628  0.09703469
 -0.05936021 -0.29060838 -0.10099088 -0.12192834 -0.02033865 -0.14214344
 -0.01121841  0.15667407 -0.05975451 -0.03611372  0.04664315  0.06039802
 -0.08442983 -0.02129267  0.18640743 -0.03176461 -0.19744802 -0.04585562
  0.06635705  0.26272002  0.22554752  0.06256498 -0.03917471 -0.09873933
  0.18204597 -0.26077685 -0.02123706  0.14506912  0.10720579  0.08286542
  0.1354101  -0.11773874  0.05789046  0.10834006 -0.27720144  0.09946176
  0.03307604 -0.19117756 -0.05397363 -0.06716478  0.20745488  0.11815241
 -0.09237292 -0.19057178  0.24964058 -0.28005672 -0.11184306  0.19193569
 -0.1025304  -0.19724639 -0.19911927 -0.07209574  0.35324347  0.16048492
 -0.170415    0.02463143  0.04108033 -0.07508221  0.10104554  0.16075347
  0.01163913 -0.13058312 -0.0752029  -0.05864099  0.22249813 -0.07541637
 -0.00122602  0.2622346   0.02741067  0.0479768   0.01440333 -0.02907182
 -0.03980802  0.00614409 -0.10346531 -0.0029798  -0.05406685 -0.1094798
 -0.05258397  0.03280185 -0.11902692  0.19711468 -0.04543402  0.04066297
 -0.09947085 -0.0662277  -0.04583993  0.0532835   0.18152858 -0.29108173
  0.18952096  0.12490769  0.02283734  0.10188728 -0.04157575  0.08610044
  0.04441274 -0.12533955 -0.20977256 -0.08261876  0.06515957 -0.09811147
 -0.02313844 -0.00280687]