[-0.03960224 -0.02676627  0.05789572 -0.08926841 -0.08334188 -0.08019705
  0.00956976 -0.106744    0.26696467 -0.19314162  0.10338077  0.01823563
 -0.218104    0.08527324 -0.08645041  0.18320173 -0.09929968 -0.10503604
 -0.08317693 -0.10656273  0.04351616  0.04751435 -0.007004    0.04312834
 -0.11150131 -0.24819829 -0.19390227 -0.04642837 -0.09692429 -0.01586908
  0.06018754  0.10728624 -0.03995045  0.00956938  0.05847568  0.07238366
 -0.0683713  -0.15669075  0.20657751  0.08392793 -0.20118359 -0.01703736
  0.07993507  0.29440439  0.1561033  -0.04375582  0.0777373  -0.0952444
  0.1924001  -0.3013097   0.042798    0.07860325  0.07240537  0.10459337
  0.13957708 -0.13288172  0.08340558  0.19438747 -0.20126593  0.0967055
  0.07615156 -0.14712152 -0.05261521 -0.05160844  0.21783075  0.16255791
 -0.17575277 -0.11280746  0.23719014 -0.18641944 -0.05574302  0.06453811
 -0.16399196 -0.21881835 -0.24169987  0.00549536  0.45474049  0.19295517
 -0.08296555  0.04002679 -0.06609189  0.02115533  0.0265896   0.21223049
  0.00092409  0.00674237 -0.03863365  0.02041278  0.23358686 -0.03970928
 -0.0599485   0.29295745  0.039082    0.01197358 -0.04452431  0.0264733
 -0.08745548 -0.04847577 -0.11376686 -0.01392154  0.00358227 -0.05229189
  0.00304057  0.08321725 -0.1966282   0.217564   -0.03850752 -0.01790773
 -0.04505404 -0.03338674 -0.05597651  0.03944918  0.15827635 -0.25382039
  0.08925785  0.15425804  0.06810797  0.15546525 -0.02615634  0.05659984
  0.02999774 -0.10644695 -0.1803513  -0.03092502 -0.00801602 -0.00352762
 -0.00478705  0.05682089]