[-1.05281256e-01  1.08506270e-01  1.04842149e-03 -4.23712023e-02
 -8.53022560e-02 -1.40968189e-02 -1.36241503e-03  1.90623216e-02
  2.01988220e-01 -4.13261205e-02  8.37741718e-02 -1.42110437e-02
 -1.88775808e-01 -2.01841258e-02 -1.04252733e-02  6.86088353e-02
 -2.29267776e-01 -1.08869202e-01 -2.18249857e-02 -9.47007537e-02
  3.30421031e-02  2.53952742e-02  4.83147278e-02  1.05729967e-01
 -1.69301122e-01 -3.90744925e-01 -5.61698973e-02 -1.74240783e-01
 -3.10484320e-05 -9.51264799e-02  6.77156374e-02  2.02489533e-02
 -1.32382780e-01 -3.96643914e-02  2.01536492e-02  1.17736414e-01
 -1.25110978e-02 -2.38465294e-02  2.03477457e-01  1.93036068e-03
 -1.49358138e-01  1.23182256e-02  2.10465156e-02  3.55282307e-01
  2.05456927e-01  8.35483596e-02  5.92152588e-03 -2.10952796e-02
  1.62566856e-01 -2.22768500e-01  1.05940506e-01  1.86569035e-01
 -3.09755132e-02  3.14977393e-02  5.41781858e-02 -1.08815737e-01
  3.82084548e-02  1.46321684e-01 -1.84543386e-01  5.68420999e-02
  6.66997507e-02 -6.95447996e-03  5.70741594e-02  3.93408313e-02
  2.14823842e-01  5.45829572e-02 -1.19903885e-01 -6.65889084e-02
  1.01976402e-01 -2.33169019e-01  4.84210253e-03  1.42535288e-02
 -1.34328350e-01 -1.59578413e-01 -2.49965131e-01  6.64964691e-02
  4.09326941e-01  1.25009462e-01 -5.71130738e-02 -1.11438017e-02
 -9.31364745e-02 -2.26739254e-02  7.94633403e-02  9.72553939e-02
 -1.49376750e-01 -3.92775759e-02 -1.04981393e-01  8.25730637e-02
  2.06437275e-01  7.66347274e-02 -4.18040380e-02  2.12284267e-01
  9.89759248e-03 -2.73598004e-02  4.42705862e-02  2.89480276e-02
 -1.49668366e-01 -4.40381467e-03 -1.36313796e-01 -5.71734086e-03
  5.50726987e-02 -1.17368840e-01 -2.21682228e-02  1.51972190e-01
 -2.68576622e-01  1.12186462e-01 -2.77575832e-02 -3.87331136e-02
 -1.15624657e-02  4.70563807e-02 -1.59531161e-01 -5.75228706e-02
  2.18722448e-01 -1.72407240e-01  1.47911116e-01  2.05508545e-01
  8.75154510e-02  1.57002568e-01  6.04519360e-02  1.33775696e-02
 -1.57867037e-02 -2.72081178e-02 -1.56393483e-01  3.07623320e-03
  1.49198975e-02  8.90106242e-03  7.32194334e-02  1.09680798e-02]