[-0.05667604  0.08718264  0.02880096 -0.1170608  -0.12066274 -0.08894768
 -0.02183408 -0.19100404  0.13394918 -0.14671853  0.25736707 -0.0837554
 -0.22802556 -0.13659969 -0.07167982  0.23749733 -0.23728323 -0.13038278
 -0.0380964  -0.00746359  0.11605019  0.01733492  0.06429788  0.09643138
 -0.08612858 -0.33188197 -0.05753591 -0.09583179 -0.04343784 -0.04793446
 -0.09526879  0.05627511 -0.2051651  -0.10060301  0.06945452  0.07696228
 -0.00117138 -0.08802715  0.17491665 -0.00626082 -0.25267017  0.03097781
  0.08974427  0.21294637  0.14225072  0.0084296   0.02447927 -0.19356836
  0.14445724 -0.20586126  0.05685671  0.10258424  0.07118531 -0.00255544
  0.00056224 -0.13287987  0.03165913  0.12465727 -0.14700627  0.00178015
  0.16135888 -0.10680011 -0.04346251 -0.10800201  0.24509619  0.08780377
 -0.13049318 -0.13551523  0.07680406 -0.13694103 -0.08335645  0.02083978
 -0.13304898 -0.15352619 -0.27366251 -0.0383224   0.37017992  0.10006995
 -0.20603897  0.02300777 -0.11032797  0.047137    0.1615026   0.17386709
  0.02961104  0.06972608 -0.07990341  0.0175537   0.20011543 -0.109744
  0.00818692  0.31406501 -0.0020409   0.07920421  0.03726157 -0.0315901
 -0.08650021  0.04165854 -0.11113855  0.02902857  0.00870391 -0.05079983
 -0.0016837   0.08949382 -0.19420624  0.03292403 -0.0488665   0.02282608
  0.06873921 -0.06131595 -0.06528021 -0.14402132  0.07805339 -0.21317372
  0.17603619  0.18323731  0.06042815  0.12957053  0.09076869  0.08174369
  0.0111396  -0.05914234 -0.201574    0.02733086  0.17794071 -0.050157
  0.09304566 -0.05197844]