[-5.39773256e-02 -2.29846966e-02 -2.86668800e-02 -5.28341122e-02
 -1.18712902e-01  1.03975022e-02 -3.59548405e-02 -1.23917617e-01
  1.67533278e-01 -1.01513192e-01  1.26752764e-01 -5.31863049e-02
 -2.60011196e-01 -9.06938612e-02 -2.64581870e-02  1.65620744e-01
 -1.24844462e-01 -2.08720356e-01 -7.75965629e-03 -9.34754610e-02
 -2.45557763e-02  9.56284907e-03 -1.74042359e-02  8.42712894e-02
 -1.04821503e-01 -3.45107257e-01 -5.76898344e-02 -1.05445310e-01
  5.03801070e-02 -7.90793970e-02 -5.98533340e-02  1.01979636e-01
 -1.74936190e-01 -4.86576483e-02  5.21202870e-02  2.04714105e-01
 -2.61042714e-02  3.14662233e-04  1.61194965e-01  5.23290858e-02
 -1.94703192e-01 -6.08721748e-02 -3.91772240e-02  2.56184310e-01
  1.73312038e-01  8.88871178e-02  2.15262510e-02 -4.26311791e-02
  2.66100168e-02 -2.76284873e-01  1.35035589e-01  1.58723772e-01
  7.50545338e-02  7.97629878e-02 -1.81701612e-02 -1.92958266e-01
 -2.13077143e-02  1.17141560e-01 -1.88297525e-01  3.62242237e-02
  7.64508024e-02 -7.46695101e-02  1.93174612e-02 -1.44159771e-03
  3.01535189e-01  1.27256915e-01 -1.26937032e-01 -8.79921988e-02
  1.84866190e-01 -1.89663738e-01 -9.52775627e-02 -2.87691969e-02
 -1.04752570e-01 -1.20891467e-01 -3.22773993e-01  6.13232255e-02
  3.81098837e-01  1.17898121e-01 -1.50471225e-01 -1.26363887e-02
 -6.73628300e-02  3.70234400e-02  8.69715214e-02  3.11046839e-02
 -6.22029118e-02 -1.19042061e-02 -6.49076998e-02  4.68870532e-03
  1.65065110e-01 -6.55226409e-04 -6.45113587e-02  1.30807102e-01
 -6.28081709e-02  7.12975785e-02  6.69411495e-02  1.28284410e-01
 -2.91736685e-02  1.52632277e-02 -9.44899246e-02 -2.57774759e-02
  7.84065425e-02 -5.95514625e-02  7.10442588e-02  1.59281522e-01
 -1.72659829e-01  1.86176568e-01 -4.38913815e-02 -2.70713456e-02
  1.34280100e-02  3.92328240e-02 -1.11260429e-01 -4.14675325e-02
  2.04371080e-01 -2.56524771e-01  2.78268039e-01  2.25227699e-01
  3.35466340e-02  1.63281903e-01  5.34412190e-02  5.99532947e-02
 -1.14912391e-02 -9.33100432e-02 -1.80945069e-01 -8.24071318e-02
  4.49974723e-02 -1.60491634e-02  6.22446984e-02  9.80227143e-02]