[-1.96973428e-01  1.44005820e-01  8.75152051e-02 -1.23542555e-01
 -1.68322027e-01  8.20297189e-03 -1.45909309e-01 -2.47265641e-02
  1.47540748e-01 -1.43676281e-01  1.78872764e-01 -5.39263152e-02
 -2.37178653e-01  7.79301897e-02 -8.48127753e-02  2.22759336e-01
 -1.59632474e-01 -1.38687849e-01 -7.02172071e-02 -5.53970262e-02
  1.27278090e-01  1.17419347e-01 -6.59736916e-02  1.71887726e-01
 -1.04253456e-01 -4.04773921e-01 -7.25209638e-02 -4.89890352e-02
 -8.24739486e-02 -8.28903764e-02  3.42054591e-02  7.39150271e-02
 -1.69126481e-01  9.93506052e-03  3.59012336e-02  1.60493776e-01
 -3.97338495e-02 -1.05344586e-01  1.73560292e-01  7.75304809e-02
 -2.75402814e-01 -4.77065593e-02  2.09663272e-01  2.97148734e-01
  2.16943517e-01  5.19069657e-03  1.51904691e-02  4.08365168e-02
  1.88680530e-01 -3.04380864e-01  2.18676683e-02  1.93595380e-01
  1.15330517e-01  9.90245789e-02  1.80387169e-01 -1.64979607e-01
  2.77371891e-02  1.13816515e-01 -1.43716052e-01  5.27829342e-02
  5.12029827e-02 -1.40574098e-01 -5.47921285e-04 -1.26930535e-01
  2.41373420e-01  1.35659590e-01 -1.22452773e-01 -1.66598991e-01
  2.71276921e-01 -1.28433794e-01 -9.30287167e-02  1.15926661e-01
 -1.81996495e-01 -1.39280453e-01 -2.72635937e-01  3.52945589e-02
  3.99104625e-01  1.65995464e-01 -1.02890961e-01  6.14822581e-02
  1.82243045e-02 -6.13320917e-02 -8.83870795e-02  1.77266166e-01
  9.31825489e-05  2.05517896e-02 -6.45733923e-02  7.23752975e-02
  2.16523200e-01  4.94120196e-02  3.73025872e-02  2.96598107e-01
  4.97869588e-03 -2.72472203e-02  4.97710072e-02  7.99012706e-02
 -2.02191740e-01 -9.91030112e-02 -1.68862879e-01 -5.55872619e-02
 -2.94405892e-02 -7.04524219e-02 -2.16642208e-02  1.38024613e-01
 -1.63270965e-01  1.18421137e-01 -9.70560610e-02  7.13773631e-03
 -1.09956458e-01  9.69973505e-02 -1.14492632e-01 -2.03525033e-02
  1.41170278e-01 -1.24519266e-01  1.19448513e-01  8.09910446e-02
  2.10095495e-02  8.97714496e-02  9.63576138e-02  1.08019449e-01
  1.15683405e-02 -7.87168518e-02 -1.59486234e-01 -1.41703531e-01
  2.47129556e-02 -6.32489175e-02  5.42894006e-04  4.38158736e-02]