[-5.51846847e-02 -1.49105648e-02 -1.71062499e-02 -1.23062715e-01
 -1.42619610e-01 -3.48886028e-02  5.58378398e-02 -8.00487027e-02
  1.27099380e-01 -5.13262860e-02  1.70830220e-01 -1.02340169e-01
 -2.74631143e-01  5.36305830e-02 -1.10559851e-01  1.71946451e-01
 -1.24095574e-01 -2.07610697e-01 -1.00447871e-01 -3.26618515e-02
  6.05241396e-03  4.68851142e-02 -1.67499930e-02  1.59495339e-01
 -4.96775843e-02 -2.77587473e-01 -3.72618400e-02 -1.12858981e-01
 -1.89871192e-02 -1.63888767e-01  1.07421950e-01  1.98150083e-01
 -2.01978713e-01  2.62530707e-03  1.77479871e-02  1.98223609e-02
 -9.20352042e-02 -1.85798183e-01  2.54743218e-01  1.05812870e-01
 -2.55100161e-01 -1.07229590e-01  7.51625597e-02  3.64199817e-01
  2.22173601e-01 -8.19399506e-02 -7.15656206e-04 -5.51534221e-02
  1.30364835e-01 -3.84425431e-01 -1.12576317e-02  1.41777247e-01
  2.12445203e-02  8.02147686e-02  1.44387288e-02 -1.22350574e-01
  1.16626620e-01  7.51135051e-02 -2.45494440e-01  6.94225654e-02
  6.18425608e-02 -1.07294619e-01 -2.50751153e-04 -8.46627504e-02
  2.54147738e-01  7.24635199e-02 -9.80405211e-02 -6.06750287e-02
  2.55202442e-01 -1.72639146e-01 -8.23282078e-02  1.14572294e-01
 -1.47153705e-01 -1.95161209e-01 -2.20147386e-01 -2.37034280e-02
  4.18621063e-01  1.21909976e-01 -7.99106434e-02  8.14302936e-02
 -5.70041873e-02 -2.10402869e-02  3.01980861e-02  1.40216857e-01
 -1.98157821e-02 -1.47187579e-02 -6.70756623e-02  9.07367542e-02
  2.66453832e-01 -3.25305350e-02 -5.60127534e-02  2.76013881e-01
 -1.43355150e-02 -9.21240076e-02  9.81555954e-02  9.43749771e-02
 -1.21624898e-02 -7.97625072e-03 -1.65512264e-01  9.63149033e-03
  2.31188815e-03 -6.97305799e-02 -3.00890207e-03  1.22376844e-01
 -1.51604772e-01  1.45206228e-01 -5.64183295e-03 -2.35155243e-02
 -3.51328813e-02 -9.92214605e-02 -5.60304299e-02 -2.10274034e-03
  1.41514510e-01 -2.08955809e-01  1.66209564e-01  9.47187915e-02
  9.53003243e-02  7.12924898e-02 -2.07228474e-02  2.12264061e-02
 -2.12671980e-03 -1.39699340e-01 -1.86430722e-01 -3.57147530e-02
  1.02254227e-01  2.88615935e-02 -1.24194138e-02  2.20928807e-02]