[-0.07022385  0.00693189  0.0220311  -0.1584968  -0.03790288 -0.02371312
 -0.0336721  -0.0351464   0.28188232 -0.05839754  0.21700974  0.00365665
 -0.13947141 -0.077447   -0.04175057  0.18290073 -0.24453686 -0.11492088
 -0.00969465 -0.01131374  0.08360285  0.02395198  0.05160169  0.13796116
 -0.12805668 -0.34836841 -0.13798393 -0.12443659  0.0311202  -0.10090693
  0.05440604  0.17427371 -0.12356728  0.01561224  0.03650699  0.08609207
 -0.10184987 -0.18340421  0.24016976  0.06440675 -0.18251041 -0.06458981
  0.10316173  0.3069427   0.20673031  0.00095785  0.06932873 -0.04734493
  0.13911933 -0.33059591  0.01821141  0.21451463  0.04151133  0.08650608
  0.14599332 -0.1233868   0.0667486   0.04886495 -0.28551668  0.05653889
 -0.00384366 -0.06164203 -0.0268168  -0.14396468  0.19325504  0.18864912
 -0.12901105 -0.16661677  0.25520712 -0.16782549 -0.09145231  0.08981434
 -0.17014363 -0.2547875  -0.21793422 -0.08987018  0.31392917  0.19822048
 -0.059011    0.15438385 -0.08474151 -0.13797155 -0.08575658  0.17445527
  0.01674109  0.04113617 -0.0398352   0.06378508  0.19018254 -0.0567794
  0.04803135  0.28215611  0.00616917 -0.04629714 -0.04963342  0.00573872
 -0.06899942  0.0807741  -0.15832712  0.00817219 -0.04112885 -0.01008192
  0.02712892  0.05281708 -0.2131767   0.19406126  0.04012531 -0.07217404
 -0.07051734 -0.06358168 -0.11918633  0.03059551  0.15493342 -0.29010019
  0.18615778  0.14857168  0.13561597  0.1567501   0.00225098  0.09025872
  0.03368264 -0.15443781 -0.17530824 -0.02483003 -0.03116326 -0.02178827
 -0.0656877   0.06783257]