[-0.13606049  0.04801872  0.01211164 -0.04460074 -0.13730699  0.01046276
  0.0123879  -0.06784454  0.12418161 -0.16279815  0.14436263 -0.03869196
 -0.18437006  0.08891379  0.0011932   0.12361376 -0.09908977 -0.05773352
 -0.15766236 -0.0776151   0.06027882  0.05984683 -0.08801739  0.06513948
 -0.09296971 -0.29202861 -0.09401193 -0.06158535  0.03337287 -0.00408407
 -0.01538143  0.0175582  -0.08296348  0.0288872   0.01869955  0.02347695
 -0.13867594 -0.08957892  0.18425363  0.01516709 -0.17810911 -0.03272066
  0.05234312  0.22561702  0.12234893  0.0133977   0.02085842 -0.05888823
  0.08143251 -0.27355993  0.02169379  0.1523118   0.03943643  0.13377137
  0.09044535 -0.15855122  0.10314944  0.06596536 -0.14618744  0.08048438
  0.05260351 -0.12397714 -0.06321611  0.00702089  0.1867613   0.15292007
 -0.05523114 -0.17047217  0.14333186 -0.1832094  -0.08877893  0.00635339
 -0.12978444 -0.24499753 -0.20811526  0.0578137   0.37055096  0.2479168
 -0.16061661  0.05393646 -0.02293219 -0.00219423  0.23116474  0.05841706
 -0.0660776  -0.08415198 -0.07809047  0.06447439  0.22643965 -0.08087262
 -0.04566244  0.22575745  0.05874825 -0.01745833  0.0296028  -0.00927253
 -0.0606891   0.00109574 -0.11058077 -0.00379598  0.17700857 -0.05693578
  0.02287645  0.08874249 -0.18920293  0.1939829  -0.005424   -0.01808589
  0.01026286 -0.01494576 -0.21598816  0.02834774  0.1759207  -0.13048069
  0.2337115   0.174716    0.05056606  0.13500646  0.14670925  0.00962326
  0.04978089 -0.0269863  -0.18744116 -0.05466998  0.10668847  0.01207889
 -0.00712861  0.01864474]