[-6.57635182e-02 -1.79738179e-02  5.50865568e-02 -5.98867349e-02
 -1.80221707e-01 -1.00769335e-02 -2.00826786e-02 -2.16730312e-02
  1.48401037e-01 -5.53929918e-02  8.37181732e-02 -3.27832103e-02
 -2.40114912e-01  3.70253734e-02 -3.35473474e-03  1.65763617e-01
 -1.55277908e-01 -9.73459333e-02 -1.24827810e-01 -8.80703926e-02
 -8.01219940e-02  9.98059809e-02  3.41627970e-02  1.29308224e-01
 -1.42022267e-01 -3.20090890e-01 -2.67431736e-02 -4.08228971e-02
 -1.03422701e-01 -2.90005878e-02 -3.10544092e-02  2.00215340e-01
 -1.01011753e-01 -2.07768586e-02  7.43041933e-02  1.63070753e-01
 -1.03474841e-01 -1.22052245e-01  2.70396769e-01  3.43164541e-02
 -2.03841060e-01 -4.60828729e-02  7.66123384e-02  2.68828154e-01
  2.74521559e-01 -8.14877637e-03  3.77990827e-02 -3.34201567e-03
  1.88383624e-01 -3.58701795e-01  6.11980781e-02  1.86709329e-01
  4.07307632e-02 -1.63110867e-02  1.10786617e-01 -1.23115830e-01
 -6.12275749e-02  2.22691610e-01 -1.52025014e-01 -3.15296762e-02
 -3.34803015e-04 -1.37905180e-01 -2.31772400e-02 -1.95068166e-01
  2.34352976e-01  1.24971375e-01 -1.54208243e-01 -8.11032578e-02
  1.91979036e-01 -1.49440199e-01 -1.18972749e-01  3.40987928e-02
 -1.34390876e-01 -1.88618913e-01 -3.26803207e-01  2.51388513e-02
  3.83902043e-01  1.45581588e-01 -1.13748141e-01  7.29714707e-02
 -3.31749618e-02 -6.40856624e-02 -5.01033477e-03  1.57825217e-01
 -2.86745448e-02 -4.10977826e-02 -4.16766293e-02  3.94408181e-02
  1.92283958e-01 -3.29115056e-03 -3.12855989e-02  1.93781808e-01
  2.86475308e-02 -8.14889185e-03  1.24538671e-02  5.09448629e-03
 -8.05972219e-02 -1.40878791e-03 -1.68084234e-01  4.39607501e-02
  3.99180874e-02 -2.85254121e-02  4.73244414e-02  1.05152272e-01
 -1.78179532e-01  1.50608599e-01 -5.29374443e-02 -3.58265452e-02
  8.61465093e-03 -1.01597354e-01 -1.36525169e-01  1.00911260e-02
  2.04733223e-01 -2.98589468e-01  6.02834262e-02  7.71678686e-02
 -2.32476369e-02  1.90586939e-01  4.98728827e-02  8.00508782e-02
  7.96523783e-03 -2.42614336e-02 -2.18908221e-01 -6.30571470e-02
  1.37690365e-01 -5.68518974e-03  7.91118369e-02  1.03584781e-01]