[-1.06682591e-01  4.08105142e-02  6.27417490e-02 -6.63526878e-02
 -7.28353932e-02  5.26905991e-02 -9.23922136e-02 -9.06988084e-02
  1.17443301e-01 -1.47434995e-01  2.47165591e-01 -2.21780632e-02
 -2.03511089e-01 -1.09956846e-01 -3.54418792e-02  1.27739027e-01
 -1.51839331e-01 -1.51682973e-01 -8.84664208e-02 -4.61469516e-02
  4.19579893e-02  7.25142136e-02  2.60197446e-02  7.55410269e-02
 -1.47276938e-01 -4.19854701e-01 -5.26817963e-02 -6.17549047e-02
 -5.41130230e-02 -1.13806412e-01 -1.12660185e-01  1.23847999e-01
 -1.54452994e-01  7.54563138e-04  5.32213785e-03  1.20786175e-01
 -5.22886887e-02 -5.14001250e-02  1.92069098e-01  3.94517034e-02
 -1.81087539e-01  4.21374403e-02  1.82268210e-02  3.37915123e-01
  2.48026520e-01  1.22399274e-02 -6.21157698e-03 -4.97237742e-02
  1.27063185e-01 -2.70040572e-01  8.96735117e-02  2.26943895e-01
  1.02921620e-01  2.60622576e-02  8.21609125e-02 -4.29589115e-02
 -6.16030246e-02  1.30497038e-01 -9.08401236e-02  4.05412540e-02
  8.18969868e-03 -9.50075313e-02  6.43182639e-03 -1.58371955e-01
  1.47689283e-01  6.64064288e-02 -1.51361063e-01 -8.47300813e-02
  6.88965172e-02 -1.19493857e-01 -1.08733565e-01  4.10254188e-02
 -1.97755277e-01 -2.58578479e-01 -3.15223515e-01  6.28712624e-02
  3.46432269e-01  2.17904136e-01 -2.03680560e-01  1.60570126e-02
 -2.71020513e-02 -6.34197593e-02  9.31248441e-02  1.45481437e-01
 -2.24382505e-02 -1.66119076e-04 -7.90161341e-02  1.18509643e-01
  2.02538624e-01  3.15175019e-03 -6.09125830e-02  2.84125805e-01
 -1.11728162e-03  3.53465639e-02 -1.17501570e-03  5.49909957e-02
 -5.28258681e-02  8.87812115e-03 -1.79111540e-01  8.49997625e-03
  2.39075422e-02  2.12044064e-02 -5.27916662e-03  1.32002473e-01
 -1.36414185e-01  1.34157285e-01 -2.25479417e-02  1.97786838e-02
  3.82767729e-02 -5.10704108e-02 -1.30871087e-01 -7.15948120e-02
  1.11050867e-01 -2.27130324e-01  4.67301793e-02  1.93242192e-01
  1.22597314e-01  1.37902647e-01  1.08912975e-01  4.61465679e-04
  1.98518820e-02 -6.06628098e-02 -2.20704794e-01 -3.36146653e-02
  1.29143283e-01  4.62472253e-02  5.61554655e-02  1.82031468e-02]