[-0.15020706  0.04245064  0.03432172 -0.07748363 -0.14668307 -0.01520339
  0.0537027  -0.01137812  0.02831647 -0.02912401  0.15979889 -0.06990506
 -0.23961025 -0.07085148  0.06431034  0.12410595 -0.1050377  -0.05959289
 -0.23903173 -0.08819064  0.01675585  0.04874755  0.00830413  0.08474287
 -0.11605494 -0.29643518 -0.01279034 -0.09247367 -0.00652238 -0.04380054
  0.01502051  0.22123258 -0.09181344 -0.06556182  0.00421     0.08322001
 -0.0261861  -0.11814015  0.17912334 -0.05161659 -0.153613   -0.01747465
  0.09227532  0.23373973  0.22200815 -0.03489528  0.09575506  0.0397586
  0.11346404 -0.2307162  -0.0325323   0.09286914  0.06035157  0.09699763
  0.04755731 -0.12869957  0.1026126   0.12675878 -0.18405132  0.05286856
 -0.00105131 -0.22770607 -0.05010368 -0.07126603  0.20129742  0.10190257
 -0.08312422 -0.1430636   0.12751757 -0.14033327 -0.09997164  0.07714309
 -0.17039353 -0.09522533 -0.2356801   0.04643322  0.38170466  0.16682614
 -0.20877679  0.0261853  -0.04942814 -0.0698173   0.07612934  0.14065482
 -0.06988168 -0.0777833  -0.10488202  0.03081965  0.2200792   0.01418492
 -0.05500294  0.25077087  0.10783667 -0.06189833  0.07200222 -0.01207916
 -0.06514285 -0.02156929 -0.03556189  0.00242482  0.12546311 -0.19914879
 -0.00129615  0.05078438 -0.12864609  0.1937426  -0.07010967  0.10499065
  0.01096879 -0.06812593 -0.04302011  0.04047223  0.16200358 -0.1555548
  0.09889915  0.15473384  0.02832888  0.1326465   0.08240534  0.12978807
 -0.00162762  0.04046721 -0.14542878 -0.07963873  0.1542671   0.0007213
  0.095375    0.07522967]