[-0.09398874  0.06640171  0.07972921 -0.01068929 -0.09445001  0.0078846
 -0.04183833 -0.11326876  0.16691759 -0.0949293   0.2546497   0.02129307
 -0.1497412  -0.01910449  0.1017689   0.15461458 -0.21216214 -0.03246525
 -0.01078162 -0.07980416  0.06264156  0.03743345  0.05692729  0.050495
 -0.12600368 -0.33099169 -0.07637613 -0.16903843  0.0610078  -0.11571827
 -0.03066858 -0.02325417 -0.09201548  0.01243753  0.01686065 -0.00380538
 -0.07961073 -0.0874881   0.15318808  0.02491854 -0.09120577 -0.01870504
 -0.02305009  0.2381091   0.12982148  0.04690726  0.07658819 -0.09677621
  0.13638256 -0.18398649  0.03718977  0.06857222  0.04833214  0.05768169
  0.08863022 -0.14132006  0.04235829  0.04965162 -0.2115657   0.13573092
  0.12386405 -0.04699721 -0.02323664 -0.05388481  0.25274736  0.07557264
 -0.12836005 -0.07782954  0.00980202 -0.06290963 -0.08411197 -0.00457157
 -0.1699101  -0.24722625 -0.21310797  0.02842724  0.41027692  0.13957521
 -0.20533632 -0.01623772 -0.05900167 -0.04212707  0.10706658  0.12171376
 -0.01644013 -0.03899893 -0.07178194  0.04908457  0.1387538  -0.07759105
  0.0147591   0.24110852 -0.03699331  0.02186332 -0.04302276  0.02230497
 -0.13957039  0.04761164 -0.03563606 -0.07734821  0.0098859  -0.06924251
  0.04616589  0.04516488 -0.22822429  0.2290096   0.00353105 -0.00827089
  0.01040737  0.01306211 -0.14485027 -0.00544363  0.13001129 -0.25073439
  0.18670778  0.21782231  0.09873413  0.18659513 -0.03155605  0.0861952
 -0.04518314  0.04961623 -0.14539166 -0.00329053  0.02715896  0.00790825
  0.01725848  0.01328568]