[-5.33749834e-02  1.49593696e-01  1.03332140e-01 -7.39472210e-02
 -1.12816356e-01  4.75517325e-02 -3.80092189e-02 -1.05326444e-01
  8.41407925e-02 -2.17613447e-02  2.45186523e-01 -3.84761766e-02
 -2.85798013e-01 -4.38795500e-02 -9.67381671e-02  1.09269023e-01
 -2.07980543e-01 -1.25353172e-01 -2.66471058e-02 -1.01793140e-01
  1.09785259e-01  1.28741279e-01 -2.54741330e-02  2.36674175e-02
 -8.54106545e-02 -3.81121367e-01 -8.74778926e-02 -8.45897347e-02
  2.47109607e-02 -1.01159930e-01  3.63446698e-02 -2.50410568e-02
 -1.60064653e-01  4.84628864e-02 -4.12277989e-02 -3.42317708e-02
 -4.46410999e-02 -1.43495262e-01  1.18085302e-01  9.95089486e-02
 -1.40926778e-01  9.58494321e-02  4.03382033e-02  3.09654027e-01
  2.18378067e-01  6.04231432e-02  8.47790390e-03 -2.76703648e-02
  8.29587355e-02 -2.98356682e-01  7.52864927e-02  1.91491157e-01
  9.41018462e-02 -1.66667812e-03  8.09001252e-02 -1.35941863e-01
 -8.11463892e-02  5.31053618e-02 -2.13376984e-01  2.30526160e-02
  4.41066027e-02 -1.96430869e-02  1.50206685e-03 -1.42052189e-01
  1.46864891e-01  1.49440184e-01 -1.17914177e-01 -6.17568344e-02
  1.17432147e-01 -1.89877212e-01 -1.11832634e-01 -2.60599796e-02
 -1.32142454e-01 -1.19004861e-01 -2.67089456e-01  7.73770064e-02
  4.49211508e-01  1.29271969e-01 -1.17316276e-01  1.20447818e-02
 -6.57838061e-02  4.77752164e-02  5.03504761e-02  1.69025082e-02
 -1.13695651e-01 -4.09999751e-02 -9.55481678e-02  6.43862337e-02
  1.50909096e-01 -2.52628811e-02 -6.75177947e-02  2.65007854e-01
 -3.61302197e-02  3.96513846e-03  5.58007322e-02  4.52979356e-02
 -6.15561083e-02 -1.13142654e-04 -4.63574678e-02  3.88204232e-02
 -3.40535790e-02 -1.14594899e-01  8.06132145e-03  9.53685567e-02
 -2.00570807e-01  1.25339389e-01  1.17863063e-02 -3.69626209e-02
 -1.96681265e-03 -1.09873563e-02 -1.10476360e-01  2.94306893e-02
  1.51728749e-01 -2.84636229e-01  1.79029509e-01  1.59876153e-01
  1.79872364e-02  1.63899139e-01  3.65996212e-02  3.99770699e-02
 -6.57034963e-02 -9.15736333e-02 -1.38418868e-01 -1.22772165e-01
  2.25927085e-02 -4.38725948e-03  2.78421063e-02  4.27608453e-02]