[-9.94426385e-03  2.13934258e-02  1.19827837e-02 -8.08652565e-02
 -1.02939330e-01  5.75998146e-03 -3.76889203e-03 -2.04921085e-02
  2.26982087e-01 -1.38404995e-01  2.19518408e-01 -1.16382979e-01
 -2.88350374e-01 -1.98751781e-02 -2.68588811e-02  2.16315061e-01
 -1.13579616e-01 -1.62901938e-01 -5.91199584e-02 -3.68343033e-02
  3.42810676e-02  2.89642494e-02 -7.67173916e-02  1.03508741e-01
 -2.20715761e-01 -3.12575907e-01 -5.14102802e-02 -1.45620823e-01
 -4.72615585e-02 -1.06142521e-01 -2.22207159e-02  1.57110348e-01
 -5.54454699e-02  1.39666945e-02  9.53127667e-02  1.14097789e-01
 -4.28740084e-02 -1.46388412e-01  1.76690519e-01  1.04137421e-01
 -2.66800940e-01 -2.21479423e-02  1.13133723e-02  2.73760766e-01
  1.40361100e-01 -8.45942795e-02  3.84087637e-02 -9.06524062e-02
  2.33939782e-01 -3.11298251e-01 -3.77342291e-03  1.31397724e-01
  8.73987228e-02  9.88833085e-02  1.00499697e-01 -1.58332720e-01
  7.82400221e-02  2.07663566e-01 -3.00674707e-01  4.86889221e-02
  5.97204827e-02 -1.00371927e-01 -2.52261460e-02 -4.06490229e-02
  1.11922301e-01  9.93776992e-02 -1.35322645e-01 -1.19581141e-01
  2.08735868e-01 -1.33904517e-01  1.75756868e-02  1.48163319e-01
 -1.43411458e-01 -2.75311202e-01 -1.80678785e-01  6.69902936e-02
  3.60281080e-01  1.88909933e-01 -1.24694422e-01  8.33013095e-03
  9.96149797e-03  8.41866434e-03  5.34516014e-02  8.48601237e-02
  1.50432140e-02 -6.84455261e-02 -8.74225423e-02  2.15721000e-02
  2.06631452e-01 -6.46692514e-02  6.45486563e-02  2.77390867e-01
 -3.15246060e-02 -8.43098480e-03  2.25342810e-05  5.32090664e-02
 -1.42552659e-01  3.01468186e-02 -7.54348040e-02 -1.65525842e-02
  3.16315405e-02 -1.03528462e-01  1.00632049e-02  3.87418643e-02
 -1.86343402e-01  1.33171394e-01 -3.31044309e-02 -3.07982005e-02
 -2.44966522e-02 -4.17170487e-02 -5.11902049e-02  1.08515713e-02
  1.71058789e-01 -2.44734719e-01  1.25283629e-01  1.31108344e-01
  1.07563235e-01  1.18698485e-01  2.86371913e-02 -1.38893612e-02
  1.41846053e-02 -1.74784213e-01 -1.84647426e-01 -4.50186655e-02
  5.92217408e-02 -1.38715953e-02 -7.63802007e-02 -6.57897592e-02]