[-0.08911864  0.05715631  0.11588673 -0.09881196 -0.15159254  0.01121306
 -0.13482463 -0.09762038  0.12356307 -0.15594104  0.1427412  -0.07276469
 -0.20792678  0.16846833 -0.03291146  0.1714202  -0.16701517 -0.13870969
 -0.0513104  -0.0921147   0.04275624  0.09496117 -0.04377377  0.09042101
 -0.14280364 -0.40151843 -0.10675235 -0.06286699  0.00296606 -0.04701995
  0.00199082  0.0601638  -0.13186884  0.09393218  0.03965877  0.06953427
 -0.0193418  -0.15169884  0.17484394  0.07649521 -0.21894178  0.00248412
  0.06730939  0.17995645  0.09223448  0.09763579  0.08319171 -0.06862977
  0.09039532 -0.22302832  0.02288137  0.21127005  0.0013999   0.07631428
  0.04288496 -0.1991678   0.03228468  0.0850492  -0.17108117  0.07782422
  0.08690327 -0.07601331  0.00200015 -0.08895     0.22276226  0.12432747
 -0.12933734 -0.11124831  0.17685682 -0.1272303  -0.09339447 -0.0059876
 -0.17634058 -0.21239293 -0.2011289   0.03799535  0.3835853   0.17785718
 -0.11405901  0.05312908 -0.01647491 -0.02184546  0.03564215  0.16714641
 -0.02194565 -0.04363891 -0.01553824  0.07403274  0.2178686  -0.00410316
  0.03519528  0.25212386 -0.02437793  0.05369656 -0.05847297  0.09084321
 -0.16673641  0.00298732 -0.03787858  0.00291583  0.02078853  0.05369916
  0.01309399  0.15147758 -0.18929845  0.18039842 -0.07646203 -0.06055269
 -0.02316843  0.09038854 -0.07163046 -0.0721818   0.14288267 -0.19614556
  0.12134501  0.23299292  0.04059223  0.15392044  0.06990337  0.08847168
  0.0538191  -0.03364934 -0.26230288 -0.09742349  0.04652477 -0.03324128
 -0.06191439  0.05423224]