[-0.12746978  0.03678     0.04319299 -0.05405887 -0.00613006 -0.05688686
 -0.0705355   0.00324009  0.09224523 -0.0603741   0.12233991 -0.0283092
 -0.22854717 -0.07427789  0.01709992  0.10326723 -0.07230491 -0.11683869
 -0.10161166 -0.10163832  0.0532396   0.09968568  0.01939156  0.12320992
 -0.17199653 -0.29809991 -0.02922348 -0.17116164 -0.06066565 -0.12380898
 -0.06120864  0.08508024 -0.14248675 -0.06924894  0.10488447  0.15836968
  0.01092341  0.04297349  0.20533721  0.0761226  -0.12232088  0.08083881
  0.07859461  0.37363514  0.20221694  0.07331134  0.02437994  0.03127667
  0.20463842 -0.27563658  0.04012794  0.10284488  0.13890359  0.06164052
  0.1193064  -0.18204352  0.03816782  0.07805561 -0.1927997   0.17436552
  0.03795056 -0.12030227 -0.04374748 -0.00195208  0.19745176  0.02290374
 -0.15902729 -0.07906245  0.12543155 -0.1526216   0.02586328  0.15624505
 -0.15047789 -0.13369946 -0.18459046  0.0550036   0.38220558  0.11729275
 -0.19021823 -0.0043741  -0.04212758 -0.00290415  0.02638161  0.02598755
 -0.05382767  0.00267285 -0.06746459  0.06959611  0.23829475  0.05242782
 -0.00759063  0.20317408  0.03773245  0.05732014  0.04306683  0.00488079
 -0.11153289 -0.09546211 -0.14491607  0.02015183 -0.04933374 -0.16032642
 -0.0032064   0.04143328 -0.19523649  0.14021996 -0.0332812  -0.02997844
 -0.10801844  0.11851297 -0.15812564  0.01971018  0.14024153 -0.24191983
  0.17863053  0.21567398  0.09858289  0.07025546  0.00956337 -0.01648731
  0.0118772   0.02145408 -0.12112219 -0.13827725  0.05404314 -0.01646571
  0.07722173 -0.00696794]