[-1.02454796e-01  1.38104081e-01  1.05814449e-01 -8.42782557e-02
 -1.60323113e-01 -1.02743201e-01 -4.61822189e-03 -1.22939318e-01
  2.08155081e-01 -5.03331944e-02  1.74927026e-01  2.50307843e-02
 -2.35477999e-01 -2.31338032e-02  3.02343629e-04  2.49996901e-01
 -2.08634675e-01 -1.68936655e-01 -9.53576490e-02 -6.29330054e-02
  8.25362429e-02  8.36178735e-02  8.40468407e-02  1.93026841e-01
 -1.54864162e-01 -3.07386994e-01 -7.31229186e-02 -1.01572171e-01
 -6.06388822e-02 -1.17085762e-01  6.81129545e-02  1.27287909e-01
 -1.61394194e-01 -5.39279580e-02  6.64742589e-02  3.45536880e-02
 -7.31303021e-02 -1.81958720e-01  2.28456050e-01  6.17010370e-02
 -2.94068277e-01 -5.71652465e-02  1.20708078e-01  3.14498156e-01
  2.66118944e-01 -1.05056539e-01  6.60892874e-02 -7.53691718e-02
  1.07258290e-01 -3.06352466e-01 -1.10275019e-02  1.46174118e-01
  6.89211767e-04  7.20809698e-02  1.34003595e-01 -8.70352462e-02
  4.69843224e-02  1.27139986e-01 -2.53746688e-01  3.15564014e-02
  1.02699250e-01 -1.65746823e-01 -4.16821241e-02 -1.05850264e-01
  2.11262256e-01  1.20327584e-01 -1.70591831e-01 -1.09603003e-01
  1.00976154e-01 -1.98892996e-01 -1.37811139e-01  1.33760273e-01
 -1.71002343e-01 -1.88839123e-01 -3.68741810e-01 -2.41848845e-02
  4.37523633e-01  1.44210920e-01 -1.89434424e-01 -7.00267404e-03
  1.26763592e-02 -1.93498004e-03  3.56671661e-02  2.75225341e-01
 -2.15993635e-03  1.17368009e-02 -4.46851552e-02  9.43029821e-02
  1.62811115e-01 -4.40341048e-03 -4.26468253e-02  3.45333576e-01
  5.17527461e-02 -6.99126050e-02  3.51520106e-02  1.14214420e-01
 -6.91080168e-02 -6.51079863e-02 -1.61792174e-01 -1.87243242e-03
 -2.08642054e-02  2.47119218e-02 -4.87142615e-03  1.11144170e-01
 -1.12354405e-01  7.24879131e-02 -1.72380079e-02 -6.53803051e-02
 -9.27263200e-02 -4.59549464e-02 -1.13887921e-01 -9.18489397e-02
  9.19508114e-02 -2.11455628e-01  1.13483459e-01  1.74054503e-01
 -3.39374654e-02  6.84506968e-02 -3.49826254e-02  7.97605738e-02
 -3.19428146e-02 -7.63159394e-02 -3.11342347e-02 -1.21835191e-02
  1.23620920e-01 -2.84386221e-02  6.75105304e-02 -6.32955655e-02]