[-1.48540527e-01  8.80918279e-02 -6.77519441e-02 -3.11000608e-02
 -1.84946299e-01  7.84873068e-02  5.24845086e-02 -2.23408937e-02
  1.07808381e-01 -1.25405014e-01  1.77354917e-01 -7.10121393e-02
 -3.05289924e-01 -2.02709548e-02  1.28320856e-02  1.19735971e-01
 -1.13617845e-01 -1.56704932e-01 -8.33745599e-02 -1.63370460e-01
  1.72105264e-02  1.98791530e-02 -4.55254279e-02  4.03140299e-02
 -1.63413376e-01 -2.52109885e-01 -5.06845824e-02 -1.51358932e-01
  3.96114737e-02 -1.71912655e-01  6.62677959e-02  1.27364904e-01
 -5.06593585e-02  1.81686841e-02  1.69084836e-02  6.84510767e-02
  7.19644502e-03  1.83596946e-02  2.54595608e-01 -1.10685006e-02
 -1.20258890e-01  7.81551600e-02  6.42304718e-02  3.66126031e-01
  1.44754097e-01 -4.52646893e-03  1.79966800e-02  1.83646157e-02
  1.41445875e-01 -3.16788316e-01  3.47616561e-02  1.23736158e-01
  1.30350083e-01  9.30583104e-02  5.44740260e-02 -1.68244585e-01
  6.03925437e-05  1.21780887e-01 -1.81833073e-01  1.68162361e-01
  3.78312841e-02 -1.19984850e-01 -5.77094182e-02 -2.80533135e-02
  2.93860346e-01  9.87913907e-02 -1.47156417e-01 -1.41863629e-01
  1.65508598e-01 -1.67901874e-01 -1.12191521e-01  1.00291125e-01
 -1.46773458e-01 -1.28670052e-01 -1.86024576e-01  1.27705812e-01
  3.61306190e-01  1.56433851e-01 -1.78212047e-01  4.93365712e-02
 -2.51831803e-02 -6.20771851e-03  2.90561523e-02  1.08229704e-01
 -6.92257062e-02 -1.20543823e-01 -6.58251047e-02  3.69758978e-02
  2.21038014e-01 -4.03462499e-02 -7.19327554e-02  2.42626041e-01
  6.81255013e-02  4.97174822e-02  2.96825580e-02  3.84684615e-02
 -6.80964366e-02 -1.05117038e-01 -5.30469194e-02 -2.10163649e-02
  6.52509183e-02 -1.84670255e-01 -1.26996972e-02  8.89363959e-02
 -1.87445313e-01  2.37359956e-01 -1.02974936e-01  3.88777554e-02
 -7.89029524e-02  4.47581559e-02 -2.19632853e-02  1.26153111e-01
  1.91227481e-01 -3.10974240e-01  2.49237463e-01  1.94283128e-01
  1.55145684e-02  1.18712932e-01  6.28707409e-02  9.61277727e-03
  6.14740960e-02  2.55183913e-02 -1.52410701e-01 -1.36661351e-01
  5.56496903e-02 -6.90233260e-02 -7.04276375e-03  6.32731989e-02]