[-0.12687121  0.13183391  0.1053578   0.00191018 -0.03295    -0.13272525
  0.08147963 -0.05673946  0.08610226  0.0161513   0.2841666  -0.0223693
 -0.19200172 -0.16740687  0.06217032  0.09703332 -0.1073477  -0.1121823
 -0.08085683 -0.10768532 -0.01195676  0.09618699  0.04014428  0.0969922
 -0.05911347 -0.269299   -0.06905466 -0.14134239  0.08220256 -0.07348172
  0.0729321   0.1282222  -0.16123769 -0.08540361  0.00310816  0.05858089
  0.03975779  0.01699866  0.20625246  0.02796744 -0.11602832 -0.060308
 -0.02367357  0.34456509  0.12248823 -0.03597969  0.00875955  0.02618495
  0.01263493 -0.17780919 -0.03046467  0.13782538  0.17857705  0.00783418
 -0.06769559 -0.09469748  0.00585548  0.04224931 -0.23989147  0.00856303
  0.02222524 -0.17682016 -0.125737   -0.03708262  0.27103594  0.03833885
 -0.10916723 -0.11971464  0.17285478 -0.14408673 -0.07661784  0.1248919
 -0.12538043 -0.04767111 -0.25620589  0.09912366  0.33332008  0.03010068
 -0.21838576  0.0377158  -0.21307635  0.02465657 -0.08286149  0.04206825
 -0.11679612  0.04700502 -0.15011202  0.00256239  0.09940715 -0.04413252
 -0.02144853  0.21430743  0.04245096  0.06687152  0.05851647 -0.0644394
  0.00393451 -0.05649098 -0.07912932 -0.02987206  0.06792223 -0.11733671
  0.00742404  0.10044424 -0.21431871  0.15915757  0.0354069  -0.02100895
  0.05868759  0.04999663 -0.05413775 -0.13877867  0.18654631 -0.20672138
  0.14534578  0.17340265  0.01108661  0.11892992  0.03976198  0.11620305
 -0.10159346 -0.03469389 -0.10470783 -0.03703211  0.1180252  -0.07169421
  0.01139647  0.01700565]