[-0.14146188  0.1704253   0.09028675 -0.09923972 -0.13238853  0.07437533
 -0.10079642 -0.02936337  0.14369184 -0.08644311  0.16283546  0.02421437
 -0.19207121  0.08969013 -0.0458838   0.15587582 -0.20111465 -0.13838524
 -0.00517661 -0.03580457 -0.00043905  0.0986716  -0.06795896  0.03907884
 -0.09852776 -0.33801064 -0.01559538  0.00396556  0.02459558 -0.05123138
 -0.04693229  0.03969989 -0.17238882  0.08665808  0.07138539  0.08632404
 -0.04790317 -0.00249661  0.17224443  0.08704955 -0.26928008 -0.01546442
  0.00583221  0.30079085  0.20637842 -0.0055691  -0.01804504 -0.09859312
  0.12578285 -0.27779695  0.10592259  0.23095132  0.07285294  0.04880656
 -0.02872377 -0.10663304 -0.06413721  0.16715668 -0.17187843  0.0575379
  0.09840376 -0.14778534 -0.0091781  -0.11950295  0.18844169  0.12761861
 -0.1929006  -0.22024609  0.06974749 -0.12412497 -0.10812275  0.06086621
 -0.0637572  -0.20594731 -0.30197909  0.09370051  0.37104881  0.13653582
 -0.13611008  0.04323785 -0.07782343 -0.09026013  0.04169585  0.16465162
 -0.08867233 -0.01198845 -0.00877402  0.03976437  0.26032567 -0.00401912
 -0.04035843  0.21145053 -0.06781007  0.04101319 -0.06019606  0.15112479
 -0.09495013  0.00151063 -0.09572561 -0.0562842  -0.0337297  -0.06981813
 -0.00227415  0.17883176 -0.27743     0.22410049 -0.02451953  0.00753975
  0.03914465 -0.01332799 -0.07404808 -0.04871728  0.15544125 -0.27368295
  0.21204457  0.17323866  0.10090793  0.15450913  0.13275    -0.00183665
  0.05514965 -0.07200874 -0.15712182 -0.05991661  0.08805508 -0.03275161
  0.04561115  0.03313938]