[-0.08349164  0.00854931 -0.07917415 -0.09824134 -0.09801763  0.04092089
  0.00887793 -0.08731648  0.1165046  -0.17179777  0.18340905 -0.00724504
 -0.20157668 -0.0042261   0.01363431  0.11371574 -0.12481115 -0.12683538
 -0.10004871 -0.19049332 -0.04937561  0.0177213  -0.09402622  0.09330803
 -0.19133581 -0.17988528 -0.06089792 -0.10820053 -0.04645783 -0.10868122
  0.07140867  0.06570843 -0.1378344   0.05527348  0.01496719  0.13127683
 -0.10800906 -0.02852532  0.20721582  0.03692546 -0.11105841  0.00946966
  0.09993649  0.30363551  0.22080415 -0.04812387  0.02282159 -0.02708618
  0.18616462 -0.31870678  0.03363018  0.10434067  0.10056511  0.09924543
  0.05017211 -0.15613076  0.00742503  0.18038997 -0.11669039  0.11052892
  0.00861959 -0.10370768 -0.07246897  0.0024351   0.24580534  0.09788157
 -0.15817089 -0.12637007  0.19251327 -0.20257746 -0.11995248  0.09755531
 -0.13020262 -0.23874593 -0.29211795  0.13327752  0.3730779   0.16710523
 -0.10218073  0.06518695 -0.00190085  0.00558867  0.11121476  0.11605589
 -0.01259177 -0.12144294 -0.03855251  0.07144432  0.28649402 -0.03249007
 -0.05970181  0.17691454  0.00748755  0.01451075 -0.0134412   0.04746758
 -0.04843786 -0.03080343 -0.10469419  0.02682129  0.02042162 -0.08212014
 -0.00435216  0.11592112 -0.18662554  0.20920986 -0.03054061 -0.04313952
 -0.05294101  0.00500989 -0.10792328  0.03982987  0.17617346 -0.29623032
  0.19133915  0.20155656  0.04455802  0.13384748  0.08610411  0.00688162
  0.06422336 -0.01173759 -0.21379608 -0.05945982  0.01803569 -0.02215659
 -0.01373244  0.01871145]