[-1.11334257e-01  9.08189174e-03 -4.17152531e-02 -7.82930478e-02
 -9.20367986e-02 -5.53863719e-02  6.60327300e-02 -9.24683884e-02
  1.33789673e-01 -9.37516168e-02  1.76982984e-01 -1.55014098e-01
 -1.97910979e-01 -2.74006277e-04  1.63506493e-02  6.39248490e-02
 -1.30479291e-01 -1.01618759e-01 -1.12112924e-01 -6.42974153e-02
  7.08288550e-02 -5.22875153e-02 -1.02219120e-01  1.28822535e-01
 -1.14677668e-01 -2.59575069e-01 -7.64492452e-02 -6.39650002e-02
 -9.31540132e-03 -2.05146875e-02  2.75749043e-02  7.58091658e-02
 -1.87134326e-01 -7.28017092e-02  1.82195045e-02  8.99500102e-02
 -8.35826173e-02 -4.77562174e-02  1.58374056e-01 -1.68328118e-02
 -1.41109779e-01 -3.92445326e-02  1.35084093e-02  2.84368634e-01
  2.05932036e-01  3.63487378e-02 -3.40679958e-02 -3.79797518e-02
  1.12316459e-01 -3.30098420e-01  5.70410006e-02  1.52398199e-01
  1.23283610e-01  4.31862362e-02  8.05119574e-02 -9.48892832e-02
  1.83803737e-02  1.62586704e-01 -2.59859204e-01  9.74658877e-02
  4.30432409e-02 -5.42256795e-02 -4.72908318e-02 -1.04756258e-01
  2.35960439e-01  1.93366095e-01 -1.49830803e-01 -8.16155821e-02
  1.98030338e-01 -1.80539578e-01 -6.45757765e-02  2.42453143e-02
 -1.00230463e-01 -2.87521541e-01 -2.34631389e-01  9.79892835e-02
  4.28094387e-01  1.91589504e-01 -1.97574720e-01  6.60799909e-03
 -1.93177741e-02 -1.01129636e-02  1.76704437e-01  5.03398553e-02
 -4.85966206e-02 -4.98649180e-02 -3.98659483e-02  7.34870508e-02
  1.98495477e-01 -2.80294400e-02 -8.91334638e-02  2.33347535e-01
 -3.67197096e-02 -6.57728016e-02  4.25626673e-02 -1.16184505e-03
 -5.00384439e-03  2.85412353e-02 -1.72168285e-01  2.04355549e-02
  1.11830570e-01 -8.46113041e-02  7.85904564e-03  9.12907198e-02
 -1.36828020e-01  1.54345661e-01 -9.48151015e-03 -1.89606901e-02
 -4.38530445e-02 -9.03771445e-02 -1.79314062e-01  3.99332456e-02
  1.80942520e-01 -2.63336688e-01  2.00525910e-01  1.04776554e-01
  2.39175372e-02  1.33721992e-01  2.99216453e-02 -7.15533178e-03
  1.19005330e-01 -5.41608110e-02 -1.76145047e-01 -4.89933342e-02
  1.15450434e-01  4.50680219e-03  6.13552406e-02  1.34368916e-03]