[-3.70754898e-02 -3.00795529e-02  4.09856439e-02 -2.92494390e-02
 -1.85406744e-01  8.21680017e-03  2.94925012e-02 -6.22878708e-02
  1.18924409e-01 -1.98885709e-01  1.37935013e-01 -8.26433301e-02
 -2.24391297e-01  5.10309525e-02 -2.28081197e-02  1.77169189e-01
 -8.93993750e-02 -1.00095235e-01 -1.08086564e-01 -6.23269007e-05
  6.05976023e-02  5.29077165e-02 -1.14661507e-01  4.29980010e-02
 -1.15266629e-01 -3.14814091e-01 -4.71131355e-02 -5.54606430e-02
  3.77309695e-02 -7.60645419e-03 -1.49201388e-02  1.54987261e-01
 -1.39399827e-01  3.45429219e-02  1.63923055e-02  8.37510452e-02
 -5.10127582e-02 -3.77311371e-02  1.87193379e-01  3.07813659e-02
 -2.62888908e-01 -5.41162677e-02  5.65654114e-02  2.19100043e-01
  8.19309503e-02  2.40353346e-02  8.36906061e-02 -4.89806458e-02
  7.93317780e-02 -2.47479275e-01 -1.62939988e-02  7.68140703e-02
  6.30081818e-02  7.88898468e-02  6.25670999e-02 -2.62313098e-01
  5.71566969e-02  4.39413972e-02 -1.87286407e-01  1.03946023e-01
  4.10078615e-02 -1.44782752e-01 -3.16256434e-02 -1.83718093e-02
  2.72029340e-01  4.65269163e-02 -6.27438575e-02 -1.50821060e-01
  2.30913252e-01 -2.06184834e-01 -3.52451392e-02  6.39267936e-02
 -1.15022667e-01 -1.27758205e-01 -3.15933108e-01 -4.39068340e-02
  3.98807645e-01  1.47727385e-01 -1.68660074e-01  4.01372090e-02
 -2.72879228e-02  5.93436230e-03  1.80451304e-01  1.06848635e-01
  5.14288992e-03  3.94791365e-03 -1.00243755e-01  2.88585722e-02
  2.34030083e-01 -8.41714144e-02  3.72909452e-03  1.90079316e-01
  4.84210998e-02 -5.43161705e-02 -9.48736910e-04 -1.40729938e-02
 -9.87912714e-02 -5.52275404e-02 -7.56650046e-02 -3.59128006e-02
  8.83573964e-02 -9.64350924e-02  4.15583551e-02  1.56666964e-01
 -1.99480206e-01  1.59555778e-01 -6.86474219e-02 -1.70746408e-02
  7.86517654e-03  4.21645977e-02 -1.53993949e-01 -3.10812667e-02
  1.68198422e-01 -1.86350033e-01  1.51209563e-01  1.48474708e-01
 -1.47345709e-02  1.09331883e-01  6.41980544e-02  9.45791751e-02
 -4.29312810e-02 -2.35418919e-02 -2.12307364e-01 -8.10269639e-02
  5.80240600e-02 -3.88356075e-02  3.81183513e-02  3.80114689e-02]