[-0.17156768  0.10105451  0.03659826  0.01044745 -0.12623453  0.02066941
  0.03231028 -0.08451252  0.20579825 -0.13213445  0.20723429  0.02283011
 -0.21252134 -0.02065477 -0.02855889  0.16322279 -0.08850868 -0.11257666
 -0.12248822 -0.09729807  0.04241898  0.06102077 -0.00560308  0.10160258
 -0.17947379 -0.29996994 -0.12114314 -0.06382604  0.06253845 -0.02491385
 -0.06000051  0.03465601 -0.10163233 -0.05760717  0.03525231  0.08884114
 -0.12140802 -0.11083564  0.22522284  0.01714101 -0.17280586  0.03194909
  0.085822    0.29072809  0.15876426  0.05333113  0.04827596 -0.08710161
  0.1201973  -0.25775686  0.07255931  0.119183    0.09810494  0.08928916
  0.07212345 -0.14462292  0.01460422  0.14584628 -0.19380713  0.06422289
  0.08420441 -0.1298642  -0.08095735 -0.09148001  0.17742044  0.18010816
 -0.13424852 -0.12395073  0.12025806 -0.2597087  -0.05186992  0.07223974
 -0.07900619 -0.20102546 -0.28178057  0.09843898  0.43595603  0.26403451
 -0.11009547 -0.02776258  0.0528877   0.00780573  0.11588216  0.14506267
 -0.14618173 -0.08379345 -0.08074039  0.02087305  0.19641885  0.04740679
 -0.02346586  0.25610614  0.09136355  0.02897283  0.01554113  0.04399057
 -0.12861472 -0.0467558  -0.05719021  0.04079463  0.04645413 -0.04804096
  0.05255633  0.0726299  -0.12586361  0.18430102 -0.07585549 -0.00335548
  0.01488738 -0.01459581 -0.15078722 -0.00437967  0.13291128 -0.18997398
  0.09627452  0.1322072   0.01289177  0.16021416  0.15269488  0.10102791
 -0.01278939  0.00193278 -0.18608664 -0.06078866  0.11712444 -0.12898858
  0.12848367 -0.00159854]