[-6.24038465e-02  1.22912958e-01  9.57576632e-02 -8.75975341e-02
 -1.52082339e-01  1.36739209e-01 -5.22807837e-02 -6.25837501e-03
  1.94954932e-01 -1.76813483e-01  2.55326658e-01  3.04031335e-02
 -2.31388539e-01  4.96057943e-02  2.91437749e-03  1.39578030e-01
 -1.73220411e-01 -1.24590747e-01 -7.88810998e-02 -1.56595841e-01
  1.94913941e-04  9.85276401e-02 -5.42980507e-02  3.05783227e-02
 -1.09424025e-01 -3.27052832e-01 -8.12617540e-02  1.72704048e-02
  1.15849406e-01 -1.57657668e-01 -1.90501586e-02 -7.01365061e-03
 -1.43550262e-01  3.40769961e-02  1.66846216e-02  1.52883250e-02
 -4.32016253e-02 -1.15990564e-01  2.06643939e-01  2.24886090e-02
 -1.36297792e-01 -1.94667391e-02  2.40691826e-02  2.80859470e-01
  1.72199622e-01  1.26127014e-03  1.17580406e-03 -5.90145737e-02
  1.28688902e-01 -2.23190576e-01  4.84209806e-02  2.03468859e-01
  8.87472779e-02  8.10967535e-02 -3.96605674e-03 -1.12624526e-01
 -3.39319259e-02  1.87079757e-01 -1.64974004e-01  7.57825077e-02
  7.31351376e-02 -9.63507220e-02 -3.02978661e-02 -6.75106347e-02
  2.13974908e-01  1.52651116e-01 -1.16842449e-01 -3.16269398e-01
  1.74570888e-01 -1.58880860e-01 -1.21158294e-01  7.42557198e-02
 -1.35861948e-01 -1.36540204e-01 -2.03586757e-01  5.02665192e-02
  4.54765141e-01  1.43121243e-01 -1.71760440e-01  8.41225870e-03
 -7.20370561e-02 -6.50978684e-02  9.98200923e-02  1.10235557e-01
 -6.39292598e-02 -1.07089758e-01 -5.87390065e-02  6.75284564e-02
  2.73972780e-01  3.32056694e-02 -1.08597748e-01  1.78567708e-01
  4.16727141e-02  3.46231312e-02  2.76925210e-02  7.21304640e-02
 -8.79671276e-02  4.11630422e-02 -1.00853063e-01  3.72874085e-03
 -4.11676243e-02 -4.85845581e-02 -3.23647633e-03  1.69574291e-01
 -1.49370655e-01  3.03833574e-01 -1.14897499e-02  2.16209218e-02
  1.85004082e-02  7.31054470e-02 -1.21032998e-01 -2.14640684e-02
  1.89792678e-01 -2.99207121e-01  1.75268576e-01  1.65497556e-01
  8.45901817e-02  1.36192605e-01  5.96208312e-02  1.26403660e-01
  6.08341359e-02 -1.83547158e-02 -2.06779659e-01 -1.01549014e-01
 -1.98553056e-02 -9.69182253e-02  5.94546013e-02  4.01524194e-02]