[-0.10558831  0.01708241  0.07346626 -0.0320618  -0.14189155 -0.0250121
 -0.02843493 -0.12734041  0.12400795 -0.10202947  0.21026784 -0.03613989
 -0.28209972 -0.06225595  0.02801925  0.08235914 -0.11144152 -0.18356223
 -0.054796   -0.09854627  0.1003596  -0.00734168  0.05737673  0.06649027
 -0.22109465 -0.2166502  -0.09217768 -0.14363879  0.07532373 -0.0605816
  0.00948003 -0.03334345 -0.15836291  0.01824021 -0.00841299  0.13813463
 -0.10578135 -0.16661794  0.23917742 -0.03670956 -0.1785779  -0.03249082
  0.00085415  0.22581099  0.21488838 -0.01355017  0.11078918 -0.09893995
  0.13605346 -0.26106295  0.19461349  0.18396839  0.11123333  0.07664555
  0.18106206 -0.20346868  0.02525763  0.24465337 -0.16798934  0.11002963
  0.04289858  0.04250512  0.04400512 -0.09009408  0.20757277  0.08452784
 -0.11820377 -0.08840541  0.22386463 -0.15935078 -0.11752902  0.13535193
 -0.18175411 -0.21259332 -0.27933693  0.03187899  0.42335793  0.13931948
 -0.14803711  0.05774998 -0.01716301 -0.0406914   0.05392393  0.09418274
 -0.02459975 -0.02967016 -0.11122403  0.04586296  0.22524899 -0.05899324
 -0.00283947  0.25054958  0.0517749  -0.08472165  0.05244113  0.0329133
 -0.04204451  0.00800608 -0.06816062 -0.01070727  0.03083197 -0.12921704
 -0.01985914  0.03613068 -0.21457864  0.12932402  0.01037144 -0.02787847
 -0.09587769 -0.11228824 -0.13791762  0.0720887   0.19571525 -0.35496724
  0.20255923  0.16280639  0.06791408  0.15463783  0.02238149  0.0621995
  0.05614664 -0.08273779 -0.16542655 -0.05371901  0.00639462 -0.00985842
  0.01504833  0.13693734]