[-1.37304991e-01  1.14379868e-01  2.04228126e-02 -8.33676308e-02
 -1.03418566e-01 -6.64051250e-02  6.66675568e-02 -5.40722348e-02
  1.47309646e-01 -1.30032310e-02  2.57725745e-01  5.58249652e-02
 -2.71167815e-01 -1.60602897e-01  8.45089033e-02  9.38675031e-02
 -1.40608564e-01 -1.25504464e-01 -1.52175859e-01 -1.13894403e-01
 -1.06409527e-02  1.45406369e-03  3.53610851e-02 -5.66383824e-06
 -9.80157927e-02 -3.59316260e-01 -4.88706343e-02 -8.63462687e-02
  4.84496057e-02 -9.48009640e-02  1.24685705e-01  1.60392165e-01
 -1.26519099e-01 -7.44130760e-02  2.24358495e-02  6.90498278e-02
 -8.61234218e-02 -5.06044030e-02  2.16435701e-01 -4.03800886e-03
 -1.33835986e-01 -5.59910126e-02  5.49395494e-02  2.79204279e-01
  2.61432499e-01  5.57175688e-02  8.91575962e-02 -1.13627300e-01
  1.65265068e-01 -2.26736575e-01  4.63644527e-02  1.22216150e-01
  1.35607421e-01  6.68192506e-02  8.10508803e-02 -1.45160392e-01
  7.74381757e-02  7.54586905e-02 -2.72090614e-01  5.32710925e-02
  3.30706313e-02 -1.63327992e-01 -1.19089298e-01 -9.17771310e-02
  2.11455926e-01  5.54998554e-02 -1.02085106e-01 -9.55096111e-02
  2.06701458e-01 -1.81696534e-01 -1.05679177e-01  1.31345943e-01
 -1.22398891e-01 -1.96499303e-01 -2.57331908e-01  4.40862924e-02
  4.05466586e-01  1.89530462e-01 -1.54561073e-01  6.74334355e-04
 -3.71665321e-02 -6.91535026e-02  4.96831536e-02  1.22002207e-01
 -1.46337613e-01 -1.07651748e-01 -9.06246006e-02  1.27803497e-02
  2.22016409e-01  9.69181210e-03 -9.17170495e-02  2.38075420e-01
  6.55745417e-02  7.03452975e-02  2.36250870e-02 -3.10458709e-02
 -3.38770635e-02  2.57721674e-02 -9.21482146e-02 -6.33307546e-02
  7.72259831e-02 -1.65311292e-01  1.40444115e-02  2.51857676e-02
 -1.44919589e-01  2.10346222e-01  8.46953411e-03  8.51257071e-02
  1.10541508e-02 -8.10218900e-02 -4.15971987e-02  1.86203839e-03
  1.68040514e-01 -2.45069861e-01  2.26057857e-01  2.05766752e-01
  5.15479222e-02  1.67291313e-01  7.28656277e-02  9.58814994e-02
  2.86381505e-03 -7.34989047e-02 -1.52486458e-01 -3.32937911e-02
  7.44701177e-02 -3.39543223e-02  1.09205633e-01  4.00445759e-02]