[-1.77295148e-01  1.39199391e-01 -1.70584284e-02 -3.81771252e-02
 -1.31766632e-01  3.00364569e-02  3.94374505e-03 -9.80547592e-02
  1.89306155e-01 -1.29469290e-01  2.29660913e-01 -9.60223377e-02
 -3.05413097e-01  8.53028521e-02 -5.69126569e-02  1.55844659e-01
 -1.69378519e-01 -1.46960139e-01 -1.16047844e-01 -1.16060913e-01
  1.88880078e-02  5.38642891e-02 -1.74225941e-02  6.45684600e-02
 -1.52252585e-01 -3.68121475e-01 -3.21547464e-02 -2.49348320e-02
 -1.24987476e-02 -9.60433111e-03  5.61839379e-02  1.27000272e-01
 -1.17050909e-01  2.79865395e-02  6.98812082e-02  7.20818564e-02
 -6.79099038e-02 -9.45493579e-03  2.91685224e-01  2.64675226e-02
 -2.02913776e-01  1.98086798e-02  1.04142621e-01  3.57171327e-01
  1.61119670e-01  5.58690540e-03  3.31715606e-02 -9.84866172e-02
  1.11645520e-01 -3.35953861e-01  3.45434770e-02  2.73038477e-01
  4.97474968e-02  8.25282037e-02  2.18085274e-02 -1.82526574e-01
 -8.08144361e-02  1.96732834e-01 -1.46286964e-01  6.38207346e-02
  9.88947749e-02 -5.49741276e-02 -7.02918172e-02 -1.10025123e-01
  2.63407528e-01  1.60772130e-01 -2.34366775e-01 -1.35207474e-01
  1.45880297e-01 -1.21857896e-01 -5.00827469e-02  7.83663988e-02
 -1.75853267e-01 -2.47698888e-01 -2.33272985e-01  1.00238368e-01
  4.56412971e-01  1.05638973e-01 -1.02521531e-01  5.80089167e-04
 -1.01768658e-01 -5.84043982e-03  2.89846193e-02  1.16589703e-01
 -7.06544518e-02 -1.38635501e-01 -4.72403094e-02  5.06232828e-02
  2.14075357e-01 -1.33341718e-02 -7.70583227e-02  2.34779537e-01
  4.22033742e-02 -2.16601919e-02 -3.54629457e-02  1.48521349e-01
 -1.62061930e-01 -7.31630623e-02 -1.49343133e-01 -3.89187559e-02
 -2.00423449e-02 -5.57843521e-02  2.69241259e-03  1.21909939e-01
 -2.02604353e-01  2.32142746e-01 -2.74010357e-02  1.43483393e-02
  6.17889175e-03  3.41007300e-02 -3.17834914e-02 -1.23674748e-02
  1.37629762e-01 -2.71063417e-01  1.71623498e-01  1.38507038e-01
  4.53224964e-02  2.04137832e-01  9.10774544e-02  5.50905913e-02
  4.26556803e-02  3.68390009e-02 -1.55033246e-01 -1.10355251e-01
  1.57792810e-02  3.07247415e-02 -2.83177942e-04  1.42524261e-02]