[-0.17157495  0.03482921  0.07900708  0.01312244 -0.1689069  -0.05805178
  0.04754516 -0.07589818  0.09029225 -0.01440936  0.16508579 -0.04998179
 -0.20707975 -0.0126081  -0.01803206  0.12634356 -0.14851162 -0.15055448
 -0.04126286 -0.08992898  0.0374371  -0.03246237 -0.06669313  0.09057017
 -0.11833572 -0.30978206 -0.08063363 -0.12615271  0.05660009 -0.08105393
  0.01645572  0.01260175 -0.12421938 -0.00635516  0.03559003  0.09592962
  0.0441731  -0.06564009  0.15455627 -0.06555514 -0.1123258  -0.05081786
  0.0788827   0.26456839  0.09312987  0.05842464  0.03808812  0.01927755
  0.0682487  -0.22327645  0.0528371   0.07619038  0.10582341  0.00873029
  0.03515697 -0.21457398  0.01186408  0.08759722 -0.19734876  0.13589908
  0.05211178 -0.09675708 -0.07983152 -0.05102463  0.29473546  0.13360381
 -0.11635608 -0.09879868  0.18203188 -0.20014502 -0.04116318 -0.0747826
 -0.12018545 -0.08098573 -0.28852642  0.02387218  0.45463604  0.10207717
 -0.18794768  0.01799154 -0.087926    0.05836282  0.02259915  0.03899489
 -0.16232589  0.02251439 -0.15345635  0.03646013  0.16582169  0.02959512
  0.02969383  0.19148907  0.00053611  0.01814734  0.03381593 -0.0432014
 -0.06172597 -0.0569562  -0.0236281  -0.00278669  0.06773334 -0.15166979
  0.07885449  0.14791292 -0.23989466  0.06453212 -0.03286465  0.02954234
  0.01191145  0.11323833 -0.15175454 -0.07020669  0.19092156 -0.21920539
  0.16173057  0.20643313  0.02850093  0.10819716  0.0288331   0.07194583
 -0.00976785  0.02447276 -0.14310798  0.00366412  0.0031734  -0.12335802
  0.01242883  0.11657334]