[-1.29245520e-01  5.84690720e-02  1.99897233e-02 -7.23817945e-02
 -1.90119043e-01  4.54662889e-02  3.78348306e-02 -1.61751077e-01
  1.08277991e-01 -1.14526451e-01  2.41665140e-01 -8.62741247e-02
 -2.85818040e-01 -5.93611738e-04 -4.51873541e-02  1.88785031e-01
 -8.40416104e-02 -1.16829537e-01 -1.25889242e-01 -6.83877394e-02
 -2.13372894e-02  1.17314450e-01 -5.29852696e-02  5.68174981e-02
 -4.14564684e-02 -3.47750068e-01 -3.90179753e-02 -6.60457984e-02
 -1.84862316e-02 -6.71100318e-02 -3.21103707e-02  1.02259994e-01
 -1.19185559e-01 -2.61153001e-02  4.48514894e-02  1.14161007e-01
 -1.61402032e-01 -5.56778274e-02  1.95043296e-01 -3.15496232e-03
 -1.96943432e-01 -6.90964088e-02  6.69076294e-02  2.52972871e-01
  1.17325082e-01 -5.12239896e-03  4.46289778e-05 -1.06821321e-01
  6.54755309e-02 -2.71280080e-01  5.33254966e-02  1.22587472e-01
  5.97321317e-02  8.81207436e-02  1.25093022e-02 -1.46094590e-01
 -5.48307039e-03  1.40216798e-01 -2.11087093e-01 -1.83504354e-02
  1.23086192e-01 -1.22972913e-01 -7.15835169e-02 -9.96544212e-02
  2.36403033e-01  1.22083366e-01 -1.08346537e-01 -1.05497912e-01
  1.69104129e-01 -1.66540340e-01 -7.49413520e-02  8.07655416e-03
 -9.10693482e-02 -2.18201131e-01 -2.10367858e-01  8.68389383e-02
  3.89849424e-01  1.54982284e-01 -1.39361799e-01 -3.36828120e-02
 -1.86379086e-02 -4.13405597e-02  1.38986811e-01  5.13177775e-02
 -8.24255869e-03 -6.36855960e-02 -6.50401041e-02  3.98679227e-02
  1.62817046e-01 -7.24684522e-02  3.29352841e-02  2.55807400e-01
  3.42859961e-02  1.49240820e-02  5.67556284e-02  6.80316314e-02
 -6.57231733e-02  5.04887477e-02 -1.16196826e-01  4.66901436e-02
  1.53033473e-02 -6.73093125e-02  6.58122450e-02  9.19056237e-02
 -1.16727278e-01  2.27872416e-01 -1.86568536e-02  9.43074469e-03
  3.62528116e-02 -1.01429842e-01 -7.28559271e-02 -7.72371143e-02
  1.80843651e-01 -2.00334668e-01  1.32309526e-01  1.08345546e-01
  1.99542437e-02  1.86687246e-01  6.54149950e-02  8.27391297e-02
  1.01973116e-02 -8.05394202e-02 -2.86775321e-01 -1.87396351e-02
  1.53106049e-01 -4.67268378e-02 -1.52303968e-02  4.36026752e-02]