[-0.02447584  0.03802899 -0.01874935 -0.05820482 -0.11854115 -0.06981705
  0.05289381 -0.10211305  0.25205734 -0.06935616  0.1570898   0.01150401
 -0.21136861  0.080964   -0.01003869  0.13040584 -0.12709463 -0.16546859
 -0.16437089 -0.06162228  0.0106224   0.07278843 -0.02659408  0.10287377
 -0.19347955 -0.23700413 -0.10689022 -0.15789364  0.02735507 -0.07194045
  0.09016503  0.11802579 -0.15412743 -0.03167997  0.15269461  0.02823067
 -0.02968668 -0.12511818  0.30205306  0.00699813 -0.22637479 -0.04594728
  0.10183682  0.19448486  0.14132507 -0.02265396  0.05165974 -0.1316267
  0.20315218 -0.24361919  0.04784783  0.13834879  0.10000929  0.11274092
  0.12302335 -0.18644792  0.05281121  0.16293213 -0.28429767  0.04883913
  0.07045884 -0.0698394  -0.07781056 -0.06348683  0.16884005  0.03519572
 -0.15140311 -0.06564201  0.22761431 -0.17540058  0.00928694  0.12780501
 -0.10348465 -0.25292823 -0.17475577  0.02289544  0.44130373  0.18534365
 -0.13350868  0.06452677 -0.04173544 -0.05734317 -0.0257894   0.06934813
 -0.0506021  -0.0232197  -0.0096778   0.1011127   0.23294872 -0.00817991
  0.07067308  0.28262058 -0.02319348 -0.01720444 -0.03335089  0.04969981
 -0.10953146 -0.04417088 -0.06272183  0.02382481  0.0449813   0.01568625
  0.04040246  0.08144542 -0.17096074  0.12601864 -0.04116327 -0.06848434
 -0.06993215 -0.0340121  -0.06811599 -0.03022247  0.16977546 -0.25954312
  0.17133674  0.05549905 -0.0751477   0.130895   -0.03948468  0.05357349
  0.03305303 -0.11887766 -0.21228705 -0.07713647  0.1237592  -0.04094063
  0.02666546 -0.03338772]