[ 1.40135642e-04  4.85964939e-02 -7.83586502e-03 -1.31139681e-02
  2.59666014e-02 -3.35477293e-02  9.54534411e-02 -9.43367183e-02
  1.14576109e-01 -9.96864438e-02  1.91882864e-01 -3.64720784e-02
 -2.54947037e-01 -1.75478429e-01  6.75228983e-02  1.19622216e-01
 -1.43859923e-01 -1.56426802e-01 -1.48872495e-01 -6.53393641e-02
  1.34628946e-02 -2.99960114e-02 -2.80982926e-02  1.07448502e-02
 -1.00726232e-01 -3.10383171e-01 -5.51635101e-02 -8.41420591e-02
  3.81949320e-02 -4.48662788e-02  1.14734858e-01  6.68160468e-02
 -1.23238906e-01 -4.23121452e-03  1.75772440e-02  1.32110864e-01
 -8.10081139e-02 -1.22244909e-01  2.32341230e-01  2.33807340e-02
 -1.55901045e-01 -5.85166290e-02 -9.92407836e-03  2.46516719e-01
  2.08154306e-01  5.30759851e-03  4.98186499e-02 -5.51012047e-02
  1.39708921e-01 -2.94833601e-01  5.21975197e-03  1.29833400e-01
  5.29351681e-02  1.42578363e-01  5.31362817e-02 -1.51671797e-01
  4.34684791e-02  1.10863931e-01 -2.60402471e-01 -1.22597795e-02
 -3.08997855e-02 -1.44615665e-01 -2.46806294e-02 -5.28766885e-02
  1.54071674e-01  1.12662531e-01 -9.66059193e-02 -9.10212472e-02
  2.39920497e-01 -2.64879048e-01 -8.57370868e-02  6.34492189e-03
 -6.43753186e-02 -1.44860268e-01 -3.02741855e-01  1.09552722e-02
  3.43504727e-01  1.74885988e-01 -1.07564136e-01 -2.20974647e-02
 -3.72323282e-02 -1.23844994e-02  9.30990726e-02  8.49178508e-02
 -4.43733521e-02 -6.00247905e-02 -5.94205000e-02 -1.08060893e-02
  2.08910197e-01 -2.26207245e-02 -6.31076321e-02  1.70217022e-01
 -3.70891318e-02 -2.26951297e-03  3.83574404e-02 -4.00274396e-02
 -1.07283769e-02  5.16210683e-02 -8.28592852e-02  2.54666395e-02
  3.91164161e-02 -1.65345326e-01  6.62582666e-02  7.12909102e-02
 -1.63992643e-01  1.72919959e-01  5.35663683e-03 -2.30753794e-04
  4.91983108e-02 -2.25434452e-02 -1.14791848e-01  1.95219647e-02
  1.92826629e-01 -2.45170251e-01  2.47329339e-01  2.30307013e-01
  7.35876849e-04  1.52117968e-01  5.94781265e-02  1.26829103e-01
 -3.10501903e-02 -9.11219716e-02 -2.03714207e-01 -8.28136280e-02
 -2.81232595e-02  8.07370320e-02  1.44943818e-02  2.25177370e-02]