[-1.03647187e-01  3.39395702e-02 -1.22686252e-02 -4.49970216e-02
 -1.55201674e-01 -9.66004804e-02  5.40396199e-02 -5.11694551e-02
  1.02999315e-01 -5.23360893e-02  1.13299690e-01 -1.26043856e-01
 -2.53930092e-01 -5.02563687e-03  2.32595820e-02  7.70031735e-02
 -1.25163794e-01 -8.03226829e-02 -1.09381892e-01 -9.48261246e-02
 -1.08027244e-02  9.48768854e-03 -1.80662014e-02  3.89420763e-02
 -4.31402363e-02 -3.28130871e-01 -8.09643418e-02 -1.46495223e-01
  2.22745202e-02 -4.98520657e-02  1.06176592e-01  9.09833759e-02
 -1.50748193e-01 -9.93560329e-02  3.00186928e-02  5.63591197e-02
 -9.19048041e-02 -1.05021603e-01  2.03298524e-01 -5.32262102e-02
 -1.35301456e-01 -8.96527469e-02  1.24922171e-01  1.89378113e-01
  1.80739164e-01  2.20985226e-02  2.90964041e-02 -2.36261319e-02
  1.52354881e-01 -2.80702263e-01  9.71738026e-02  7.98197687e-02
  7.53770769e-02  1.19120933e-01  1.55951098e-01 -1.12594143e-01
  5.84400818e-02  1.18060276e-01 -1.10970072e-01  6.63279444e-02
  7.81492218e-02 -1.14282355e-01 -6.53529912e-02 -6.63840026e-02
  1.48470923e-01  5.91951646e-02  3.81904515e-03 -7.74745643e-02
  1.63516760e-01 -2.01722890e-01 -1.30041689e-01  2.87207756e-02
 -4.41110581e-02 -1.03473179e-01 -2.40944415e-01  3.83101106e-02
  3.16829443e-01  1.70980006e-01 -1.00301057e-01  3.02093215e-02
 -2.60511469e-02 -3.45934480e-02  8.38201940e-02  9.44559276e-03
 -2.72168890e-02 -1.24329388e-01 -7.82168210e-02  1.80963427e-04
  2.24814504e-01 -6.68660253e-02 -1.56102115e-02  1.37402534e-01
 -3.38550061e-02 -1.82958618e-02  4.02739309e-02 -3.32451537e-02
 -8.41866285e-02 -1.77777521e-02 -8.56495202e-02 -2.57100165e-02
  1.71256050e-01 -1.38094172e-01 -4.96765040e-02  3.31281237e-02
 -2.39579618e-01  1.17173448e-01 -3.34966443e-02 -3.27420831e-02
  1.22362580e-02 -8.22521150e-02 -8.28704908e-02  1.06457077e-01
  1.91719249e-01 -1.62357628e-01  2.67507970e-01  1.13264054e-01
 -6.73612580e-02  1.74639657e-01  3.83541249e-02  4.33859527e-02
  2.80997809e-03 -8.47305581e-02 -1.52916804e-01 -1.58904597e-01
  7.23592937e-02  9.86392051e-02 -1.89488679e-02  3.33590172e-02]