[-0.15478589  0.16846761  0.0535571  -0.03971412 -0.02789223 -0.08421402
 -0.02986301 -0.06709349  0.09202459 -0.07423409  0.3046484  -0.13818531
 -0.19660485 -0.14785978 -0.0008887   0.12212647 -0.10750153 -0.07989621
 -0.0477485  -0.03603034  0.06266993 -0.06793097  0.00050125  0.10292775
 -0.11468782 -0.39399263 -0.07381134 -0.11406595  0.06023987 -0.10563109
 -0.03907296 -0.01367212 -0.17237937 -0.13056871  0.02025882  0.03484549
 -0.00943802 -0.02044772  0.19600967 -0.09042487 -0.16443314  0.01690353
  0.12754206  0.26335102  0.14363542  0.08123337  0.04362147 -0.05411467
  0.11748509 -0.2120966   0.09797901  0.10762852  0.11590505  0.04698379
  0.09983596 -0.08879764 -0.00903288  0.13171864 -0.22644614  0.09668815
  0.0886595   0.04244639 -0.09621284 -0.03700845  0.1636208   0.11320578
 -0.11754232 -0.13422951  0.17698939 -0.15210478  0.04015025  0.14112502
 -0.06499116 -0.22809406 -0.18388775  0.12349728  0.40135235  0.2362223
 -0.13726988 -0.02225063 -0.07834712 -0.06284498  0.0759856  -0.01805947
 -0.05175478 -0.0525241  -0.07063961  0.08284763  0.14439732  0.05605716
 -0.01422113  0.21722019  0.01840714  0.00572295 -0.02278699  0.06707443
 -0.15497571  0.02655304 -0.14096983 -0.03370653  0.11038962 -0.04014415
  0.01286707  0.09950987 -0.19782062  0.14428154 -0.015713    0.00591705
  0.01864508  0.10991268 -0.07027309 -0.01831394  0.07696904 -0.21389291
  0.15927401  0.13567744  0.07309469  0.09013556  0.09036893 -0.00570788
  0.12347989 -0.11043414 -0.15352131 -0.11337995  0.05326545 -0.05511697
  0.09272884 -0.0266038 ]