[-0.10262773  0.07836269  0.0733964  -0.15330684 -0.16285291 -0.01974389
 -0.10712919  0.01284958  0.21257758 -0.17927307  0.11375168 -0.06626757
 -0.16502766  0.07711839 -0.01785474  0.25165817 -0.18133961 -0.1210889
 -0.04761644 -0.00877554  0.04458656  0.08757116 -0.08907307  0.08589785
 -0.12852636 -0.45262986 -0.08251059 -0.06385577 -0.18682274 -0.10994541
  0.02070513  0.11838691 -0.12315141 -0.03094754  0.0638207   0.11440583
 -0.03156954 -0.10454427  0.12137123  0.1169108  -0.25355002 -0.00514964
  0.14902237  0.30539379  0.21613544  0.00684484  0.03926047 -0.04040157
  0.12568761 -0.31697717 -0.01635901  0.10276736  0.07747108  0.10308304
  0.08865792 -0.1118414   0.08803114  0.07562834 -0.22373803  0.0359167
  0.12626219 -0.12586546 -0.00780333 -0.02818703  0.27231973  0.15621698
 -0.14584409 -0.11542201  0.1263351  -0.14656591 -0.08371305 -0.0517256
 -0.14698341 -0.22500932 -0.27735648 -0.02738778  0.28349307  0.21348234
 -0.18651098  0.01588662 -0.05631165  0.00084596  0.02614272  0.20717745
  0.05518221 -0.02015393 -0.01034254  0.08656919  0.22601041 -0.01385415
  0.04100121  0.27969906  0.0065097  -0.02470761 -0.04839541  0.03692959
 -0.16288558 -0.00799989 -0.1386511  -0.01824159 -0.02690934  0.02240068
  0.0041284   0.17439529 -0.25502339  0.20570064 -0.07449924 -0.04336049
 -0.04956773  0.01733953 -0.04270863 -0.03391317  0.12975357 -0.12523311
  0.09361419  0.19689411  0.01939013  0.15661031  0.05066967  0.03137191
  0.02745191 -0.07230396 -0.21894312 -0.0249908  -0.00080463 -0.0022186
  0.0073567   0.0302996 ]