[-0.18043457  0.07089154  0.01837239 -0.00962419 -0.16992903 -0.0094065
 -0.02531223 -0.10206726  0.11841593 -0.06910163  0.22859691 -0.02373221
 -0.1859486   0.02423389 -0.01837102  0.0993841  -0.12307755 -0.12462805
 -0.08511704 -0.10265306  0.01085374  0.0325674  -0.07711604  0.07873382
 -0.20816739 -0.26240683 -0.03775171 -0.03329927  0.0845388  -0.09255115
  0.07944222  0.08292725 -0.10369594  0.05243817  0.04296068  0.14361601
 -0.08010583 -0.01861493  0.242421   -0.00788591 -0.17406116  0.01047661
  0.05592564  0.24771453  0.16347954  0.05353487  0.02669683 -0.12070567
  0.04885624 -0.27421036  0.05718298  0.18342665  0.04327916  0.06988513
  0.0233134  -0.23491013 -0.00777687  0.15432879 -0.18759793  0.06097525
  0.05699157 -0.10980076 -0.05880976 -0.06874252  0.17229356  0.12244938
 -0.11323369 -0.11283757  0.15800989 -0.20852053 -0.08727317  0.10453393
 -0.0456981  -0.22937009 -0.26688811  0.07784599  0.44985819  0.21865498
 -0.1417883   0.01521941  0.02643828 -0.04710463  0.09357972  0.05380002
 -0.13257341 -0.15345678 -0.07375571  0.04856219  0.18015204  0.07459255
  0.02748282  0.17930768  0.07372972  0.04583158 -0.00990675  0.03335062
 -0.09886245  0.01102018 -0.0292208  -0.03254024  0.02916009 -0.04326707
  0.10358559  0.12652704 -0.18484837  0.26284355 -0.01158914 -0.03064716
  0.01532655  0.04821918 -0.03858069  0.02388201  0.19765171 -0.25853044
  0.17936477  0.17744051  0.05803355  0.19022496  0.12628211  0.08843949
  0.0046452   0.00918968 -0.20632157 -0.00615891 -0.01431575 -0.14406815
  0.06201188  0.06617548]