[-0.11013643  0.05074758  0.0875525  -0.1385095  -0.06832317 -0.05091486
 -0.10746179 -0.08669657  0.25736284 -0.13438578  0.10905233 -0.02748798
 -0.15697165  0.06708389 -0.12336454  0.23479284 -0.18386234 -0.14171155
 -0.09539761 -0.07091742  0.08086196  0.1543645  -0.01633198  0.13084427
 -0.079785   -0.32200232 -0.04985058 -0.1279477  -0.01290985 -0.07781462
  0.07379702  0.09274618 -0.17741337 -0.01657748  0.04989528  0.10439245
 -0.01133005 -0.11763927  0.20279889  0.13470422 -0.2711601  -0.05840422
  0.08322632  0.25873393  0.17398609  0.0621284   0.04208583 -0.15939333
  0.1922742  -0.32420766 -0.0123523   0.16421823  0.00148945  0.14911616
  0.07705518 -0.25643107  0.16784969 -0.00551147 -0.2470098   0.0802794
  0.09353817 -0.11761637  0.039346   -0.00849861  0.22234747  0.06327475
 -0.10491744 -0.11338192  0.18114862 -0.19620718 -0.03226276  0.11463393
 -0.10792375 -0.20750378 -0.28403634 -0.05669888  0.40103686  0.20105529
 -0.12026438  0.07721115 -0.04709487 -0.03471903  0.02553063  0.240114
 -0.00910936  0.07746661 -0.00768118  0.02490659  0.20490602  0.00386046
  0.04113469  0.3359293   0.00933661  0.021967   -0.00642045  0.10273471
 -0.16531369  0.00063839 -0.07936674 -0.01804014 -0.00626251  0.04930084
  0.06423447  0.08048469 -0.20722707  0.22739033 -0.09122652 -0.05310991
 -0.09356201 -0.00480206 -0.01771242 -0.02326711  0.18842691 -0.12367979
  0.16212359  0.19528416  0.06094627  0.18995176  0.05149864  0.12711519
 -0.02857135 -0.07221586 -0.16828546 -0.04134634 -0.00276692 -0.05134003
  0.00545467  0.04264091]