[-2.09004819e-01  9.26225334e-02  5.94223142e-02 -1.03067875e-01
 -1.38477132e-01  2.76668724e-02 -8.42083320e-02 -3.81638221e-02
  1.51491120e-01 -1.97068542e-01  1.68757677e-01  2.45687086e-02
 -2.06276432e-01 -5.92418425e-02 -1.25819631e-03  1.02998160e-01
 -1.79715455e-01 -1.92333326e-01 -5.84856868e-02 -9.36376080e-02
 -1.21388808e-02  2.45384891e-02  4.25453484e-03  4.92518470e-02
 -1.40108317e-01 -3.39640766e-01 -1.14351667e-01 -6.52172863e-02
  9.25429836e-02 -7.57459626e-02  1.68802068e-02  1.43588502e-02
 -1.04176834e-01  6.88397884e-03 -1.06986417e-02  1.12693228e-01
  1.50397420e-02  3.98824811e-02  2.32670978e-01  1.58792324e-02
 -2.20930696e-01  3.51444148e-02  3.33065167e-02  3.07917058e-01
  2.35505685e-01  6.44224659e-02  2.80711465e-02 -4.43484858e-02
  1.74092293e-01 -3.07841361e-01  1.10959850e-01  1.71203330e-01
  1.51233852e-01  4.37616892e-02  9.41044316e-02 -1.53771520e-01
 -4.70733941e-02  1.89945385e-01 -1.76337600e-01  1.38427824e-01
 -1.57543719e-02 -9.36151296e-02  2.88723204e-02 -3.83321159e-02
  2.39744574e-01  1.88744813e-01 -1.47652417e-01 -2.35325307e-01
  2.04194844e-01 -2.06035897e-01 -1.12306923e-01  1.43023312e-01
 -1.05085172e-01 -1.09929420e-01 -3.13406110e-01  4.04661298e-02
  4.22291577e-01  1.74120665e-01 -1.03930920e-01  3.03200129e-02
 -6.97893277e-02 -8.53519142e-02 -9.11718886e-03  1.42569914e-01
 -1.55152142e-01 -6.68588728e-02 -3.98865603e-02  1.63908824e-02
  2.19580099e-01  5.41674495e-02 -9.38382968e-02  1.76557541e-01
  4.66448367e-02  1.35802701e-01  7.79051473e-03  7.63312057e-02
 -1.18374310e-01 -5.33751324e-02 -1.00705132e-01 -3.40007246e-02
 -2.53914930e-02 -6.21714592e-02  4.06114459e-02  1.27565220e-01
 -1.58260152e-01  2.42961228e-01 -7.86392987e-02  1.81227140e-02
 -7.70232677e-02  1.06440142e-01 -3.46600153e-02  4.99405153e-02
  1.60393938e-01 -2.82603264e-01  2.24953681e-01  2.11011544e-01
  4.58001234e-02  1.49762660e-01  1.39438391e-01  1.19410958e-02
  4.30787131e-02 -1.15059130e-03 -1.18210137e-01 -8.85238573e-02
 -3.71216796e-04 -1.11412764e-01  1.16791978e-01  9.78560746e-02]