[ 1.18741952e-02  6.20665774e-02  1.08009353e-01 -1.33509561e-01
 -1.55490443e-01 -6.66119978e-02 -1.00122117e-01 -8.13975781e-02
  1.90645069e-01 -1.87565371e-01  1.15546241e-01 -3.42812128e-02
 -2.27581367e-01 -5.01939282e-02 -1.73621811e-04  1.91158056e-01
 -1.28857374e-01 -1.99104145e-01 -6.14591800e-02 -1.14647105e-01
  9.12490487e-02  9.79032218e-02  9.43901539e-02  5.96296862e-02
 -1.98453605e-01 -3.41052532e-01 -6.65146187e-02 -1.10126533e-01
 -4.69843559e-02 -1.13403395e-01  4.43415456e-02  1.00835606e-01
 -1.24524325e-01  3.14102396e-02  4.14957665e-02  1.13550246e-01
 -4.65380028e-02 -1.26459301e-01  1.77756920e-01  7.93578401e-02
 -2.99994707e-01 -9.65679660e-02  1.11658378e-02  2.43709922e-01
  2.23291680e-01  2.04975847e-02  1.04714692e-01 -6.26531988e-02
  1.52602389e-01 -2.60526896e-01  6.77319393e-02  1.26690716e-01
  2.01402251e-02  1.89004764e-02  9.28703174e-02 -2.07129046e-01
  2.90809087e-02  1.57500789e-01 -2.33664945e-01  8.70625600e-02
  7.98461884e-02 -2.21740693e-01 -7.05099432e-03 -4.94945645e-02
  2.56867826e-01  7.50497505e-02 -1.52488828e-01 -1.25520378e-01
  2.38563985e-01 -1.69805437e-01 -5.89631759e-02  1.06360674e-01
 -1.84342787e-01 -1.59961849e-01 -3.07676822e-01 -9.30193514e-02
  3.99194211e-01  1.06432676e-01 -1.01839095e-01  9.21338424e-03
 -7.27073327e-02  7.30690062e-02  1.10916141e-02  2.20711842e-01
  3.99172604e-02 -2.77491286e-04 -8.78643468e-02  3.22418623e-02
  2.08905071e-01 -1.21702790e-01 -7.39599243e-02  2.49288410e-01
 -2.74393782e-02  4.15989384e-02 -4.07615006e-02  1.01021724e-02
 -1.45979241e-01  1.78076047e-02 -6.87455013e-02  7.93410838e-03
 -7.29464814e-02 -6.11317232e-02 -1.89606883e-02  8.66149962e-02
 -1.37502804e-01  1.39098287e-01 -3.01658884e-02 -2.76870746e-02
 -1.01578183e-01 -2.21041515e-02 -1.07265055e-01 -9.72326696e-02
  1.61615863e-01 -2.45226651e-01  1.55914351e-01  2.59407431e-01
  1.04940452e-01  2.04390734e-01  4.91564237e-02  8.44453201e-02
  5.19872606e-02 -1.17129609e-01 -1.77586436e-01 -2.32450627e-02
  1.54923834e-03 -5.14023518e-03  2.81991139e-02  7.23105818e-02]