[-7.40324184e-02  6.96426854e-02  8.83125886e-02 -9.32073742e-02
 -1.73171267e-01 -3.38943601e-02 -1.15115844e-01 -1.30882353e-01
  1.14791073e-01 -1.93263441e-01  1.11681871e-01 -3.11603658e-02
 -1.94546357e-01  1.76957071e-01 -1.22875482e-01  1.98267907e-01
 -1.68504491e-01 -9.19201523e-02 -8.96530673e-02 -7.61201233e-02
  7.93977920e-03  1.80969909e-01 -3.56072513e-03  5.62243722e-02
 -9.27946419e-02 -2.52681881e-01 -1.05864316e-01 -8.98880418e-03
  4.98451218e-02  8.33711587e-03 -3.96392420e-02  2.97778286e-02
 -9.06025469e-02  5.78315146e-02  8.78113583e-02  4.66008708e-02
 -2.98029389e-02 -6.78016990e-02  1.61100477e-01  5.31088635e-02
 -2.48334795e-01 -4.17215005e-02  9.45660844e-02  2.60231763e-01
  1.63090333e-01  9.54871103e-02  3.48132253e-02 -1.43593356e-01
  7.30590969e-02 -2.54196376e-01  2.44462844e-02  1.28864720e-01
 -2.59268284e-03  9.85438600e-02 -1.51519161e-02 -2.07122311e-01
  3.95061225e-02  1.47448540e-01 -1.56189561e-01  6.94305822e-02
  1.19648233e-01 -7.82028735e-02 -9.25035402e-03 -4.41970080e-02
  2.50788510e-01  8.58665705e-02 -1.72288120e-01 -1.52438134e-01
  1.77196234e-01 -2.40508139e-01 -9.41046104e-02  5.25925867e-02
 -1.00851186e-01 -1.73120663e-01 -2.62230009e-01 -8.10966641e-02
  4.15542245e-01  2.12282449e-01 -1.07634567e-01  9.39033553e-03
 -3.44436206e-02  2.65823919e-02  1.05784111e-01  1.49014980e-01
 -6.10640235e-02 -1.99986622e-04 -3.94541956e-02  7.76174385e-03
  2.43990004e-01 -5.46880811e-02 -1.26158446e-02  2.62318313e-01
  6.55125380e-02  9.75084864e-03 -1.75507218e-02  1.42253608e-01
 -1.27609938e-01 -4.89052832e-02 -9.89722684e-02 -3.10311336e-02
  1.24270730e-02 -6.12246804e-04  4.80506346e-02  1.91834733e-01
 -1.96138784e-01  2.85689414e-01 -5.93799837e-02 -1.80644933e-02
  1.15766283e-02  6.14188686e-02 -3.77843454e-02 -8.27211514e-02
  1.94416732e-01 -1.64990559e-01  9.49480534e-02  2.34133393e-01
  5.18652424e-02  1.62161648e-01  5.94311133e-02  1.14629425e-01
 -1.85044184e-02 -2.91403495e-02 -1.94075510e-01 -1.09369501e-01
  1.55883599e-02 -1.03845812e-01  6.01653904e-02  6.80122077e-02]