[ 1.79553386e-02  1.93890296e-02 -2.78241243e-02 -8.99381638e-02
 -6.73706308e-02  2.38285400e-03  1.89860798e-02 -4.50402461e-02
  9.14517790e-02 -7.40016922e-02  2.32687160e-01 -4.01371457e-02
 -2.46581197e-01 -1.05864815e-01  8.27435553e-02  1.26537949e-01
 -5.91708124e-02 -9.57267433e-02 -2.41828382e-01 -7.32261240e-02
 -4.34573218e-02 -1.48532344e-02 -9.21329577e-03  5.26687093e-02
 -5.07783778e-02 -2.57117391e-01 -1.17399529e-01 -7.84047469e-02
  7.64942020e-02 -1.05892465e-01  2.92378925e-02  7.76283592e-02
 -1.10132352e-01 -2.97986716e-02  7.39672035e-02  9.73065272e-02
 -8.81160572e-02 -1.21418096e-01  2.55421579e-01  2.68565342e-02
 -1.08757965e-01  2.53207535e-02  7.80811533e-03  2.05595210e-01
  1.90248936e-01 -3.02344910e-04  4.66507226e-02 -9.17120650e-02
  1.55463293e-01 -2.74564087e-01  1.46722034e-01  1.53459415e-01
  1.07475810e-01  1.10655680e-01  8.43900368e-02 -1.35049149e-01
  1.34797826e-01  1.70808345e-01 -2.82501370e-01  8.57633874e-02
  4.31003757e-02 -1.73701420e-01 -1.26052350e-01 -2.37224922e-02
  9.77779627e-02  1.72632784e-01 -4.56672721e-02 -2.30209261e-01
  2.11427957e-01 -1.81459591e-01 -4.10802513e-02  7.94371441e-02
 -1.47874966e-01 -1.69567123e-01 -2.49022797e-01  7.84576312e-02
  4.09322590e-01  2.29145423e-01 -1.92778334e-01  5.01123779e-02
 -2.52792705e-02 -7.63439909e-02  1.17351905e-01  4.81495745e-02
 -4.55258787e-02 -1.65689334e-01 -1.00831501e-01  7.14291036e-02
  1.78391069e-01 -6.40731156e-02 -2.49082875e-02  2.13039339e-01
  2.70734318e-02  3.72662283e-02  3.54562923e-02 -4.85256910e-02
 -1.44496467e-02  6.24713534e-03 -7.60591105e-02  6.85841264e-03
  7.04313144e-02 -1.17497869e-01  2.05518845e-02  1.65214464e-02
 -1.27420321e-01  1.76425666e-01  2.67035561e-04 -1.59107521e-02
  1.77549087e-02 -6.53107613e-02 -1.04372144e-01  1.99585920e-04
  2.11198732e-01 -2.32506856e-01  2.30460808e-01  1.63178161e-01
  6.82685077e-02  8.24183002e-02  9.23915058e-02  1.39554068e-01
  7.22934678e-02 -9.86022204e-02 -2.22368628e-01 -3.27123590e-02
  1.71694402e-02  5.54607064e-02 -1.39554255e-02  5.44839017e-02]