[-0.08979196  0.0336568   0.06097602 -0.04566361 -0.18056628 -0.05508489
  0.0045222  -0.03069153  0.23189829 -0.06877688  0.16104591 -0.00479991
 -0.18510942  0.13104814 -0.05788251  0.1527417  -0.18607523 -0.2011036
 -0.04092791 -0.04528037  0.04122603  0.0355357  -0.03726123  0.11450396
 -0.15172896 -0.26720232 -0.10294102 -0.09127931  0.09977006 -0.03964256
 -0.00777845  0.08332691 -0.15519762 -0.00334258  0.11154472  0.12028379
  0.01268649 -0.11925011  0.16749389  0.09183863 -0.30254656 -0.04389456
  0.0751324   0.26447991  0.16435768  0.05235335  0.05487122 -0.09504536
  0.16704337 -0.26328501  0.078972    0.20691523  0.08237     0.12751728
  0.07706502 -0.23103577  0.07249632  0.13140436 -0.18475571  0.06750403
  0.11389174  0.00841194  0.1209413  -0.07000808  0.21690588  0.09089539
 -0.12742124 -0.11226855  0.20402351 -0.20426013 -0.09033167  0.11283033
 -0.14785665 -0.19576943 -0.25066197 -0.0250457   0.47749332  0.21272318
 -0.0770286   0.06843549 -0.06511201 -0.00222727  0.02525427  0.1767578
 -0.05009899  0.08910505 -0.09233031 -0.00586714  0.27820081  0.01505484
  0.01383813  0.23488337  0.00095009  0.03123762  0.01168027  0.09049829
 -0.09348057 -0.04104138 -0.10308842 -0.04858389 -0.11247861 -0.0078753
 -0.00467936  0.09561674 -0.20453431  0.1355546  -0.02094991  0.00194619
 -0.16160063  0.04982774 -0.01396982  0.01019611  0.12356255 -0.26190379
  0.20162541  0.16514598  0.03735001  0.13114166  0.01807211  0.04123188
  0.0069559  -0.1434914  -0.09574613 -0.07374744 -0.02428637 -0.08207639
  0.02367965  0.06259579]