[-0.06876078 -0.03285517  0.05886852 -0.10281008 -0.17841855 -0.08262914
 -0.01780674 -0.02951483  0.10956481 -0.09302441  0.14288627 -0.09458856
 -0.22464098  0.04997075 -0.12964332  0.17673434 -0.12710108 -0.18933792
 -0.10753606 -0.07586452  0.03139368  0.10990931 -0.03118263  0.06920718
 -0.1321696  -0.3568472  -0.01287792 -0.05352709 -0.00104801 -0.02587612
  0.06606992  0.21881422 -0.15849437  0.03087928  0.07992057  0.04517259
 -0.07440811 -0.09058649  0.20721786  0.14826751 -0.24021204 -0.0062683
  0.05346956  0.34985974  0.14806166  0.03943837  0.05366336 -0.05901907
  0.14641283 -0.35868907 -0.01545417  0.20292531  0.03366884  0.06746542
  0.06112375 -0.08123085  0.07399086  0.11280185 -0.26057622  0.09823139
  0.03397726 -0.12918159 -0.05015367 -0.17928788  0.25461668  0.07620294
 -0.13574016 -0.08317086  0.24742372 -0.15147954 -0.13244094  0.06438181
 -0.11221222 -0.1212557  -0.24106404 -0.03944532  0.37389499  0.1283361
 -0.080675    0.07555293 -0.05995362 -0.01196098 -0.04595226  0.102859
 -0.06968185 -0.01519912 -0.02753858  0.02660818  0.24151531 -0.03728845
 -0.01617442  0.26838413  0.02283224 -0.03126148  0.0010355   0.03197066
 -0.12945291 -0.04429946 -0.07988653 -0.04974588  0.0462309  -0.0725984
  0.04164034  0.10544221 -0.20223829  0.22310209 -0.08290795  0.00225534
  0.02051526 -0.00505134 -0.02740848 -0.01260211  0.10282244 -0.21284965
  0.19145647  0.15009442  0.13847545  0.10147591  0.02131724 -0.03111567
 -0.03977553 -0.05932845 -0.16975777 -0.13880427  0.06100503 -0.0338762
 -0.0203458   0.06328797]