[-1.07596874e-01  9.65089127e-02  1.86929572e-02 -1.11814313e-01
 -1.48831397e-01  3.91371027e-02 -1.79603677e-02 -8.33424628e-02
  1.80835336e-01 -4.73587699e-02  2.34588757e-01 -3.01133655e-02
 -2.57069916e-01 -1.45700544e-01  9.50154811e-02  1.22036323e-01
 -1.34075716e-01 -1.40678421e-01 -4.66568843e-02 -6.75312877e-02
  1.13060087e-01 -3.18967085e-03 -2.99516302e-02  9.20165926e-02
 -1.25607327e-01 -3.51962149e-01 -9.60308611e-02 -1.09752133e-01
  1.41272634e-01 -1.11373022e-01 -3.12241763e-02 -1.04682455e-02
 -1.89347655e-01 -8.70675147e-02  1.82383284e-02  1.35855496e-01
 -1.52293041e-01 -1.32707566e-01  1.56593874e-01 -5.46321347e-02
 -1.53881028e-01  1.21348538e-04  1.73250809e-02  1.91550493e-01
  1.63889498e-01  2.50748247e-02  7.15871975e-02 -7.14842975e-02
  1.97649106e-01 -2.48185679e-01  1.36496708e-01  1.84817448e-01
  2.06566587e-01  9.83423144e-02  1.14556484e-01 -1.93804935e-01
  3.15274410e-02  2.41945654e-01 -2.57558256e-01  1.49113283e-01
  5.93254492e-02 -1.06895268e-01  6.61969930e-03 -7.55388811e-02
  1.44289568e-01  8.11543316e-02 -1.24960184e-01 -1.04269348e-01
  1.60999298e-01 -9.37144905e-02  2.73454003e-04  8.23400468e-02
 -1.62734419e-01 -2.54010499e-01 -2.75042444e-01  1.31425649e-01
  3.80753368e-01  1.68735743e-01 -1.88384905e-01 -5.02056740e-02
 -1.78520177e-02  5.30745508e-03  4.90908697e-02  6.95045814e-02
 -4.53507118e-02 -1.58317715e-01 -1.47932291e-01  4.95762527e-02
  1.55227244e-01 -7.36958161e-02  6.78228810e-02  2.70200074e-01
  2.81709246e-02  7.87989870e-02 -4.35701497e-02  8.62876400e-02
 -1.28489375e-01  2.47076359e-02 -1.65706612e-02  4.39729840e-02
 -1.05131790e-03 -1.37486726e-01  3.04476451e-03  7.96057060e-02
 -1.35916024e-01  1.52505025e-01  2.23657098e-02  2.41282694e-02
 -6.46150708e-02 -7.58412182e-02 -9.86458957e-02 -5.26095629e-02
  1.32583618e-01 -2.55136728e-01  2.31746927e-01  2.12448642e-01
  4.02529240e-02  1.77707821e-01  2.88169235e-02  7.77898878e-02
  5.39333932e-02 -1.46095067e-01 -1.78739622e-01 -1.83216259e-02
  5.45393378e-02 -2.58316398e-02 -7.41957128e-02  4.31330539e-02]