[-0.073888    0.11951809  0.0928491  -0.08992007 -0.21585986 -0.05094229
 -0.06384346 -0.02625995  0.15700833 -0.09870484  0.16389748 -0.06806912
 -0.24683657 -0.03046363 -0.00867872  0.25909826 -0.16795804 -0.16189608
 -0.08506884 -0.08002015 -0.00522596  0.16358554 -0.05290749  0.06679623
 -0.15085045 -0.37660754 -0.00045952  0.01157952 -0.12825894 -0.11860118
  0.009191    0.23428501 -0.1112338  -0.02540891  0.10157895  0.16367689
 -0.07711193 -0.10873171  0.13487951  0.12964231 -0.30609471 -0.05939414
  0.15858442  0.39045632  0.24647543 -0.06598901  0.01249879 -0.02948982
  0.18596131 -0.33025035  0.00442833  0.13581857  0.05158586  0.03844834
  0.11906088 -0.17717046 -0.01721179  0.14338405 -0.18737327  0.00091288
  0.10187162 -0.21480027 -0.04658992 -0.17330983  0.20409378  0.07373577
 -0.1236674  -0.16869764  0.1749308  -0.1167452  -0.14321841  0.08069906
 -0.14940354 -0.17714305 -0.39491844  0.00877423  0.34060112  0.12092984
 -0.11597285  0.03004172  0.04710213 -0.01619053 -0.00499895  0.22355892
  0.03085864  0.00511803 -0.08589926  0.07249463  0.22158755 -0.05634328
 -0.02313177  0.25274256  0.00515757 -0.00605266 -0.02568354  0.01413439
 -0.13617451  0.02998788 -0.19517811 -0.01761966  0.00134395 -0.08170105
  0.00515344  0.1503956  -0.17602655  0.15086882  0.00867837  0.00993831
 -0.05325905 -0.0630511  -0.088627   -0.02462943  0.14560938 -0.21447213
  0.11918137  0.16158749  0.10978661  0.14754255  0.08381703  0.01182312
  0.0254045  -0.09595457 -0.16332513 -0.03528568  0.05081701 -0.03466628
 -0.01042222  0.07321064]