[-0.03622705  0.03223754  0.0505757  -0.03929522 -0.06197109  0.10415713
 -0.02344769  0.00328528  0.14676453 -0.15747268  0.17144579  0.00742268
 -0.21800163 -0.04377291  0.05128213  0.10290481 -0.04428445 -0.1173878
 -0.11210554 -0.11801344 -0.00157528  0.14964892 -0.00886904 -0.00488759
 -0.18287732 -0.27840576 -0.09042475 -0.14456649  0.0716427  -0.07167272
 -0.06616558  0.06256371 -0.07032916  0.00389495  0.08650462  0.10868092
 -0.0610591  -0.10375509  0.21551873  0.03235544 -0.09946877  0.01416702
  0.02392776  0.30654013  0.11103441 -0.03170548  0.08930358 -0.02460372
  0.17489371 -0.24355036  0.15979674  0.09166049  0.15672246  0.11303946
  0.15489161 -0.14377668  0.0515669   0.14202313 -0.18840075  0.11496389
  0.02356446 -0.02044201 -0.09857108 -0.0292161   0.17252651  0.11602595
 -0.10264012 -0.20643738  0.17293759 -0.16000758 -0.07581522  0.12323506
 -0.15010418 -0.12527059 -0.183221    0.05086213  0.40382451  0.2166291
 -0.22559652  0.06525972  0.00994292 -0.05381076  0.08867282  0.12651381
 -0.04407679  0.02270418 -0.05282556  0.05834671  0.21257496 -0.00778108
 -0.07935775  0.20447156  0.08950934  0.01324639  0.06629217 -0.01703819
 -0.05810752 -0.09414183 -0.08660458 -0.06240241  0.07599419 -0.06380396
 -0.0459568   0.10717069 -0.18977803  0.31912225 -0.03984934 -0.00099208
  0.00933816 -0.00203865 -0.05493633  0.07530148  0.17507003 -0.26717249
  0.06052612  0.09537551  0.04066287  0.13976079  0.02793549  0.05781189
  0.04691403 -0.0194408  -0.26380995 -0.15344036  0.02221284 -0.02274364
  0.01798851  0.05738802]