[-2.16492079e-02  6.94415271e-02  1.04346294e-02 -5.96427843e-02
 -1.01672441e-01  4.03783098e-02 -4.65375781e-02 -2.71334779e-04
  1.42605320e-01 -1.06420815e-01  1.54734433e-01 -1.04449771e-01
 -2.28704825e-01 -1.70582847e-03 -1.78442728e-02  2.29443386e-01
 -1.08097203e-01 -2.64563799e-01 -6.17285185e-02  3.29106487e-03
  3.38252783e-02  1.69935226e-02 -5.22198305e-02  1.40018061e-01
 -1.03125118e-01 -3.96593958e-01  2.17166189e-02 -1.82220377e-02
 -3.37112285e-02 -7.45911077e-02  3.29380706e-02  1.76836133e-01
 -2.11828977e-01  2.96297297e-02  5.89588061e-02  1.86112881e-01
  1.04724495e-02 -1.28740892e-01  2.49159470e-01  8.91341493e-02
 -3.65914613e-01 -1.73993744e-02  1.26664937e-01  3.10822636e-01
  1.64423659e-01 -2.34380886e-02 -6.29623048e-03  5.74455187e-02
  1.04870945e-01 -3.70803207e-01  3.42109874e-02  2.13225141e-01
  7.14878887e-02  1.11505352e-01  4.07109782e-02 -1.39330372e-01
  1.04993030e-01  3.66020761e-02 -1.99811399e-01 -5.14873154e-02
  5.18341213e-02 -4.68041487e-02  1.02936856e-01 -7.05596805e-02
  2.68357396e-01  9.37480032e-02 -8.30676109e-02 -1.17550418e-01
  1.37316972e-01 -1.78780288e-01 -7.34054670e-02  1.31830111e-01
 -1.21258095e-01 -1.54753670e-01 -2.76943952e-01  1.12797003e-02
  3.55181754e-01  1.61973432e-01 -1.24682792e-01  1.02094106e-01
  1.01655326e-03 -3.71864215e-02  6.37583062e-02  1.27248108e-01
  5.79653345e-02  4.70033437e-02 -7.32691363e-02  2.76314765e-02
  3.17341447e-01  2.91620865e-02 -4.93754521e-02  2.45680794e-01
  1.70041807e-02 -3.97273488e-02  4.81847525e-02  9.08029228e-02
  1.56036159e-02 -1.36214718e-02 -1.64067462e-01  2.44888179e-02
 -4.30112332e-02 -6.68319222e-03 -3.74577567e-02  9.48924795e-02
 -2.55378336e-01  1.08768113e-01 -3.14308964e-02 -5.20386826e-03
 -2.47211419e-02  9.48479846e-02 -9.67003331e-02 -3.52615640e-02
  1.09518617e-01 -2.68757522e-01  1.60144538e-01  1.45088047e-01
  3.50961275e-02  6.70974180e-02  7.58543834e-02  4.34227474e-02
  4.03177179e-02 -1.51444241e-01 -1.49233148e-01 -1.38367653e-01
  4.91086543e-02 -1.09967645e-02  1.63265504e-02  6.90229610e-02]