[-0.09392092  0.178956    0.09890398 -0.12817855 -0.11140437  0.10595131
 -0.07691751 -0.00680832  0.08352812 -0.04794814  0.28208312 -0.12996794
 -0.28857207 -0.0021279   0.04338721  0.13328074 -0.14774655 -0.08272958
 -0.14008099 -0.00728328 -0.02127576  0.04435869  0.0058275   0.048503
 -0.10202862 -0.33703706 -0.04924788 -0.02964674  0.01981359 -0.15902556
  0.01950118  0.00291727 -0.19211225  0.01746227  0.04294988  0.09743804
 -0.12931256 -0.06916563  0.20427623  0.01309508 -0.17720054  0.03034429
  0.04646283  0.25458518  0.15148413  0.0573758  -0.00519251 -0.08857703
  0.11380579 -0.23568764  0.06046686  0.23823521  0.13377514  0.07774291
  0.11010399 -0.12508941  0.04148283  0.14523338 -0.14937715  0.00846052
  0.03516033 -0.031369   -0.01934547 -0.16165566  0.18156958  0.10492469
 -0.13115993 -0.19287461  0.12541431 -0.05522013 -0.11484578  0.1481766
 -0.15271544 -0.15496938 -0.32562408  0.0123897   0.35454762  0.09478599
 -0.23703672 -0.03557896 -0.00250993 -0.06375794 -0.00723123  0.11654466
 -0.11271523 -0.05631443 -0.03639381  0.05036145  0.18707539 -0.05844743
 -0.04130145  0.11274579  0.03465706  0.01812013 -0.00362678  0.00258203
 -0.06663454 -0.05978785 -0.14244871 -0.00422563 -0.04994857 -0.07511457
 -0.09293693  0.12686105 -0.22683403  0.21455699  0.05721261 -0.09929279
 -0.06456953  0.04517386 -0.07401446  0.03317386  0.17289129 -0.34986719
  0.20029661  0.19985902  0.03115957  0.06033356  0.07891871  0.08098069
 -0.01307482  0.04544327 -0.14662704 -0.16966088  0.02997488 -0.00381745
  0.02556918 -0.00254275]