[-0.11400817  0.08563766  0.04344024  0.03323338 -0.15221323 -0.0835993
  0.0431871  -0.13318673  0.19210839 -0.09681321  0.07725004 -0.03162478
 -0.19503304 -0.10328157  0.0510862   0.132912   -0.07621685 -0.21274586
 -0.16799901 -0.07285401 -0.05034227  0.00536274 -0.0099823   0.03127258
 -0.08072278 -0.34059799 -0.12274829 -0.08135295  0.02883609 -0.1134424
 -0.04446093  0.10404665 -0.13985062 -0.17702748  0.01693855  0.07696383
 -0.05765308 -0.03525352  0.17909017 -0.04408897 -0.21627498 -0.00125371
  0.11497548  0.3264699   0.31588873  0.01486729  0.00748629 -0.04995929
  0.16067435 -0.24782638  0.08222907  0.08449622  0.14187549  0.09224731
  0.13787936 -0.09954779  0.003791    0.11116941 -0.21837024  0.0924141
  0.1340594  -0.17747419 -0.05573863  0.0036793   0.21908398  0.14523274
 -0.05626644 -0.1167436   0.19446735 -0.22619505 -0.04210825  0.0005028
 -0.09845611 -0.09473729 -0.35870939  0.01401156  0.43516168  0.10209431
 -0.14688072 -0.00479432 -0.04485593  0.01826423  0.09580939  0.07745102
 -0.08638546 -0.13064069 -0.11322876  0.05861281  0.19857696  0.00481145
 -0.03424283  0.13277374  0.03500105 -0.04789203  0.05453388  0.09894647
 -0.08996823 -0.01233891 -0.14430916  0.03218334  0.06838877 -0.09241024
  0.05267811  0.11281305 -0.09683327  0.13346849  0.00912063  0.06036457
 -0.01359517 -0.04507117 -0.08371706 -0.0198877   0.11931648 -0.20698155
  0.19809927  0.09988536 -0.1158565   0.11154422 -0.03197736  0.10120609
 -0.01540917 -0.03357925 -0.11008061 -0.05888958  0.04229336  0.03386631
  0.06734989  0.1106975 ]