[-0.09943764  0.09850622  0.04631472 -0.04243826 -0.12168904  0.10279514
 -0.05836198 -0.0881843   0.10611588 -0.06619646  0.3013058  -0.03055665
 -0.24755806 -0.03456033  0.02491846  0.1515817  -0.12888622 -0.05106232
 -0.05353074 -0.03823333 -0.00046115  0.0609512  -0.02368779  0.00478504
 -0.20165795 -0.28233895 -0.04983711 -0.09430904 -0.03960711 -0.06050408
  0.04626623  0.0988038  -0.0445326   0.03505877  0.08603998  0.0805976
 -0.06749205 -0.00972872  0.19718592  0.01196449 -0.20143677 -0.00132095
  0.09362172  0.2894555   0.16015816  0.00487872  0.06238393 -0.0591246
  0.10060789 -0.25202391  0.07264483  0.12851459  0.15331553  0.07080282
  0.10023366 -0.15594591 -0.03049359  0.17553821 -0.12435757  0.05157215
  0.06606924 -0.01738769  0.01478927 -0.0811173   0.21463369  0.11463758
 -0.15072644 -0.12525453  0.15467174 -0.06432841 -0.15126371  0.11404124
 -0.19425815 -0.20612241 -0.30518711  0.01825966  0.36799449  0.1006178
 -0.20490533 -0.08608589 -0.023312   -0.01909828  0.03830415  0.06416849
 -0.01090565 -0.15345758 -0.00951632 -0.02886322  0.28154606 -0.06011469
 -0.03074046  0.17668089  0.04243402 -0.06146618 -0.04339259  0.04158326
 -0.03065773 -0.01907325 -0.10229312 -0.03805385 -0.05185902 -0.10187519
  0.01522736  0.16202104 -0.31443989  0.23118915  0.03237284 -0.02640223
  0.0251889   0.05577315 -0.07139588  0.05681538  0.22434115 -0.28426716
  0.19557042  0.18874975  0.08909915  0.09956767  0.03894309  0.04808893
 -0.01030036 -0.00252304 -0.15795627 -0.12458753  0.00665325 -0.07101454
 -0.01969778  0.03338171]