[-0.15304248  0.07508676  0.02581972 -0.08390224 -0.08832243  0.01568083
 -0.06820141  0.01007777  0.10710695 -0.09574381  0.18948852 -0.040311
 -0.26781636 -0.08525119  0.02351987  0.12592418 -0.10231193 -0.07109462
 -0.1145674  -0.14748862 -0.01884301  0.11986528 -0.02308114  0.05972216
 -0.12700686 -0.4213843  -0.04201619 -0.03462735 -0.08944697 -0.1369134
  0.00533616  0.1108037  -0.13532028 -0.05885285  0.07548717  0.13036866
 -0.04058807 -0.06907696  0.18129031  0.09059565 -0.09464756 -0.03095639
  0.1151842   0.33049899  0.17611219  0.01852455 -0.01033432  0.00126446
  0.20080581 -0.27638     0.08240203  0.11684228  0.11113851  0.03216298
  0.13122374 -0.10309924 -0.01247312  0.14316346 -0.13304813  0.01476593
  0.01694631 -0.08080488 -0.12451414 -0.07724491  0.18826251  0.13509075
 -0.1033802  -0.13364372  0.13221672 -0.08057832 -0.05641437  0.06879988
 -0.11644138 -0.15569517 -0.20157294  0.13550986  0.37840039  0.1438255
 -0.1886507  -0.0288855  -0.03464468 -0.03546285  0.0940619   0.0191601
 -0.09375244 -0.0785718  -0.04122125  0.07494089  0.2212317   0.07096933
 -0.10507266  0.18346579  0.03511585  0.05383066  0.08372231 -0.03601965
 -0.11195683 -0.0271149  -0.17804255 -0.04659608  0.12023728 -0.1078817
 -0.01550178  0.09132951 -0.18881427  0.16597229  0.02247176 -0.02576863
  0.06383223  0.03945335 -0.18179573  0.00136248  0.14044729 -0.23257464
  0.1400214   0.10831404  0.05781281  0.17282028  0.1198054   0.03636173
  0.04280192 -0.02548216 -0.12190975 -0.12129375  0.12288368  0.04427969
  0.06481711 -0.03488662]