[-5.53117134e-02  1.49785150e-02  5.54215815e-03 -9.65449065e-02
 -9.65325385e-02  1.97191648e-02 -3.54005471e-02 -9.40685496e-02
  2.45643392e-01 -1.68612853e-01  1.91864654e-01  2.15965323e-02
 -2.02647194e-01 -3.83184850e-03 -7.76103735e-02  2.07817659e-01
 -2.23348677e-01 -1.88938007e-01  3.24086193e-03 -3.26688681e-03
  1.73344966e-02 -1.12926005e-04  6.88565746e-02  1.45672053e-01
 -1.34178430e-01 -4.23880249e-01 -1.24598771e-01 -6.97994977e-02
 -5.48321046e-02 -4.46281284e-02 -5.18682450e-02  1.14764437e-01
 -2.10691631e-01 -5.90819679e-03 -3.42353992e-03  1.04917891e-01
 -1.02961771e-02 -1.46648467e-01  1.96159482e-01  5.02659604e-02
 -2.87435085e-01 -5.62012196e-02  8.76279399e-02  2.72521794e-01
  1.83545679e-01 -4.94338386e-02  3.74449901e-02  3.12103052e-03
  9.91952494e-02 -2.86993563e-01  5.54506816e-02  1.12715758e-01
  1.21000350e-01  3.96662392e-02 -7.27290288e-03 -1.02827422e-01
 -4.01059631e-03  1.14303350e-01 -1.02620468e-01 -2.75663845e-02
  2.43965909e-02 -7.59171173e-02  4.01382446e-02 -7.72577152e-02
  2.18624413e-01  1.36329755e-01 -1.30623892e-01 -7.23313540e-02
  1.74316227e-01 -1.45251021e-01 -6.85602054e-02 -2.28491202e-02
 -1.70699000e-01 -2.48503566e-01 -2.91867912e-01  4.35538031e-03
  4.35927331e-01  1.84223443e-01 -7.43891001e-02  1.06314965e-01
 -6.34903535e-02 -1.09590562e-02 -5.65573154e-03  2.06560373e-01
 -3.34836729e-03  1.04620412e-01 -5.69164306e-02  1.32585198e-01
  2.35305145e-01 -2.46395376e-02 -5.63189462e-02  2.32198209e-01
 -4.16231677e-02  8.71650130e-02  2.59596016e-02  8.51534009e-02
 -2.89025251e-03  7.43873715e-02 -1.72285512e-01  1.16550796e-01
 -4.31538038e-02  3.09076607e-02 -8.42622295e-03  9.54846963e-02
 -1.85087204e-01  1.10184014e-01  2.53525861e-02 -4.31949422e-02
  2.70369276e-02  6.91264346e-02 -1.09555304e-01 -9.28115994e-02
  8.66164491e-02 -2.50092357e-01  1.15383625e-01  1.93008333e-01
  4.28361818e-02  2.10548073e-01  5.30062728e-02  5.47377504e-02
  6.01853989e-02 -1.20490089e-01 -2.21221849e-01 -4.14744578e-02
  1.10931046e-01 -2.76082959e-02  5.93146607e-02  6.10318184e-02]