[-0.15094815  0.02706449  0.08213607 -0.08385287 -0.16487364 -0.00450859
 -0.07998471 -0.05480547  0.11891716 -0.20078065  0.16021386 -0.08548057
 -0.23129834  0.04076722 -0.05740051  0.25250509 -0.17402607 -0.12093343
 -0.03166832 -0.05706769  0.03909456  0.05978912 -0.02923049  0.04591229
 -0.12845558 -0.3908675  -0.05120492 -0.07985472 -0.07083809 -0.09503778
  0.03936249  0.03822474 -0.10308165  0.04824317  0.00265452  0.00308637
 -0.03908486 -0.08967238  0.21915564  0.06228381 -0.33017617 -0.03320688
  0.10005609  0.2150006   0.1060553   0.07177743  0.00476282 -0.08341185
  0.13403042 -0.29700765 -0.04413457  0.12130199  0.01196432  0.02737099
  0.01309282 -0.11611085  0.04279344  0.07870287 -0.24201266  0.04881601
  0.07532096 -0.12255982 -0.02686495 -0.05392468  0.21836859  0.11787093
 -0.16408175 -0.12237725  0.1682632  -0.18466039 -0.09654147  0.05152128
 -0.06903984 -0.24024247 -0.30756551 -0.03209372  0.32863387  0.15304884
 -0.10480846 -0.02118802 -0.00133512 -0.0270104   0.0724743   0.22833331
 -0.00067767 -0.05733284  0.0101775  -0.01816949  0.19498721 -0.03205251
 -0.00402823  0.26057914  0.02343221  0.04957147 -0.06913058  0.14407897
 -0.16002822 -0.00384019 -0.04987143  0.0109318   0.0473036   0.00912618
  0.04749331  0.15423521 -0.20235324  0.22020178 -0.093148   -0.04369279
  0.00768386  0.06481297 -0.03093484 -0.04421884  0.08999942 -0.17708267
  0.12756425  0.25386229  0.03399144  0.13372083  0.11025608  0.01487457
  0.00467148 -0.03526526 -0.25844511 -0.10783203  0.03975641 -0.08523145
  0.01450592  0.01765619]