[-0.07577308  0.06786451  0.07204622 -0.03370277 -0.05332088  0.0209541
  0.02002464  0.02646102  0.14195532 -0.12703773  0.2849969   0.01539509
 -0.21009877 -0.00691772 -0.01939904  0.15803625 -0.16481158 -0.10163024
 -0.09542374 -0.10442729  0.04658334  0.04985426 -0.0150679  -0.02964491
 -0.09954529 -0.3842397  -0.07099162 -0.08515474  0.14501728 -0.14017263
  0.07035472  0.07308345 -0.04776902  0.03471634  0.03454037  0.02543299
 -0.0564786  -0.09042286  0.27517608  0.08299735 -0.1962551   0.10038784
  0.01216885  0.40642887  0.13507599  0.00528377  0.02168559 -0.08524483
  0.09156151 -0.24158248  0.03903827  0.16388942  0.02156273  0.09363596
  0.13935123 -0.14892483  0.04396039  0.09581421 -0.21013924  0.03912811
  0.03405799 -0.00405003  0.05333438 -0.09840775  0.19417383  0.07237944
 -0.12858716 -0.11772528  0.11205034 -0.11832943 -0.03800475  0.05931783
 -0.17045857 -0.14356868 -0.23274361  0.06218715  0.3504709   0.18501078
 -0.11008584  0.03297404 -0.01541447 -0.05777548  0.12898441  0.11235285
 -0.12667945 -0.04199807 -0.02067414  0.05291297  0.13674209  0.04085441
 -0.08426794  0.18877558 -0.01505639  0.00210145  0.01066573  0.00452648
 -0.159058   -0.02885896 -0.15673339 -0.08442189  0.01068528 -0.09635834
  0.03907258  0.15781257 -0.21082017  0.17202432 -0.02035165  0.00249828
  0.01369759  0.10022592 -0.08454876  0.0591955   0.13404238 -0.23065653
  0.2210494   0.23311457  0.10999046  0.07932082  0.1577802  -0.0340515
 -0.05878921 -0.01027619 -0.19401509 -0.00630993 -0.00632124 -0.00060828
  0.05629103 -0.01037967]