[-9.38707143e-02  1.66722946e-02  8.84857923e-02  4.21538297e-03
 -9.30831283e-02  1.73667874e-02  1.68338902e-02 -5.50651662e-02
  1.24325171e-01 -1.35065466e-01  1.13183036e-01  9.68242437e-03
 -2.57577121e-01  1.84282586e-02  6.20067865e-02  1.21025391e-01
 -4.85379025e-02 -1.28773317e-01 -1.86209977e-01 -8.72902870e-02
 -1.50786396e-02  2.54419334e-02  1.50087932e-02  4.89126332e-02
 -6.85727894e-02 -3.15995693e-01 -7.89357722e-02 -6.88614324e-02
  1.06825903e-02 -3.44893411e-02 -2.37875432e-02  3.76571156e-02
 -8.93772095e-02 -3.31899449e-02 -2.11011395e-02  2.21325606e-02
 -1.17086023e-01 -1.16385311e-01  2.66060501e-01  1.50092812e-02
 -1.50160909e-01 -3.87634560e-02  6.26652762e-02  2.84357697e-01
  1.53315157e-01  1.79880597e-02  7.00886548e-02 -9.17983241e-03
  1.18994996e-01 -3.10124427e-01  7.39040449e-02  9.80780572e-02
  7.24237710e-02  1.39452681e-01  1.12365089e-01 -1.63482919e-01
  7.19338879e-02  1.14222802e-01 -1.36516303e-01  2.01845124e-01
  5.07785231e-02 -1.66872263e-01 -3.50658596e-02 -7.66484216e-02
  2.28345275e-01  1.07958995e-01 -6.27611801e-02 -1.29062742e-01
  6.25488982e-02 -1.77347481e-01 -9.51940864e-02  6.53840750e-02
 -1.36843875e-01 -1.62545398e-01 -2.87393212e-01 -6.64513744e-03
  3.44530970e-01  2.30829835e-01 -1.68056384e-01 -2.28642374e-02
 -6.41949549e-02 -1.20929871e-02  1.51657522e-01  5.55102713e-02
 -5.75150251e-02 -5.81298321e-02 -1.09418549e-01  1.25923147e-02
  2.68273741e-01 -4.88627702e-03 -9.73801911e-02  2.40927652e-01
  7.11633712e-02 -1.27132982e-02  6.69169286e-03  2.33873189e-03
 -5.50503917e-02 -6.59904927e-02 -1.46096870e-01 -2.41940282e-02
  7.51105994e-02 -9.99132469e-02  3.89192253e-02  3.21342330e-03
 -2.04352438e-01  1.69675305e-01 -1.17382901e-02  5.46654612e-02
  2.17254087e-02 -4.68653161e-05 -2.45698437e-01  4.38774712e-02
  2.11097017e-01 -1.94489330e-01  1.58409372e-01  2.05182031e-01
  8.42807516e-02  1.10774688e-01  1.04850657e-01  4.69612516e-02
 -4.72127125e-02 -1.67007595e-02 -1.39050037e-01 -5.36352992e-02
  9.36190337e-02  6.16677850e-02  9.78111923e-02  1.10809393e-01]