[-3.61464769e-02  1.27399964e-02  2.57429294e-02 -4.18290123e-02
 -1.09265134e-01 -1.66526306e-02  5.13550974e-02 -1.37189507e-01
  1.18035324e-01 -9.11951140e-02  1.34681359e-01 -3.15072984e-02
 -3.60836387e-01 -4.82110009e-02  4.07743007e-02  2.02289581e-01
 -1.01784073e-01 -2.27800310e-01 -1.12743884e-01 -8.88169780e-02
  5.02949245e-02 -2.04576645e-02  2.97785662e-02  1.25662342e-01
 -1.15667343e-01 -2.12170511e-01 -7.50109181e-03 -1.00419074e-01
 -2.07577571e-02 -1.24705337e-01 -4.03334796e-02  1.24494888e-01
 -1.71381548e-01 -1.17172655e-02  3.90845239e-02  1.01227343e-01
 -5.51255085e-02 -1.89425111e-01  2.42102459e-01  1.60203949e-02
 -2.27158412e-01 -2.24712975e-02  9.56797451e-02  1.88575506e-01
  2.49969184e-01  1.85524649e-03  2.91956328e-02 -3.99856493e-02
  1.52648658e-01 -4.10733849e-01  7.15132505e-02  1.02645949e-01
  6.59030527e-02  1.32108420e-01  2.40093656e-02 -3.29445124e-01
  4.82671410e-02  8.57312679e-02 -2.60309100e-01  8.27056542e-02
  1.83619354e-02 -1.72773406e-01  1.98903903e-02 -3.10203712e-02
  2.49956056e-01  1.40928209e-01 -1.22965768e-01 -1.38034657e-01
  1.67306453e-01 -2.36200407e-01 -8.27336907e-02  1.03016384e-01
 -1.62147418e-01 -1.72353148e-01 -2.86545545e-01  3.00786402e-02
  3.23762745e-01  1.80009544e-01 -1.24493957e-01  4.16732579e-02
 -5.27843498e-02  2.45737135e-02  2.61401106e-02  1.41198128e-01
  7.18008876e-02 -8.55872780e-02 -9.64016095e-02 -2.72959247e-02
  2.38208309e-01 -6.38829023e-02 -6.96948916e-02  3.20276320e-01
  1.84560753e-02  9.58167017e-03  5.09708188e-05  6.39885888e-02
 -4.36417870e-02 -5.30188903e-04 -9.68389288e-02  1.27286762e-02
 -8.04129988e-02 -5.21272235e-02  3.90229560e-02  8.61947760e-02
 -1.62580237e-01  7.38196149e-02 -8.50983784e-02  1.34334946e-02
 -8.31144154e-02 -7.30668977e-02 -1.10964455e-01 -1.75693817e-02
  8.48031491e-02 -3.32941383e-01  2.44929343e-01  2.37662286e-01
  7.68722519e-02  1.02822766e-01  9.60079953e-03  5.98071776e-02
  1.16477869e-01 -7.01446608e-02 -1.69271305e-01 -4.01804484e-02
  1.06330320e-01  5.58261294e-03 -2.28842534e-02  1.11315154e-01]