[-7.10039362e-02  2.18906663e-02  3.70975509e-02 -5.22688702e-02
 -1.15566656e-01  1.81771582e-03  2.24811025e-03 -1.51057849e-02
  1.94438055e-01 -2.00201184e-01  9.02537405e-02 -9.36215669e-02
 -2.02342421e-01  1.02227598e-01  2.79075969e-02  1.68771878e-01
 -8.27004388e-02 -2.07403660e-01 -1.13751337e-01 -1.20937094e-01
  3.33743021e-02  1.72610413e-02 -8.86942819e-02  1.27917111e-01
 -1.84231296e-01 -3.45648110e-01 -5.80385923e-02  1.97927970e-02
 -7.68686384e-02 -4.75602560e-02 -1.73043646e-03  1.44036695e-01
 -1.83014944e-01  7.99006689e-03  5.39909303e-02  9.74651426e-02
 -1.41679132e-02 -4.79949452e-02  2.00488895e-01  5.50735854e-02
 -2.54250705e-01 -2.00084597e-03  1.58800244e-01  2.93852597e-01
  1.62714928e-01  1.05294287e-02  7.67167658e-05  2.56555974e-02
  1.44035548e-01 -3.10143948e-01  2.07211487e-02  1.74109250e-01
  6.64144829e-02  8.78234506e-02  1.11199021e-01 -1.42467946e-01
  1.08235460e-02  1.20588988e-01 -1.32530779e-01  5.77597134e-02
  4.82327677e-02 -9.51174349e-02 -3.75421792e-02 -1.07373267e-01
  2.19561070e-01  1.08080983e-01 -1.09374121e-01 -1.42182112e-01
  1.62762091e-01 -1.61855653e-01 -8.05657059e-02  3.01867090e-02
 -1.39136821e-01 -1.86931416e-01 -2.92011052e-01  2.06970684e-02
  3.77330244e-01  1.82384193e-01 -1.13271475e-01  1.39564902e-01
  1.73937529e-02  5.92304859e-03  5.14595695e-02  1.17917329e-01
 -3.51170041e-02  5.52554578e-02 -8.65918864e-03  1.22603685e-01
  2.41016045e-01  6.17798939e-02 -4.67038751e-02  1.96270719e-01
  2.70398334e-04 -6.83439616e-03  8.20663199e-03  3.03358622e-02
 -9.62787494e-02 -6.16368651e-02 -2.16139808e-01 -7.67768361e-04
 -9.63579863e-03  7.90878199e-03  1.68639654e-03  1.02394372e-01
 -2.47517556e-01  1.96480095e-01 -3.96852270e-02 -1.13000991e-02
 -9.45666581e-02  1.19639777e-01 -1.34751007e-01  4.94463407e-02
  8.59264061e-02 -2.58059770e-01  9.16193873e-02  1.44480616e-01
  2.18369439e-02  1.17210805e-01  7.15215802e-02 -1.19725820e-02
  7.13361502e-02 -1.41558452e-02 -1.90354183e-01 -1.04045488e-01
  6.89829439e-02 -3.27020101e-02  5.98969981e-02  7.86235631e-02]