[-3.16346437e-02  3.00529655e-02  2.36385278e-02 -1.04131378e-01
 -1.64089635e-01 -2.83221044e-02 -6.81407526e-02  4.85500544e-02
  1.82632774e-01 -1.35388985e-01  1.23720266e-01 -8.30558538e-02
 -2.18370974e-01  7.93510303e-02 -1.18413806e-01  2.41364062e-01
 -1.67563021e-01 -1.89759642e-01 -5.37945814e-02 -5.64436615e-03
  7.01724589e-02  5.86224049e-02 -7.75270835e-02  1.04590878e-01
 -1.14564672e-01 -4.11016911e-01 -5.31402975e-02 -1.15411624e-01
 -1.82323158e-02 -8.96886662e-02  3.88685055e-03  9.85473394e-02
 -8.58880505e-02  1.01085566e-02  6.05629124e-02  4.12685275e-02
 -7.06133898e-03 -1.34693906e-01  2.50563532e-01  1.45489082e-01
 -3.15664053e-01 -1.85298230e-02  8.99049640e-02  3.42500657e-01
  1.53752878e-01 -6.65336940e-03  9.52928960e-02 -6.00354746e-02
  1.72960073e-01 -2.65212089e-01 -2.59532705e-02  1.71492338e-01
  1.18406303e-01  9.04055014e-02  7.68934265e-02 -9.65822786e-02
  8.43993574e-02  1.26071721e-01 -2.31712505e-01  3.21931057e-02
  8.22637677e-02 -5.79382516e-02  1.14257392e-02 -9.33229700e-02
  2.55319923e-01  2.67275777e-02 -1.36955455e-01 -1.34856656e-01
  2.21827030e-01 -1.56011388e-01 -1.16161183e-01  1.58733912e-02
 -1.35683119e-01 -1.53065369e-01 -2.69036621e-01 -3.56915221e-02
  3.67587417e-01  1.80812150e-01 -1.20670587e-01  1.10185400e-01
 -6.72022402e-02 -3.93976308e-02  2.28401385e-02  1.72172114e-01
  2.67984346e-04  1.66031606e-02 -4.58042026e-02  1.02220830e-02
  2.24822462e-01 -4.84622754e-02  4.27869335e-02  1.67389646e-01
  2.20175050e-02 -4.57862113e-03 -2.23284662e-02  6.44800588e-02
 -1.81058794e-01  2.69672908e-02 -8.71913433e-02 -1.88071933e-03
 -1.19478945e-02 -4.28853557e-03  3.11016329e-02  1.13914244e-01
 -2.24914312e-01  1.59424201e-01 -5.18298224e-02 -4.16019000e-02
 -3.16030234e-02  8.83095115e-02 -6.46482855e-02 -5.37457913e-02
  1.17209598e-01 -1.93819448e-01  1.06388196e-01  1.73574090e-01
  7.06376359e-02  9.42072421e-02  8.29349458e-02  1.66423637e-02
 -7.24577252e-03 -8.21791291e-02 -2.41427585e-01 -9.86036658e-02
  2.86394805e-02 -5.38434740e-03 -7.34733231e-03  3.10647711e-02]