[-0.17801668  0.15287837  0.08578646  0.02680484  0.00540883 -0.10117146
  0.02406166 -0.04210087  0.15517762  0.05180244  0.25837097  0.00517517
 -0.15273644 -0.19246525 -0.0389769   0.11304568 -0.18635643 -0.14898285
 -0.01327995 -0.105019    0.10299397  0.07938347 -0.0694926   0.05661625
 -0.10144912 -0.30706611 -0.01301338 -0.15382974  0.11228378 -0.10766213
  0.06995407  0.10017284 -0.13376905 -0.01550151  0.01539383  0.03399782
  0.10294368 -0.00271498  0.15742247  0.08970989 -0.12554245 -0.05648542
 -0.02184999  0.34935004  0.1270346  -0.02312371  0.02310986 -0.02491465
  0.03094481 -0.16799051 -0.0043666   0.22590309  0.10351238  0.04909444
  0.00373186 -0.10590181 -0.03237621 -0.03033911 -0.22521706  0.05815681
  0.09328751 -0.07712413 -0.12213946 -0.0752255   0.20347181  0.04308647
 -0.14510669 -0.14520282  0.13349184 -0.14633822 -0.11723161  0.08655716
 -0.09360272 -0.06399769 -0.24991749  0.07232811  0.39591667  0.0714746
 -0.21215622  0.02793626 -0.23719019 -0.02535459  0.00354623  0.02440163
 -0.083763    0.03079979 -0.10166577 -0.02699934  0.13865192  0.09097346
 -0.05115415  0.18288937 -0.00786629  0.00245461 -0.01180791 -0.01619608
 -0.00643215 -0.02500546 -0.00112171 -0.08369427  0.02943955 -0.11496302
 -0.00199394  0.09337906 -0.21984531  0.1607774   0.08609933  0.04953337
  0.04931363  0.08420642 -0.11884531 -0.02554363  0.16498244 -0.22813457
  0.2430194   0.15235928  0.13147843  0.09514251  0.05101805  0.07405055
 -0.08624328 -0.08905046 -0.06249341 -0.07588458 -0.00789672 -0.07209419
  0.00572716  0.00864793]