[ 0.00497259  0.05902156 -0.02271686 -0.07605289 -0.10528172 -0.01290804
 -0.10944562 -0.04427607  0.20844249 -0.13355121  0.15369983 -0.04652962
 -0.24212882  0.04478541 -0.05387526  0.13894404 -0.12814897 -0.1558532
 -0.06154009  0.03276896  0.10447887  0.04740177  0.01293397  0.09904873
 -0.12573615 -0.44737428 -0.07076015  0.00896418 -0.04921861 -0.06107007
  0.03114559  0.19479357 -0.1934419   0.0105003   0.02444224  0.09613353
 -0.08313967 -0.13302509  0.20785789  0.14875928 -0.24951369 -0.01733229
 -0.00051587  0.2820271   0.15573069  0.03895659  0.10348064 -0.12903728
  0.1511513  -0.34041113  0.05715813  0.24502143  0.05136578  0.10532208
  0.05340879 -0.18109822  0.07948197  0.12241068 -0.2339229   0.03040984
  0.02113776 -0.07779423 -0.00782166 -0.11958317  0.28473747  0.1641207
 -0.10693634 -0.1472767   0.23732924 -0.11060096 -0.07215454  0.0856279
 -0.13834554 -0.2328026  -0.24657701  0.01602741  0.29068843  0.1411299
 -0.12399253  0.10052691 -0.11288442 -0.00045573 -0.02755508  0.14780781
 -0.00252635 -0.02877126 -0.07566127  0.02063634  0.23620856 -0.04224156
 -0.03079968  0.2959578   0.02768078 -0.01374304  0.04200738  0.08314997
 -0.17070371  0.0167536  -0.12348113 -0.04092421  0.04703044 -0.0262778
 -0.02848448  0.12819356 -0.20779631  0.21505088 -0.07852085 -0.01752573
  0.06996831 -0.05543016 -0.06124683 -0.08920872  0.09476887 -0.29532313
  0.17526698  0.08856882  0.09132865  0.20397365  0.02938143  0.13757357
 -0.00489278 -0.09930316 -0.22839047 -0.06874263  0.0574693   0.06825116
 -0.10686921  0.03393791]