[-0.10272211  0.06814916  0.10342209 -0.0169086  -0.02403044 -0.11726511
 -0.00643437 -0.10377987  0.08131849 -0.02629706  0.33617446  0.00665786
 -0.11106388 -0.15215218  0.04674171  0.12761794 -0.16317528 -0.03809452
 -0.02703923 -0.00603528  0.07723996  0.04802557 -0.03491834  0.04579958
 -0.09759639 -0.3646974  -0.09283046 -0.1371325  -0.02392169 -0.15172079
  0.01276479  0.06360507 -0.19573423 -0.0308488  -0.05166751  0.01611353
  0.03384278 -0.04444116  0.12578601  0.0526103  -0.18792242  0.00630603
 -0.04242916  0.27268204  0.21762402 -0.05898698  0.00594395 -0.03177984
  0.03655826 -0.17791025  0.03621399  0.05653253  0.12525041  0.05135623
 -0.02707785 -0.07589588 -0.002893    0.03325558 -0.24120204 -0.01421638
  0.05811112 -0.11649083 -0.04944949 -0.01038635  0.22114892  0.11023933
 -0.11067312 -0.06258458  0.09116241 -0.09923213 -0.05665644  0.04167677
 -0.15307307 -0.20172799 -0.3005864   0.11711744  0.34326935  0.10383295
 -0.31476375 -0.04176192 -0.17574129  0.02707382  0.1352545   0.0499465
  0.05383126 -0.00191729 -0.10069868  0.07405619  0.14916341 -0.020167
 -0.04817146  0.24863309 -0.04669242  0.0044888   0.01555633  0.02942208
  0.02064828  0.02804665 -0.05461677 -0.01945376  0.07621057 -0.03096981
 -0.01533083  0.16078696 -0.21119918  0.18360855  0.06766289 -0.0010951
  0.07980273 -0.02705751 -0.04529608 -0.06913434  0.11224444 -0.21582651
  0.22817527  0.15642333 -0.00349251  0.1530167  -0.04797099  0.06731211
 -0.10926909 -0.11709046 -0.17960708  0.03602967  0.1021697   0.02816129
  0.06326915 -0.02523057]