[-0.09985573  0.19853286  0.02390164 -0.02444032 -0.10421664 -0.0179792
  0.02556757 -0.09334232  0.15536076  0.01002695  0.27735147 -0.01238259
 -0.19475496 -0.04960873  0.00152453  0.10673885 -0.16679095 -0.08928481
 -0.11578879 -0.03496737 -0.02444427  0.00958514  0.01697908  0.00607482
 -0.06984968 -0.37371582 -0.07989168 -0.07508662  0.17596039 -0.07438994
  0.00284485  0.07427444 -0.22598979 -0.13451438  0.06235999  0.08120579
 -0.09316051  0.00312997  0.19335645  0.04572231 -0.1307814   0.07883127
  0.03894927  0.32709774  0.18943702  0.15590845  0.01918651 -0.14268364
  0.08686877 -0.24581556  0.12315048  0.13292117  0.14712879  0.04005693
  0.087473   -0.20186853  0.03911783  0.05786693 -0.30506006  0.06424002
  0.11769656 -0.00669118 -0.09272259 -0.09712189  0.25355536  0.14310324
 -0.0827412  -0.13293229  0.21655366 -0.13989419 -0.01257263  0.09786932
 -0.05795695 -0.17870623 -0.27945325  0.09228522  0.40521154  0.19181722
 -0.16298245 -0.01243788 -0.05825237 -0.01229777  0.09623677  0.01463058
 -0.14091602 -0.10254532 -0.07748438 -0.00071282  0.14554818  0.01041956
 -0.06742726  0.19114013  0.01028294  0.03312961 -0.00146939  0.00125937
 -0.11578926  0.00759314 -0.17673697 -0.05924538  0.03649538 -0.05643798
 -0.00281088  0.13984832 -0.19369504  0.15076029 -0.00348249 -0.02166842
  0.02267056 -0.02691832 -0.09588134 -0.01322637  0.16212483 -0.3381328
  0.2971988   0.17512648 -0.01457718  0.10691702  0.10059556  0.03641287
  0.03357551 -0.03673498 -0.21573578 -0.08964851  0.06780116 -0.11104001
  0.03660828  0.02507562]