[-0.1889694   0.08955436  0.06016926 -0.04856576 -0.18741457 -0.01155396
 -0.03186001 -0.06619118  0.06438388 -0.08679173  0.2095437  -0.02583735
 -0.31343958 -0.04975894  0.07199452  0.13822591 -0.08647279 -0.16594243
 -0.08942011 -0.14093056  0.06828218  0.10665185  0.03552616  0.08162576
 -0.15159254 -0.33785045 -0.03978648 -0.07944026 -0.02799782 -0.02117583
 -0.0026294   0.06944004 -0.08303166  0.00512411  0.05353054  0.0879618
 -0.07235202 -0.0564519   0.23134169  0.0481527  -0.1864942  -0.01478684
  0.07041968  0.30101794  0.20729315 -0.00174746  0.11795314 -0.06159992
  0.11324368 -0.24579298  0.06897852  0.18881965  0.04088351  0.00358475
  0.16094778 -0.14716622 -0.01663625  0.17527215 -0.17332779  0.06741705
  0.10882986 -0.11452492 -0.05598985 -0.14653815  0.27794012  0.09807851
 -0.13644367 -0.17906803  0.20884494 -0.1170251  -0.19733156  0.10092504
 -0.17401212 -0.12558937 -0.28899014  0.07348946  0.39195004  0.13348496
 -0.1578465   0.07004901 -0.02476926 -0.00683687  0.07208189  0.11634254
 -0.05599397 -0.05927348 -0.13354197  0.00046181  0.17909665  0.02755695
 -0.03475367  0.23974714  0.09037705  0.00873474  0.11152688  0.06556899
 -0.14711624 -0.06004705 -0.14430986 -0.04751219 -0.00055299 -0.12267122
  0.03647175  0.09047627 -0.13691016  0.17376484 -0.08771626  0.03017388
 -0.11171762 -0.03478146 -0.0846438   0.05513027  0.09072054 -0.26924136
  0.11554626  0.10283186  0.08111393  0.13745327  0.10596402  0.05153206
 -0.02464278 -0.00858797 -0.20331794 -0.09276728  0.0570848  -0.0196987
  0.06441152  0.11768007]