[-5.06834798e-02  1.02792256e-01  2.74238363e-02 -8.84996653e-02
 -6.81795403e-02 -3.93881500e-02 -1.71667617e-03 -1.38009921e-01
  1.79885566e-01 -1.29038498e-01  1.56294852e-01 -1.79438032e-02
 -2.03014478e-01 -5.69126979e-02  3.94957140e-02  1.41386122e-01
 -1.65091947e-01 -2.16927469e-01 -5.75289875e-02  5.83246350e-03
  4.33218144e-02  2.56520640e-02 -5.92179364e-03  1.41387001e-01
 -1.02992184e-01 -3.40311468e-01 -1.36240810e-01 -6.47080168e-02
 -1.98053028e-02 -6.88031241e-02 -3.30432132e-03  1.54061571e-01
 -1.48667172e-01 -9.30870324e-03  7.65642524e-02  9.57927927e-02
  6.06830325e-03 -1.52921170e-01  1.80476233e-01  4.81006410e-03
 -2.63407797e-01 -1.01984322e-01  1.05972394e-01  3.38761061e-01
  2.77300626e-01 -1.04380757e-01 -1.98593177e-02 -9.82978847e-03
  1.92318946e-01 -2.94095010e-01  5.82522564e-02  1.46870390e-01
  5.28388210e-02  6.37557507e-02  1.62045479e-01 -1.22607194e-01
  6.24334328e-02  2.51562130e-02 -2.09693059e-01 -4.03909609e-02
  3.22629213e-02 -1.21260971e-01  4.94098011e-03 -1.34408012e-01
  1.39673978e-01  9.62422416e-02 -8.76492411e-02 -2.02364445e-01
  1.73956767e-01 -2.00179428e-01 -6.14222698e-02  1.08819723e-01
 -2.11575657e-01 -1.66932642e-01 -3.20708990e-01 -4.82399538e-02
  4.32415485e-01  1.99029118e-01 -1.23737812e-01  1.10906728e-01
 -4.01176028e-02 -9.03570279e-02  4.34110910e-02  1.33660048e-01
  6.19510114e-02  3.21792327e-02 -1.19038798e-01  1.14856072e-01
  2.54379749e-01 -3.42005789e-02 -8.04561228e-02  2.15383798e-01
 -6.18756264e-02 -4.77302186e-02  4.45760749e-02  5.84163405e-02
 -5.28181195e-02  1.14664380e-02 -2.27818608e-01  9.48159117e-03
 -3.83922085e-02 -9.19327140e-03 -5.63868470e-02  1.64769813e-01
 -1.83739722e-01  1.31152794e-01  4.60444726e-02 -9.02142748e-03
 -8.33453536e-02 -6.79129511e-02 -1.74788386e-01 -3.69734887e-04
  1.17843896e-01 -2.48386905e-01  1.14814356e-01  8.80000964e-02
  4.34928797e-02  8.26527253e-02 -4.78497483e-02  1.72695816e-02
  8.02658685e-03 -1.44034445e-01 -1.62737504e-01 -7.45900944e-02
  6.12330548e-02  2.26306655e-02  5.10523655e-03  7.62083847e-03]