[-1.10530294e-01  9.04457718e-02  1.78454090e-02  6.54857233e-02
 -3.95228155e-02 -7.98136741e-02  1.07462943e-01 -8.13730434e-02
  1.91154078e-01  1.45703815e-02  3.04001063e-01 -3.52977887e-02
 -1.65943071e-01 -9.26721022e-02  2.22460832e-02  1.08123928e-01
 -2.27902204e-01 -7.46635944e-02 -7.91067332e-02 -5.47267869e-02
  1.04777969e-01  3.91984219e-03 -3.43125649e-02  9.55824628e-02
 -1.08038321e-01 -2.89245337e-01 -8.23106468e-02 -1.61932066e-01
  1.67936727e-01 -1.21654131e-01  5.26272878e-02  6.92257956e-02
 -1.91481769e-01 -8.26591849e-02 -7.40300771e-03 -2.00430229e-02
  7.30746314e-02 -1.63265169e-02  2.07483307e-01  1.55812446e-02
 -1.81188777e-01 -2.30481233e-02 -5.18371910e-02  3.13303441e-01
  1.33607328e-01  1.69508811e-02  1.85566973e-02 -2.61276551e-02
  2.36787759e-02 -1.71951354e-01  1.88897885e-02  1.32026404e-01
  1.99631840e-01  3.41349514e-03 -4.95464057e-02 -1.30861118e-01
 -5.80854155e-02  5.55839054e-02 -1.92340091e-01  9.85051095e-02
  1.44710660e-01 -1.51161090e-01 -2.73064151e-02 -6.73409328e-02
  2.29634926e-01  1.98430829e-02 -8.23171213e-02 -9.05240700e-02
  1.70661584e-01 -1.52539000e-01 -6.24113381e-02  5.69847263e-02
 -1.04360916e-01 -1.49512142e-01 -2.87789732e-01  4.36748192e-02
  4.60566223e-01  1.11490473e-01 -2.34899744e-01  8.29951465e-03
 -2.24494964e-01  4.50576246e-02  5.01370542e-02  4.26613688e-02
 -6.85876831e-02  2.26625837e-02 -1.29952729e-01  1.55068627e-02
  2.03413427e-01 -6.96676038e-03 -2.57030968e-02  2.08397031e-01
 -2.73701437e-02 -3.20027545e-02 -8.24083574e-04 -1.12238139e-01
  1.33167226e-02 -4.58623096e-02 -1.77884400e-02 -4.33460996e-02
 -2.26214156e-03 -1.06994554e-01  2.99772397e-02  1.04891285e-01
 -2.50487685e-01  1.46720186e-01  4.37329561e-02 -2.56512314e-04
  5.46773709e-02  7.61461630e-02 -1.08897105e-01 -4.46358137e-02
  2.18935221e-01 -2.38742933e-01  2.23721936e-01  1.73389763e-01
  6.39275163e-02  1.32414296e-01 -1.74988117e-02  1.40252531e-01
 -9.48451310e-02 -3.18885930e-02 -1.52951345e-01 -2.61111185e-02
  8.43260139e-02 -7.60151818e-02  9.82459262e-02 -2.55741645e-04]