[-0.09989426  0.10085129  0.05660542 -0.04045335 -0.13778169  0.04465835
 -0.00435518 -0.2132142   0.13579415 -0.059063    0.23875457 -0.13301137
 -0.23379393  0.01993602 -0.0314586   0.1143999  -0.09861553 -0.1598171
 -0.0183271  -0.00659769 -0.02929034 -0.00902128 -0.00272632  0.02399841
 -0.09142305 -0.32836506 -0.08455912 -0.09941537 -0.05019922 -0.00705022
 -0.01200002  0.13246639 -0.14048147 -0.01257844  0.01591296  0.09992483
 -0.10547056 -0.03011124  0.21511553 -0.0159494  -0.20544766  0.00921838
  0.03427526  0.2958473   0.10128193 -0.01151239  0.00265455 -0.06161822
  0.0827125  -0.25710458  0.12543078  0.15754671  0.13419491  0.03441064
  0.05325893 -0.12851314  0.03114692  0.12936909 -0.17989536  0.10184287
  0.13364096 -0.10184529  0.03147564 -0.088489    0.24062771  0.16508515
 -0.0637508  -0.07572125  0.12185131 -0.05189515 -0.09881163  0.04088016
 -0.16764559 -0.24290603 -0.29056469  0.07789406  0.42418623  0.10272362
 -0.18805194 -0.01149848 -0.03492649 -0.0183374   0.10956116  0.05187685
 -0.04012816 -0.07014514 -0.1306724  -0.01981287  0.25475791 -0.08718128
 -0.07353946  0.21722902 -0.02766005 -0.01807977  0.01758396  0.05015758
 -0.01287589  0.00870704 -0.16630091 -0.01061345 -0.01113644 -0.09773812
 -0.05304909  0.10964029 -0.26202714  0.13249753  0.02336843 -0.02484348
 -0.01893927 -0.05625622 -0.07610622 -0.00291051  0.20101444 -0.278689
  0.17626391  0.1226769   0.07251941  0.16213039  0.03879536  0.00193136
  0.01548244 -0.05196346 -0.1769273  -0.07261067  0.11628022  0.04382016
 -0.01334013  0.12046049]