[-0.07638706  0.07705897  0.06560672  0.00291327 -0.18126081  0.15236126
 -0.10955202  0.01036096  0.19784498 -0.14657658  0.18299174 -0.078038
 -0.20052773  0.07331998 -0.08115825  0.16975783 -0.12848556 -0.14568737
 -0.04070312 -0.02794985  0.01075419 -0.00813903 -0.01957881  0.05516423
 -0.16748288 -0.44459754 -0.00411892 -0.10024883 -0.0723803  -0.06401907
 -0.0492517   0.08260838 -0.13180453  0.02988456  0.03382545  0.14346088
 -0.02972156 -0.01920985  0.16410346  0.00676297 -0.267396    0.03823195
  0.08451445  0.25913432  0.19706702  0.03383089  0.02111748 -0.03131272
  0.16888835 -0.27585512  0.04926283  0.21733329  0.04990578  0.10871669
  0.10265406 -0.12158407 -0.00903087  0.10148881 -0.06873192 -0.01761228
  0.04786063  0.03721477  0.03024415 -0.11228868  0.22921938  0.1050575
 -0.09796912 -0.1878477   0.16331209 -0.11472368 -0.0432777   0.10104793
 -0.17581013 -0.20391752 -0.19844614  0.05607327  0.44079301  0.16739376
 -0.11395925  0.04777667 -0.07763912 -0.04982019 -0.02847237  0.10100307
  0.05452133  0.00208861 -0.03586335  0.02704878  0.21842371 -0.02307794
  0.01760014  0.18464808  0.00615802 -0.02939386  0.01181702  0.08809664
 -0.15336794  0.04069788 -0.18387811 -0.06450163 -0.04216674 -0.01363331
  0.00049724  0.05784352 -0.26416215  0.20339483 -0.07295392  0.02482814
  0.00949061  0.09002745 -0.05837815  0.02801067  0.18767841 -0.2874845
  0.12978734  0.10907985  0.08759235  0.15401003  0.07486609  0.068119
  0.01979458 -0.02362716 -0.19406125 -0.12013371 -0.04375534 -0.0328156
 -0.06150301  0.05858608]