[-0.10175876  0.04629955  0.05920944 -0.02643984 -0.06084899 -0.05617259
 -0.04041065 -0.04754516  0.14338224  0.0122131   0.20631766 -0.00669661
 -0.29521435 -0.14427316  0.0450002   0.1297553  -0.10038611 -0.05059042
 -0.07483111 -0.13461213  0.0646923   0.09445883  0.02110274  0.08910516
 -0.11034296 -0.35103276 -0.02654596 -0.14749359 -0.05704547 -0.11329123
  0.00835951  0.10281857 -0.10835882 -0.14316176  0.06718279  0.1404649
 -0.09141814 -0.07922237  0.20535819 -0.01331924 -0.12533614 -0.078806
  0.11866381  0.28131911  0.12990797 -0.00428466  0.0767965   0.01121759
  0.19624218 -0.27207959 -0.00579916  0.14126478  0.13110512  0.12989616
  0.07134242 -0.17678472  0.07673561  0.22990093 -0.32399631  0.11748853
  0.04987982 -0.16830361 -0.05307808  0.0170856   0.23223872  0.08627583
 -0.13214706 -0.08557888  0.08588196 -0.12505734 -0.01639395  0.15596041
 -0.17837942 -0.25594044 -0.25262442  0.08206201  0.34452593  0.12044932
 -0.11178253 -0.02694909 -0.05722985 -0.0031698   0.03401252  0.02254382
 -0.04504929  0.01592353 -0.08168648  0.06745663  0.16766341  0.03029484
 -0.01710518  0.26752102  0.04951493  0.04539004  0.03856821  0.05442566
 -0.06418303 -0.03349597 -0.12077419  0.01207612  0.05314323 -0.17115147
  0.0837602  -0.02862668 -0.19593954  0.13498831  0.00433089  0.02010275
 -0.05108927 -0.08018716 -0.12177731  0.02508201  0.21310432 -0.26709899
  0.21347505  0.18920931  0.10746811  0.18975355 -0.00711088  0.00436615
 -0.03305442 -0.15601487 -0.09971371 -0.02828217  0.09923054 -0.00202075
  0.0812031  -0.01119571]