[-4.12840024e-02  2.77244914e-02 -5.54540241e-03 -1.11203626e-01
 -5.76422550e-02 -2.75949668e-02  4.73266877e-02 -1.29200205e-01
  1.62419423e-01 -7.57300407e-02  2.58898109e-01 -1.11933440e-01
 -2.43819118e-01 -7.13982433e-03 -3.07769924e-02  1.78006530e-01
 -2.26474568e-01 -1.62844285e-01 -1.03316538e-01  2.97187958e-02
  7.50068128e-02  2.10137535e-02 -1.58906337e-02  1.05120249e-01
 -8.37473050e-02 -2.97187030e-01 -8.88669342e-02 -7.32906312e-02
  9.47906226e-02 -1.89330764e-02  5.03913611e-02  1.37076214e-01
 -1.35193184e-01  1.28795197e-02  6.75889179e-02  4.69551906e-02
 -8.93922374e-02 -1.48870632e-01  2.40832746e-01 -2.12095007e-02
 -2.59384334e-01  3.17684235e-03  7.17756599e-02  2.34526828e-01
  1.68725356e-01  2.87909508e-02 -1.46387611e-02 -2.73926929e-02
  7.54159316e-02 -2.84104049e-01  5.56699485e-02  1.51316658e-01
  1.65283516e-01  8.75707492e-02  2.87067853e-02 -2.03465462e-01
  3.65775079e-02  1.93105951e-01 -2.52640247e-01  6.12647645e-02
  2.30281893e-02 -2.01196894e-01  7.62742236e-02 -7.22819343e-02
  1.99849203e-01  9.88249555e-02 -1.61718413e-01 -4.85330969e-02
  2.00124249e-01 -1.11763753e-01 -5.15913926e-02  3.63587216e-02
 -1.47195727e-01 -1.88412666e-01 -2.54396498e-01 -2.67721545e-02
  3.87323350e-01  1.15279764e-01 -1.59281492e-01  3.28975320e-02
 -6.48707524e-03  1.55666843e-04  8.54183268e-03  1.32961169e-01
 -6.21922761e-02 -1.17485009e-01 -1.29366696e-01 -4.92766201e-02
  1.80787876e-01 -4.72723246e-02 -3.13792005e-02  2.54598558e-01
 -5.25004938e-02 -4.75454256e-02 -4.54373192e-04  2.57733203e-02
 -6.73279017e-02 -4.32070084e-02 -5.79352602e-02 -3.06610763e-02
 -5.65772057e-02 -7.79384747e-02 -3.64588983e-02  1.32521540e-01
 -1.57858029e-01  1.56815663e-01  4.13148105e-03  9.89986397e-03
  5.62452478e-03 -6.51777955e-05  3.53016611e-03 -4.04277220e-02
  1.12588622e-01 -2.33420655e-01  1.90035343e-01  1.45788774e-01
  7.27187246e-02  1.68551922e-01  9.03397985e-03  7.78015703e-02
 -7.29085226e-03 -6.33617043e-02 -2.14302048e-01 -8.54196548e-02
  9.22456533e-02  1.00101586e-02  7.26893991e-02  6.31413907e-02]