[-0.0274841   0.05967263  0.09083953 -0.04170429 -0.10380081  0.023026
 -0.05084201 -0.08387886  0.15283503 -0.11954078  0.22613473 -0.00296117
 -0.13824376 -0.06700081 -0.03656378  0.14696681 -0.16626088 -0.13314664
 -0.03399883  0.03038215  0.05615796  0.07180698 -0.00340392 -0.05144408
 -0.09506018 -0.3059065  -0.06678585 -0.08943923  0.04998556 -0.02022174
 -0.06725971 -0.01052955 -0.15003048 -0.0170333   0.05895565  0.06072489
 -0.04205878 -0.02591611  0.16322269  0.02637716 -0.29013082  0.07091298
 -0.00483307  0.19341403  0.19477615  0.01969632 -0.00555647 -0.18397243
  0.1449371  -0.13695146  0.004486    0.16773967  0.06423581  0.08594306
 -0.01498919 -0.10887194  0.01741419  0.10983025 -0.10119075  0.01849239
  0.09092297 -0.04920136  0.02395842 -0.06976868  0.17833722  0.00992381
 -0.10527787 -0.24966328  0.08944256 -0.13490258 -0.13242546  0.11407117
 -0.15834109 -0.16209193 -0.23051687 -0.00226614  0.42519635  0.07492767
 -0.20379519  0.02575481 -0.08103883 -0.01836128  0.13456929  0.15608622
  0.02807818  0.03583283 -0.06235183 -0.06286877  0.27425763 -0.09991422
 -0.02150802  0.18467002 -0.02428983  0.13916054  0.00323499  0.00292542
 -0.03868594  0.0956545  -0.12004705 -0.05798294  0.00305409 -0.04448281
  0.01592172  0.1223391  -0.16352324  0.20533095  0.00172178  0.07636325
  0.06452946  0.01809122 -0.03716002 -0.02763709  0.16941549 -0.20010749
  0.27280456  0.18024935  0.11690381  0.08083999  0.13550834  0.06838808
 -0.04143494  0.01370096 -0.23609258 -0.01574892  0.03228074 -0.05085786
  0.07263229 -0.0078736 ]