[-0.00046144  0.00855028  0.05359221  0.00313941 -0.07441857  0.0477787
  0.0004459  -0.10543541  0.12128625 -0.06957615  0.10681958 -0.08246423
 -0.21861318 -0.02964014  0.06103036  0.08454129 -0.09187026 -0.05560043
 -0.09386982 -0.00693102  0.04743425  0.09385282  0.02296704  0.01875784
 -0.06103092 -0.35590315 -0.07227911 -0.15404019  0.0665419  -0.02683027
 -0.04063438  0.09820707 -0.13374884 -0.00107292  0.01082944  0.11757472
 -0.06657014 -0.10587181  0.18857914 -0.02715378 -0.17836778 -0.10036024
  0.02792645  0.15872774  0.11509023  0.03715672  0.06557169 -0.00907323
  0.07694076 -0.21404298  0.12932731  0.09745506  0.08696823  0.1175711
  0.10995635 -0.26581547  0.06321895  0.07914388 -0.22171745  0.11709069
  0.03990241 -0.1162113  -0.00324143  0.02721808  0.19271383  0.09675512
 -0.06930065 -0.10472378  0.06999851 -0.19264595 -0.01628404  0.04500238
 -0.14394528 -0.17371704 -0.33555681  0.01569498  0.32767493  0.14786415
 -0.18384045 -0.00815334  0.02191657 -0.02432689  0.16028094  0.14349484
 -0.02910889  0.02244231 -0.10749998  0.03352906  0.11099683 -0.0612632
 -0.03389606  0.23070821 -0.05906368 -0.02497924 -0.01730888  0.06223153
 -0.0471328  -0.01432149 -0.02226004  0.00280716  0.1505969  -0.09690342
  0.00536907  0.1130412  -0.2185427   0.11322623 -0.06319498 -0.01437524
  0.03497953 -0.121505   -0.12105067  0.0070158   0.2151109  -0.2393948
  0.13363798  0.15849158 -0.06536308  0.19111441  0.00768181  0.12451667
  0.00061135 -0.07091246 -0.23657304 -0.04549706  0.0569791   0.07466078
 -0.0258168   0.07072331]