[-0.18605183  0.0456795   0.01144821 -0.15580541 -0.13560593  0.00454036
  0.00349986  0.00293687  0.12874794 -0.07454456  0.20707151 -0.04553593
 -0.30849573  0.05649059 -0.0300305   0.11600852 -0.18574056 -0.1443066
 -0.06331564 -0.12098145  0.12516581  0.00538868 -0.05560894  0.11347929
 -0.14138843 -0.22959173 -0.03365254 -0.10356849  0.04788141 -0.14618966
  0.1080909   0.04458576 -0.16262814  0.02155839  0.01792632  0.03189588
 -0.06748932 -0.07397775  0.23870189  0.06020646 -0.19940172 -0.02150052
  0.02457287  0.29579872  0.10819216  0.06279153  0.02455812 -0.07231017
  0.10975525 -0.27664775  0.00649465  0.21604179  0.0712328   0.00666424
  0.05643352 -0.17792939  0.05224844  0.18052366 -0.26303911  0.14452738
  0.05341241 -0.11702011 -0.01394383 -0.09226245  0.20014179  0.05754298
 -0.16879085 -0.14169887  0.18682015 -0.1187434  -0.11227041  0.16580109
 -0.13392816 -0.21968354 -0.25583085  0.0438176   0.36500683  0.14393641
 -0.08134063  0.03405093 -0.02371044 -0.03327375  0.03190808  0.13446055
 -0.1487246  -0.02771575 -0.05691929  0.05358236  0.16611978  0.03033093
 -0.04836956  0.23304132  0.02332118 -0.02434521 -0.01705811  0.06654232
 -0.13240597 -0.07558374 -0.09820316 -0.0840641   0.01683675 -0.08010335
  0.0099705   0.14116335 -0.1794399   0.09735287 -0.08055913 -0.06812244
 -0.15640464 -0.00324901 -0.09028646  0.02863231  0.11381208 -0.26706511
  0.14630456  0.25125617  0.12703077  0.057688    0.12471864 -0.0706224
  0.04047617 -0.04577742 -0.1900793  -0.06112276  0.08893047 -0.02570535
  0.07633303 -0.02195447]