[-0.10572722  0.12513599  0.02731217 -0.01762805  0.02201665  0.0559978
 -0.04544239  0.02830698  0.11828721 -0.05208749  0.17960253 -0.05752606
 -0.2890203  -0.05290686  0.01898931  0.0947938  -0.16722922 -0.12971377
 -0.05819847 -0.01372732  0.12453352  0.01450601 -0.0784345   0.11951874
 -0.17705604 -0.32480347 -0.03748149 -0.1084347  -0.02255462 -0.17817312
 -0.01533678 -0.02142829 -0.16397046 -0.03675905  0.03658838  0.11540099
  0.03696908 -0.0734992   0.18819395  0.05098349 -0.14236285  0.0235721
  0.0905357   0.29854888  0.0986752   0.02587655  0.02869192 -0.03138469
  0.12177481 -0.22761336  0.0174343   0.17219138  0.13171919  0.09854755
  0.08386762 -0.17664224  0.01244508  0.07344469 -0.20944631  0.14144263
  0.03484255 -0.03311631  0.00607281 -0.01625474  0.14023721  0.02717996
 -0.14809629 -0.20289338  0.09183381 -0.17961043 -0.04889468  0.13081005
 -0.06958426 -0.19294548 -0.25694785  0.09466815  0.39996222  0.16159818
 -0.20547852  0.02995193 -0.06419756 -0.13417028  0.04184254  0.13064107
 -0.02999124  0.05234529 -0.08927712  0.07845484  0.21047471  0.09654304
 -0.00557147  0.19620195  0.02621684  0.00246553  0.03831953  0.050114
 -0.15678933 -0.0194397  -0.10777092 -0.0187091  -0.02734914 -0.09624564
 -0.01068461  0.10631707 -0.15568019  0.10237069 -0.01149697 -0.08595527
 -0.05726357  0.13505505 -0.19514644 -0.04466609  0.12994421 -0.30964366
  0.08437507  0.1818383   0.09348063  0.05348731  0.0884265   0.08168443
  0.07269503  0.01687147 -0.14781885 -0.11018348 -0.00478754  0.00311915
  0.04080527 -0.05023251]