[-0.12178753  0.02202538  0.05527344 -0.05192135 -0.14118855 -0.00235424
 -0.10533652 -0.1649936   0.18346117 -0.20312732  0.24962683 -0.07065779
 -0.20981726 -0.05214395 -0.03589359  0.25297734 -0.17245956 -0.16443129
 -0.03887037  0.00979867  0.00427932 -0.07097072  0.04334891  0.05144604
 -0.15384297 -0.43646196 -0.11768918 -0.01464926 -0.06728733 -0.04253291
 -0.1015805   0.08659781 -0.19165649 -0.03095203  0.01078701  0.11774358
 -0.005556   -0.09145289  0.16082688 -0.05891407 -0.34800515 -0.0021383
  0.0840781   0.22011377  0.17776909 -0.00848814  0.01411943 -0.0872227
  0.11760916 -0.25795317  0.0445594   0.0986748   0.08888931  0.0093403
 -0.02345729 -0.09060238 -0.01950172  0.17245901 -0.15236259 -0.02233491
  0.11630017 -0.124012   -0.02129495 -0.13159402  0.21694823  0.18114538
 -0.17682463 -0.14378688  0.08902274 -0.14018697  0.0124162   0.02053323
 -0.15828252 -0.28919044 -0.40690479 -0.00542802  0.34195718  0.14053786
 -0.12447237  0.0032195  -0.0249208   0.04685664  0.04920081  0.19193409
  0.01910809  0.05437489 -0.06305771  0.06655689  0.21827671 -0.07433366
  0.00434692  0.2824927  -0.03228054  0.05193438 -0.05517388  0.16124873
 -0.06852086  0.01151062 -0.12998107  0.09550919  0.00744591  0.03118785
  0.04508274  0.11023898 -0.17682923  0.11114906 -0.05031842  0.05351395
  0.06462122 -0.01871837 -0.04575816 -0.14042006  0.08255477 -0.25966841
  0.06878052  0.22241259  0.05481353  0.16700394  0.09086031  0.046204
  0.00490274 -0.05453653 -0.22444715  0.01468486  0.08552168 -0.05651363
  0.04410625  0.04940821]