[-0.09435324  0.09793401  0.03086453 -0.11775206 -0.14516248  0.09489775
 -0.06686658 -0.11490502  0.06724992 -0.06129201  0.23480737 -0.03589561
 -0.23107171  0.0298487   0.08601271  0.11149006 -0.14515279 -0.01663652
 -0.15031356 -0.0983786  -0.06817646  0.04232669  0.03649006  0.0408761
 -0.14774856 -0.26848948 -0.06559471 -0.03422011  0.08580404 -0.03691347
  0.0392579   0.00485819 -0.14049706  0.0311314   0.04325048  0.09877318
 -0.11976966 -0.06266704  0.21934196 -0.04172521 -0.15016565  0.00411638
  0.10358958  0.23595721  0.19338268  0.0565765   0.07377871 -0.05932835
  0.13256852 -0.26698685  0.12868239  0.09909803  0.14178389  0.06635413
  0.02851105 -0.16249052 -0.02651001  0.23022889 -0.14949842  0.09003458
  0.09080887 -0.02165281 -0.09051912 -0.09727173  0.33036658  0.17611669
 -0.22529036 -0.14341326  0.14771359 -0.0814361  -0.11948436  0.05688772
 -0.15974435 -0.18057716 -0.31633282  0.11437135  0.37730119  0.09632207
 -0.20824848 -0.04860156 -0.02716768  0.00866698  0.03510453  0.12590565
 -0.09648456 -0.12020689  0.01557215  0.03144856  0.25007856 -0.08495193
 -0.03862771  0.21942282  0.08045612  0.01189275 -0.06242711  0.07822262
 -0.06156019 -0.04118578 -0.12778111  0.01967762  0.06801668 -0.04190909
  0.04384478  0.15521954 -0.24436098  0.30389401  0.02531374 -0.02736001
  0.09123947  0.01112422 -0.0960307  -0.04496931  0.21365039 -0.32316831
  0.19206375  0.1987171   0.08710366  0.12645358  0.10776561  0.10718448
  0.10568085  0.10317048 -0.18142636 -0.08768956  0.08246107 -0.08296452
 -0.00083044  0.08865182]