[-1.19683437e-01  1.31590158e-01  6.17700219e-02 -6.80590943e-02
 -4.53983769e-02 -7.22710267e-02 -3.11286598e-02 -2.24540569e-02
  4.81419638e-02 -5.61675206e-02  2.99643219e-01 -1.43300921e-01
 -2.83941209e-01 -6.41967952e-02  4.34985645e-02  1.25161201e-01
 -1.26080483e-01 -3.89078222e-02 -1.09867021e-01 -4.45385873e-02
  1.17726311e-01  4.24078740e-02  3.31531726e-02  1.33049726e-01
 -7.66932219e-02 -3.40829432e-01 -5.71392216e-02 -4.32338454e-02
  3.92495394e-02 -7.40182474e-02 -2.77794674e-02  3.24427933e-02
 -1.43931732e-01 -9.97118652e-02  6.37729317e-02  1.63803399e-02
 -3.15181613e-02 -2.17985585e-02  1.78208038e-01 -4.43607047e-02
 -1.62507832e-01  1.01257928e-01  1.24800660e-01  2.73382485e-01
  1.76043257e-01  1.08927108e-01  1.53498836e-02 -4.42368053e-02
  8.79335254e-02 -3.00011843e-01  6.75341934e-02  1.38727397e-01
  1.05082601e-01  5.77202141e-02  1.17043078e-01 -2.14454606e-01
 -3.85875180e-02  1.50923207e-01 -1.85799137e-01  1.48562774e-01
  2.22381614e-02 -3.92365195e-02  2.94002574e-02 -8.33967030e-02
  1.64592147e-01  7.28156567e-02 -1.99868292e-01 -1.00711264e-01
  5.87986261e-02 -1.32963568e-01  1.83419194e-02  1.41776010e-01
 -1.24373682e-01 -2.08718136e-01 -2.50197440e-01  1.19985722e-01
  3.41947824e-01  1.36712387e-01 -1.82501987e-01 -2.00429671e-02
 -5.08369226e-03 -1.18418671e-02  3.39755043e-02  4.62359861e-02
 -8.33206773e-02 -8.51828307e-02 -8.94980207e-02  4.00496311e-02
  1.35942504e-01 -3.80364526e-03 -2.67676059e-02  3.15037876e-01
  4.39171679e-03  2.97242850e-02  2.69430857e-02  1.14252955e-01
 -1.52366564e-01 -7.03326836e-02 -1.40284941e-01  3.01011484e-02
 -2.10489146e-04 -1.68317661e-01 -2.20633261e-02  6.19362555e-02
 -1.76093683e-01  1.05443574e-01 -5.66509664e-02  1.09793618e-05
 -7.14825988e-02  9.51380357e-02 -1.09486066e-01  2.36717751e-05
  8.19806010e-02 -2.51069129e-01  2.00836241e-01  2.02387601e-01
  9.11813676e-02  1.22626364e-01  9.34570432e-02  2.05905158e-02
  7.13662431e-02 -7.77081680e-03 -4.63152453e-02 -1.16303757e-01
  6.76712170e-02 -1.26817189e-02  6.68606535e-02 -4.61840723e-03]