[-0.19306198  0.01482691  0.08424804  0.04062188 -0.03074121  0.07866553
  0.00581466 -0.06844147  0.04351679 -0.04980144  0.26875052 -0.09553318
 -0.2685678  -0.05437547 -0.01782724  0.12166908 -0.17184728 -0.11968114
 -0.07538821 -0.07093069  0.11098728  0.08059305 -0.07486197  0.00238513
 -0.16875717 -0.33684143 -0.01974835 -0.1515384   0.02188986 -0.05364441
  0.04215279  0.00633809 -0.11931781  0.06153292  0.04338259  0.08842066
 -0.03380815 -0.08026915  0.19892912 -0.05503714 -0.12556718  0.04348571
  0.03995497  0.27494475  0.10658488  0.03318004 -0.01999048  0.00300978
  0.15140532 -0.38890412  0.06099851  0.15429862  0.13458015  0.1040879
  0.13794917 -0.13691734 -0.02877549  0.08749227 -0.17826903  0.12840824
  0.00151306 -0.03322687  0.06189223 -0.14801233  0.17564781  0.08922649
 -0.19097477 -0.044294    0.09404022 -0.12896481 -0.07319394  0.06042761
 -0.12247098 -0.21488704 -0.2927444   0.08783636  0.42233673  0.15470155
 -0.21489269 -0.03648431  0.00671903 -0.00527583  0.0724066   0.06810425
 -0.01868647 -0.0539341  -0.07122874  0.02741584  0.21986088 -0.0047465
 -0.05656339  0.27463859 -0.02871623  0.02608106 -0.00119589  0.05197611
 -0.01852968 -0.0911967  -0.02112881  0.05528787 -0.00482294 -0.06074299
  0.02844714  0.10351954 -0.12790753  0.18070289 -0.06230055  0.04502803
 -0.01241827  0.01791698 -0.11095271  0.10377595  0.13663702 -0.29491153
  0.19615543  0.13889295  0.03359259  0.12219188  0.00448962 -0.00824006
 -0.02952055  0.01573891 -0.21128546 -0.14942138  0.02978546 -0.01787389
 -0.02184398  0.04122953]