[-0.159361    0.00100103 -0.01688594 -0.09234018 -0.10193916  0.04462083
 -0.02394113 -0.09809028  0.16870172 -0.10925146  0.21898547  0.02141209
 -0.2672058  -0.12462577  0.05371876  0.10483841 -0.11092523 -0.14555982
 -0.09994318 -0.05789291  0.02356873 -0.05435721 -0.04035045  0.04714325
 -0.14109999 -0.37830299 -0.03664866 -0.06475865 -0.03606059 -0.01745119
  0.04162673  0.04329468 -0.21573812 -0.0266014  -0.00311794  0.15193108
 -0.1163381  -0.08339269  0.2317588  -0.02542887 -0.17901306 -0.05223238
  0.0223545   0.24250096  0.15284136 -0.05091333  0.0437265   0.0097542
  0.18583533 -0.37992316  0.03843638  0.19528215  0.14614676  0.06230271
  0.07278673 -0.06699395  0.06112658  0.2191681  -0.2754637   0.05325652
  0.03001331 -0.12604129 -0.09383612 -0.10545363  0.21873415  0.19454415
 -0.15743178 -0.11578623  0.15985234 -0.12048455 -0.06046994  0.04010849
 -0.14330152 -0.29470563 -0.31952322  0.07658139  0.38044491  0.23246762
 -0.15461558  0.0137988  -0.10237732 -0.01016997  0.06433612  0.03204711
  0.01751838 -0.0566416  -0.06231294  0.08063753  0.2169074  -0.00242208
 -0.0256589   0.25221974  0.05598237  0.02826028 -0.05026563  0.04256248
 -0.01359446 -0.02183206 -0.12394115  0.06520788  0.02413714 -0.03320011
  0.08531845  0.05313377 -0.19838224  0.20916675  0.0205037   0.02354881
  0.02534007 -0.0796811  -0.10176667  0.00879945  0.10768836 -0.31381074
  0.21815667  0.17342398  0.07589819  0.16933155  0.04484754 -0.04281796
  0.03817479 -0.10115963 -0.22400035 -0.09171117  0.02702546  0.00583384
  0.00857621  0.05657375]