[-0.04879788  0.03262323  0.02856934 -0.04377776 -0.10821356 -0.01149431
 -0.01201861 -0.05030351  0.24329434 -0.15394031  0.16370361 -0.00620758
 -0.24778052  0.12696029 -0.07667996  0.18752107 -0.08437898 -0.12170327
 -0.0997398  -0.03310629  0.04995003  0.04422401  0.01391082  0.13590871
 -0.04975673 -0.35738814 -0.11282106 -0.06235002 -0.09151861 -0.09002395
  0.02862406  0.10348074 -0.04399301  0.06826076 -0.0179298   0.04518546
 -0.0901002  -0.09240369  0.26789773  0.10174597 -0.3031747   0.07043196
  0.01593233  0.32097882  0.19793864 -0.01389497  0.01130013 -0.01201149
  0.10313379 -0.30700141 -0.01941443  0.1956332   0.01236114  0.05959838
  0.07827042 -0.09239751  0.01281499  0.15542898 -0.14624465  0.04214423
  0.02191933 -0.13651866  0.02811039 -0.05553221  0.21335688  0.16305308
 -0.13960364 -0.0834465   0.1042503  -0.21754551 -0.1154175   0.04138771
 -0.20238148 -0.2401896  -0.20840557  0.03481312  0.43909815  0.17197613
 -0.105501    0.10088789 -0.01094636 -0.00810203  0.07548384  0.1849553
 -0.02011587 -0.02069814 -0.07206271  0.00775234  0.21791671 -0.01420559
 -0.04459484  0.29074565 -0.01056877  0.05052766  0.00227961  0.02756067
 -0.04991078 -0.03625821 -0.15307231 -0.03424824 -0.02695174 -0.02537949
 -0.00431048  0.03202641 -0.20407704  0.15701474 -0.03059063  0.02146364
  0.00193625  0.10619122 -0.09500847  0.00146461  0.16476506 -0.19950145
  0.16514334  0.17126082  0.05635569  0.1017044   0.0837674   0.03350756
 -0.00330716 -0.03661412 -0.1785174  -0.02315777  0.07200792  0.03313295
  0.04721514  0.02068918]