[-1.28282174e-01  6.69099838e-02 -2.15163920e-03 -1.17192082e-01
 -1.91106752e-01 -6.08039834e-03 -3.97016630e-02 -1.67439282e-01
  2.53687590e-01 -2.03648522e-01  2.41371587e-01  2.33156588e-02
 -2.36548319e-01  6.33781124e-03 -8.29110071e-02  1.19758382e-01
 -1.68190107e-01 -1.68348491e-01 -3.53297628e-02 -4.05351743e-02
  9.81508866e-02 -2.28118431e-02  1.07416816e-01  1.02756068e-01
 -8.02070647e-02 -3.34985197e-01 -9.09181312e-02 -7.94248804e-02
  7.01337904e-02 -1.07701063e-01  3.69638056e-02  2.43305042e-02
 -1.74631745e-01 -1.39889531e-02 -5.56530058e-03  3.42334807e-02
 -1.02264546e-01 -1.73774600e-01  2.40477413e-01 -8.34792256e-02
 -2.69372553e-01 -8.28888342e-02  3.35627906e-02  1.87488586e-01
  2.47998878e-01 -1.35808913e-02  3.04369889e-02 -1.47701114e-01
  1.18256152e-01 -2.76504457e-01  6.04682006e-02  1.95358723e-01
  4.56273258e-02 -6.78432733e-03  7.30717480e-02 -1.21169195e-01
  1.05908960e-02  2.06366032e-01 -1.88846946e-01 -3.03972755e-02
  9.19957235e-02 -2.12895740e-02  3.98788601e-04 -8.63772109e-02
  2.15139806e-01  1.19953640e-01 -1.56027168e-01 -9.81867835e-02
  2.22297072e-01 -1.83164656e-01 -3.02190501e-02  9.24462453e-02
 -1.65330976e-01 -2.95422047e-01 -1.60253152e-01 -1.84300542e-03
  4.33727592e-01  2.25065127e-01  1.28753679e-02  8.26600641e-02
 -1.02394857e-01 -5.56212245e-03 -4.66651469e-02  1.13463268e-01
 -7.13078827e-02 -5.99086583e-02 -4.41680625e-02  7.40135834e-02
  1.49784774e-01 -9.37816501e-03 -1.80737749e-02  2.94312000e-01
 -3.54791805e-03 -6.47365376e-02  1.41768251e-02  9.53509137e-02
 -1.05436400e-01  3.43373157e-02 -1.26767129e-01 -1.46216201e-02
 -2.10290588e-02 -3.39001864e-02  4.77060638e-02  1.27348453e-01
 -1.95931152e-01  1.15719154e-01 -9.05625373e-02 -4.41658869e-03
  2.26972122e-02 -8.26802030e-02 -3.74509878e-02 -5.41069582e-02
  8.86211172e-02 -2.64891744e-01  1.36043400e-01  1.39882222e-01
  1.11192264e-01  2.12862775e-01  5.78805804e-02  6.12149760e-02
  9.04453695e-02 -1.16467237e-01 -1.99327245e-01 -2.77684480e-02
  4.98838760e-02 -3.37269232e-02  5.10777980e-02  1.63554270e-02]