[-0.06677158  0.04911584  0.02352747 -0.08632214 -0.11540226 -0.01713288
 -0.04950932 -0.09209511  0.24861586 -0.14948191  0.12287848 -0.04056061
 -0.16043633  0.15306199 -0.10160232  0.19575667 -0.12622018 -0.07982531
 -0.09887784 -0.05439892  0.03782055  0.03051431 -0.02522042  0.10152303
 -0.036584   -0.30673575 -0.02616724 -0.0384535   0.0204263  -0.11314791
  0.01298767  0.10093856 -0.14686939  0.00148993  0.01545442  0.08582154
 -0.06644642 -0.07087458  0.22367989  0.05084553 -0.25083664 -0.00446621
  0.04611102  0.28877023  0.17174548  0.0525883   0.05347703 -0.13954027
  0.13241097 -0.29893881  0.01166657  0.11541903  0.00290372  0.08288254
  0.025208   -0.22270344  0.04623202  0.05441591 -0.19246298  0.08925951
  0.13237305 -0.0718382  -0.00306945 -0.08439483  0.2887471   0.0986134
 -0.12121272 -0.13957354  0.193021   -0.19234362 -0.03929256  0.04806346
 -0.12258506 -0.24424346 -0.26912633 -0.01146432  0.42073625  0.24114613
 -0.08150587  0.07697143 -0.08266947 -0.02266767  0.06497733  0.19632135
  0.02736847  0.02889188  0.01751893  0.05121546  0.22120027 -0.02102976
 -0.04766653  0.23600104  0.02902733  0.00140261 -0.10367129  0.02979798
 -0.12633379  0.0229645  -0.1638802  -0.03129148 -0.0728205   0.06282676
  0.08508006  0.15249403 -0.22606002  0.25267717 -0.05678114 -0.01230029
 -0.02207459  0.08147499 -0.06011885 -0.04012736  0.15791619 -0.22588843
  0.1555295   0.21011141  0.16381291  0.14350173  0.03923294  0.07534356
  0.10191487  0.01599217 -0.23480743  0.00128174 -0.00084431 -0.03775937
  0.02011418  0.09868299]