[-5.29919975e-02 -1.46442577e-02 -1.84842991e-03 -9.45339277e-02
 -1.02063864e-01 -4.96194661e-02 -8.34907964e-03 -1.12947136e-01
  2.47135133e-01 -1.69432268e-01  1.16226971e-01 -1.85232069e-02
 -1.62750378e-01  3.72177400e-02 -6.96437135e-02  1.97146758e-01
 -1.22308739e-01 -1.28654838e-01 -6.36565685e-02 -9.65851247e-02
 -3.49904858e-02  4.31348868e-02  3.83973867e-02  1.49241969e-01
 -1.70048118e-01 -2.78559566e-01 -3.93807814e-02 -1.61261156e-01
 -6.52051345e-03 -3.53000350e-02 -2.98492461e-02  1.22340098e-01
 -2.06111565e-01 -8.20534676e-03  5.90873919e-02  1.08451322e-01
 -4.64113094e-02 -3.99105102e-02  2.14547858e-01  9.32663828e-02
 -2.36457005e-01  4.91138082e-04  8.27412754e-02  2.67447025e-01
  1.33423835e-01  2.21326854e-02  2.48525348e-02 -1.12325534e-01
  1.51401103e-01 -2.82653719e-01  2.61908099e-02  5.38324155e-02
 -1.81735866e-03  2.30850652e-04  9.67613384e-02 -1.60369739e-01
  8.13620239e-02  4.91151363e-02 -2.18928456e-01  9.17889178e-02
  6.90615028e-02 -4.48740497e-02 -8.73786435e-02 -1.88345425e-02
  2.96898663e-01  1.46036774e-01 -1.04247063e-01 -4.48085815e-02
  1.95889443e-01 -2.09072545e-01 -2.85976529e-02  8.49966109e-02
 -5.70168681e-02 -1.62284613e-01 -2.47577995e-01 -6.07302189e-02
  4.76108313e-01  1.85672641e-01 -1.42758951e-01  7.71781579e-02
 -5.76634668e-02 -3.44947772e-03  1.36575773e-01  1.18945934e-01
 -6.94177300e-02  5.21981269e-02 -2.71485168e-02  4.44005020e-02
  2.40144685e-01  1.79091971e-02 -1.27393501e-02  2.16969311e-01
  1.68182123e-02  8.69855750e-03  1.50162345e-02  2.53543537e-03
 -1.60367548e-01 -9.49430913e-02 -1.93728507e-01 -1.12908050e-01
  3.73630859e-02  1.00998925e-02  2.24728361e-02  1.06149659e-01
 -2.65700370e-01  1.52255982e-01 -2.16817111e-02 -1.29047111e-01
  1.86246075e-02  1.05705544e-01 -8.64233077e-02 -2.55213045e-02
  1.20737195e-01 -2.03930438e-01  1.67322844e-01  1.17327213e-01
  4.05411385e-02  1.28562957e-01  4.86723222e-02  8.81024823e-03
 -3.17773856e-02 -3.05250026e-02 -1.48278907e-01 -8.72635841e-02
  8.10479373e-02 -7.98885524e-02  1.41924992e-01 -9.57147777e-03]