[-0.05708978  0.02235236 -0.04106676 -0.03258781 -0.1116237   0.07136141
  0.02592243 -0.06882043  0.2072078  -0.1192411   0.16033939  0.00221044
 -0.34482002 -0.02745088  0.06290226  0.14462283 -0.21360344 -0.113478
 -0.14672008 -0.16218044  0.08106578  0.09227983  0.00296624  0.02961077
 -0.15521049 -0.30242148 -0.10586105 -0.13272026  0.1921069  -0.15580161
  0.03971663 -0.00252358 -0.13859864 -0.03319843  0.03524766  0.00272006
 -0.04857717 -0.18889716  0.25388664 -0.0036204  -0.13561225 -0.05389945
  0.02318013  0.18468262  0.16971122 -0.04052963  0.10083161 -0.0859431
  0.13965686 -0.27186242  0.04326437  0.09544128  0.0843027   0.14244248
  0.11307319 -0.27973887  0.01123573  0.16746902 -0.21070857  0.16598059
  0.02963754 -0.10124703 -0.00504123  0.05355484  0.18169196  0.05013946
 -0.09351374 -0.22809203  0.21479762 -0.22584197 -0.04191544  0.11845551
 -0.09921028 -0.15913813 -0.29662791 -0.03880719  0.40801769  0.13655293
 -0.18214943  0.04382695 -0.03777859 -0.02651583  0.12154917  0.1326298
 -0.04993141 -0.03813032 -0.08771057  0.06181853  0.23777649  0.00352604
 -0.08099072  0.29448098  0.04928088  0.04147521  0.10238632  0.07910345
 -0.07148002 -0.10682111 -0.00355405  0.00106564  0.06783502 -0.12721102
  0.02204341  0.10076045 -0.10816579  0.23035097 -0.05025112  0.02591089
 -0.07957386 -0.04668088 -0.10795921  0.09783906  0.23047589 -0.33045745
  0.21538971  0.20838881 -0.01715334  0.15567777 -0.01723112  0.07800092
  0.00278289 -0.04554355 -0.21523428 -0.07256995 -0.0350157  -0.05138949
  0.01445834  0.05098948]