[-1.65480107e-01 -4.45357934e-02  2.97910124e-02 -5.00304364e-02
 -1.91059679e-01 -9.09502804e-02  2.90748160e-02 -5.00909686e-02
  1.71119556e-01 -1.09093428e-01  2.08582520e-01 -3.11266314e-02
 -1.60715282e-01  1.31041463e-02 -3.40009443e-02  1.53543010e-01
 -1.99475110e-01 -1.35559484e-01 -3.64692435e-02 -3.44496183e-02
  7.83462897e-02  4.53215167e-02  4.57179791e-04  9.22414064e-02
 -1.74438223e-01 -3.51003528e-01 -3.75354812e-02 -1.17884710e-01
  8.30921829e-02 -6.42077774e-02  5.52184805e-02  1.23702615e-01
 -1.47727355e-01 -3.38863283e-02  7.34555200e-02  7.32916370e-02
 -1.05425768e-01 -8.74887928e-02  2.22035736e-01  5.85769005e-02
 -3.32319111e-01 -7.14334995e-02  4.06401232e-02  2.97328055e-01
  1.79358199e-01  4.48313318e-02  6.07606955e-03 -1.02042019e-01
  1.24528304e-01 -3.22273940e-01  1.62150227e-02  1.35914072e-01
  4.91666235e-02  3.32627669e-02  5.06027453e-02 -8.36084187e-02
  4.05654088e-02  9.25849825e-02 -3.22225362e-01 -4.57508257e-04
  4.25416194e-02 -9.24773067e-02  5.74012101e-03 -1.12986162e-01
  2.06117675e-01  9.29687694e-02 -1.37633786e-01 -6.05166852e-02
  1.58033714e-01 -2.25584477e-01 -1.11338757e-01  1.15092851e-01
 -9.46897492e-02 -2.66591787e-01 -2.99629152e-01 -9.48702917e-03
  4.66139495e-01  1.80098832e-01 -5.51588535e-02  4.13198620e-02
  3.48885022e-02 -7.07754493e-02  7.76636079e-02  2.14887813e-01
 -3.96289751e-02  8.15777108e-03  2.72190589e-02  4.83756214e-02
  1.67938873e-01 -5.48893586e-02 -5.35585098e-02  1.88583374e-01
  1.13289878e-02 -6.96385745e-03  1.52739286e-02  5.79137281e-02
 -8.92271847e-02 -2.61858478e-03 -1.13552615e-01 -6.56302422e-02
  1.96425077e-02  3.85194197e-02  7.29209110e-02  1.03857502e-01
 -1.56803817e-01  1.90244272e-01 -2.89430656e-02 -1.04638666e-01
 -1.54255535e-02 -5.58797270e-02 -4.54707369e-02 -4.08942774e-02
  6.25666380e-02 -2.30274856e-01  1.90259755e-01  1.89611658e-01
  7.39128143e-02  1.85990602e-01  2.95549631e-02 -5.70027567e-02
  9.00388043e-03 -2.81831659e-02 -1.46105587e-01 -4.05569002e-02
  1.11455947e-01 -5.65205328e-02  1.04400896e-01 -6.54706508e-02]