[-0.04717284  0.07760936 -0.00133704  0.0245576  -0.11384808  0.0580708
 -0.06835534 -0.11559275  0.0775127  -0.0571851   0.17402105  0.02991674
 -0.20060739  0.07608578 -0.01270172  0.10925758 -0.2107442  -0.06393853
 -0.11940154 -0.00612355 -0.01595789  0.01375968  0.02927161  0.06984046
 -0.05574537 -0.27181256 -0.16854483 -0.13336346  0.11916391 -0.05919662
 -0.07288124 -0.06920657 -0.10215759 -0.01448587  0.03700566 -0.06659468
 -0.0851101  -0.09902146  0.25616577  0.07048151 -0.16803366 -0.05026265
  0.05521197  0.23443475  0.19638056  0.04970685  0.02483154 -0.04202115
  0.06555472 -0.29806235  0.05548498  0.18328443  0.12759671  0.1481481
 -0.01721521 -0.13695438  0.06564634  0.09272395 -0.15473215  0.15265976
  0.07674356 -0.12017737  0.02049536  0.03220317  0.23648785  0.1599609
 -0.09374732 -0.16166455  0.06719593 -0.20161369 -0.10180928  0.0323299
 -0.13461885 -0.23346031 -0.2585144  -0.01082472  0.45587784  0.22151761
 -0.15475181  0.00139572 -0.11168949 -0.10487189  0.10593415  0.12584642
 -0.07991811 -0.04821505 -0.06465955  0.03963525  0.25538969 -0.09285907
 -0.01238514  0.23343566 -0.00793324  0.06399684  0.0336718   0.07648329
 -0.03501119 -0.05044475 -0.05868383 -0.00852752  0.00937431 -0.05037477
  0.05970934  0.07532462 -0.17013676  0.16115531 -0.00386823 -0.05107464
  0.01625002 -0.03706728 -0.1431196  -0.02869793  0.24105118 -0.19357395
  0.21982941  0.21759868  0.03311514  0.0877407   0.07023101  0.08220126
 -0.02572965 -0.02831558 -0.14504924 -0.03945516  0.04548576 -0.04417944
  0.02329513 -0.01192416]