[-0.20883015  0.07748088  0.07229339 -0.00074306 -0.00566789 -0.02619904
  0.02120857 -0.01942657  0.10191705 -0.03366013  0.28070959 -0.0016019
 -0.18669324 -0.08508731  0.00169019  0.15531006 -0.0878979  -0.1313237
 -0.05481946 -0.06526851  0.01030308 -0.02499123 -0.0232994   0.07807052
 -0.052269   -0.27820313 -0.05891716 -0.17690066 -0.00816525 -0.10037558
  0.07425819  0.01957203 -0.17333843 -0.02617161  0.01207617  0.08195844
  0.04425985 -0.00143092  0.22040999 -0.07833017 -0.13404202 -0.02295644
  0.07881344  0.29637304  0.11966465  0.02039503 -0.00740279  0.02277973
  0.09920808 -0.18174325  0.08871377  0.0624529   0.14288706  0.07074061
 -0.00591239 -0.1664457   0.02060306  0.15330121 -0.22412755  0.05448067
  0.01237751 -0.08225411 -0.08730176 -0.03650592  0.31736168  0.13728134
 -0.185895   -0.13870001  0.15717596 -0.09904516  0.01075411  0.07255353
 -0.15916653 -0.12069055 -0.2405495   0.13568383  0.34915578  0.06526297
 -0.17141119  0.05587123 -0.11792421  0.00757687 -0.04096466  0.09638695
 -0.03928598 -0.000712   -0.06418099 -0.02623704  0.11299679  0.0691984
 -0.03053914  0.17017335 -0.06120118 -0.01887858 -0.01335827  0.01921988
 -0.05125156 -0.05881008 -0.08602524 -0.04415912 -0.05259444 -0.05264522
 -0.00566539  0.08586202 -0.20649986  0.11301523 -0.01930033  0.08379427
 -0.00239444  0.09187303 -0.03576859 -0.04281558  0.10695861 -0.25922856
  0.21317671  0.10035949  0.03298961  0.13057546  0.07411481  0.09462292
  0.00710055 -0.00541076 -0.21643424 -0.01460228  0.08299822 -0.03700687
  0.0802306   0.06451783]