[-0.08264557  0.08213606  0.01466995 -0.07019269 -0.15897399  0.08700601
  0.01776792 -0.01739546  0.17465672 -0.12602739  0.2363707  -0.10650452
 -0.22686596  0.05423419  0.01444674  0.10388969 -0.19917373 -0.18441358
 -0.09605216 -0.11138248 -0.00567516  0.05601809 -0.13626321  0.03386358
 -0.20183158 -0.32453811 -0.063456   -0.04237268  0.1505134  -0.12015897
  0.04300354  0.10048278 -0.16525319 -0.00764429  0.08011403  0.07857998
 -0.00438446 -0.09173773  0.23066276  0.02964303 -0.17602743  0.0515328
  0.10932102  0.33818239  0.1014585   0.05903834 -0.03197309 -0.04276451
  0.17765954 -0.28390375  0.08256933  0.16137679  0.14315449  0.08251997
  0.09657929 -0.1624613   0.0024644   0.17489624 -0.1891751   0.12497947
  0.05054402 -0.08995574  0.02334517 -0.12853737  0.18264832  0.01280507
 -0.06102121 -0.14303169  0.19413075 -0.10408477 -0.09824234  0.13020542
 -0.06302046 -0.15660602 -0.24476522  0.07395714  0.46598902  0.18487684
 -0.15102427  0.05477384  0.00709486 -0.1041141   0.0670521   0.04661425
 -0.07491803 -0.11305476 -0.07656422  0.06535064  0.34320852  0.03072342
 -0.01727266  0.19080161  0.02301242 -0.01738797 -0.01754671 -0.00445877
 -0.11570039 -0.04471265 -0.10013235 -0.06899757  0.0387139  -0.06895108
 -0.04262795  0.14569908 -0.29170829  0.21817356  0.0132439  -0.07511587
 -0.02062733  0.04309045 -0.05199227  0.08187247  0.19817583 -0.35838911
  0.16192564  0.16970676  0.09341241  0.14840035  0.03899878 -0.0293122
  0.0507149  -0.05872103 -0.20529938 -0.18027174  0.05072332 -0.07065234
  0.03669371  0.05749208]