[-7.35283718e-02 -2.03860048e-02  4.91792448e-02 -8.15215483e-02
 -1.43291146e-01  5.34038432e-02  6.91162795e-02 -9.57077742e-02
  1.14481032e-01 -5.01156710e-02  1.99919432e-01 -2.01788545e-02
 -2.70745248e-01 -2.65838602e-03 -4.44562100e-02  1.23966768e-01
 -5.27240187e-02 -9.44975615e-02 -1.07880503e-01 -1.03521064e-01
  2.13404000e-03 -1.37997996e-02  1.58226229e-02  6.27059722e-03
 -1.36504591e-01 -2.25769311e-01 -7.70809427e-02 -1.09586529e-01
  1.10843383e-01 -6.51645660e-02  1.19505208e-02  5.81949353e-02
 -1.26141429e-01 -3.15178186e-02 -2.07641106e-02  7.70280734e-02
 -6.04020767e-02 -1.31199613e-01  2.10309193e-01 -7.42875859e-02
 -1.53148904e-01  4.27237973e-02  2.00581476e-02  2.79763013e-01
  1.52529001e-01 -3.42582874e-02  1.20910749e-01 -3.44246328e-02
  7.08050355e-02 -3.33682090e-01  1.54195845e-01 -2.26302072e-04
  1.65474534e-01  3.91209871e-03  7.42180496e-02 -1.49259076e-01
  2.68152654e-02  2.12034762e-01 -1.76964715e-01  1.76778927e-01
  9.58594680e-02 -5.82681373e-02 -6.78050071e-02 -7.43052140e-02
  2.28194818e-01  8.18706304e-02 -1.68180034e-01 -9.12637413e-02
  1.44320205e-01 -1.25348434e-01 -3.12762819e-02  7.38739818e-02
 -1.17182814e-01 -1.60551846e-01 -2.92859793e-01  1.21129543e-01
  4.60981250e-01  1.52773857e-01 -2.28877261e-01  1.56164141e-02
 -7.86539242e-02  6.55671507e-02  1.14334188e-01  5.93992956e-02
 -1.54089173e-02 -1.23234965e-01 -1.45158246e-01  5.02380729e-03
  2.11087301e-01 -9.61583331e-02 -6.55503273e-02  2.16329947e-01
  6.63872212e-02 -5.72115108e-02 -5.27780727e-02  1.26233280e-01
 -6.53081760e-02 -2.76655890e-04 -1.84523631e-02  3.69421802e-02
  1.38500094e-01 -8.39275271e-02 -2.11294508e-03  1.16983213e-01
 -2.19923913e-01  2.28950292e-01 -6.12524673e-02  9.57385544e-03
  1.00339964e-01 -9.30290297e-02 -6.12353869e-02  2.81255171e-02
  2.00454086e-01 -3.26955050e-01  1.11021258e-01  2.07213715e-01
  3.10577429e-03  1.20294027e-01  4.52375039e-02  3.57800052e-02
  8.70276242e-02  1.65982675e-02 -2.39523172e-01 -8.38788003e-02
  5.89479320e-02 -9.31526124e-02 -4.86331154e-03  1.20178543e-01]