[-0.16351481  0.06280331  0.07180757 -0.07681537 -0.14825657  0.02121453
 -0.03934386 -0.11244508  0.18134944 -0.05256444  0.25507116 -0.04895744
 -0.17375803 -0.08546818 -0.05478826  0.12791133 -0.04568099 -0.15867005
 -0.05894976 -0.04910235  0.06147361  0.01026801 -0.11963046  0.04138107
 -0.18491812 -0.34978417 -0.0891834  -0.10193396 -0.01356929 -0.10911787
 -0.00826367  0.1507851  -0.15342905 -0.05803349  0.03670198  0.24580896
 -0.02700549  0.04620454  0.09955599  0.00717134 -0.20254898  0.07139726
  0.04989774  0.24786066  0.14078383  0.05194162  0.0301338  -0.12898779
  0.09047876 -0.23183468  0.09202141  0.16468464  0.1874211   0.1001758
  0.05366285 -0.10903208  0.00677033  0.10482178 -0.2658785   0.04750296
  0.03963577 -0.09911922 -0.07781065 -0.07021927  0.17414115  0.16317728
 -0.12591617 -0.08995898  0.16487111 -0.14294057 -0.09716292  0.08096527
 -0.10513932 -0.20417912 -0.31632125  0.10870243  0.46646231  0.13046448
 -0.2733646  -0.00828672 -0.07288102 -0.0568788   0.02746088  0.02868912
 -0.04614446 -0.03719601 -0.07271504  0.03636733  0.2263896  -0.02676463
  0.05701723  0.19465466  0.05460166  0.08242071 -0.01343281  0.10548786
 -0.06404385 -0.02757083 -0.11012031 -0.08352229  0.00787453 -0.01576387
 -0.01192532  0.07099976 -0.22162414  0.2435845   0.0476655  -0.06195307
 -0.03518555 -0.02820717 -0.02904409 -0.01734796  0.21320812 -0.25052837
  0.19015501  0.17290646  0.03833661  0.16187923  0.09411088  0.02055662
  0.00998912 -0.12610963 -0.14643459 -0.05886638  0.07556977 -0.08173558
 -0.01148766  0.03837781]