[ 0.01540729  0.02967982  0.00900784 -0.07204903 -0.12022454  0.00946702
 -0.06120145 -0.05569554  0.18955599 -0.1710448   0.17323235 -0.09012253
 -0.20768838  0.09867995 -0.06188304  0.23907593 -0.13048603 -0.10477656
 -0.20609027 -0.10694249 -0.00467412  0.06930419  0.00265965  0.12195071
 -0.10291032 -0.31392318 -0.0474714  -0.12775332 -0.09906698 -0.04556611
  0.04940294  0.1557402  -0.05176082  0.04184524  0.06131212  0.04406767
 -0.049338   -0.08038548  0.22023113  0.01288949 -0.27577224  0.04905028
  0.14150323  0.26898038  0.18106216  0.03833165  0.02554538 -0.02387298
  0.18757345 -0.34012064  0.03081661  0.09708291  0.1474264   0.05451387
  0.1361165  -0.15315761  0.07897934  0.15929157 -0.20668559  0.05052213
  0.08213445 -0.13478412 -0.00241922 -0.08478512  0.30238855  0.13536
 -0.1998989  -0.08691739  0.16548778 -0.15875182 -0.04788894  0.11772189
 -0.14295535 -0.18419738 -0.30024791 -0.0300844   0.48439011  0.1480466
 -0.1268151   0.00973288 -0.06668782 -0.00839052 -0.02984471  0.14280568
 -0.03511727 -0.13021681 -0.07959588 -0.03152957  0.22834234 -0.04245049
 -0.0160792   0.27424663  0.0173872  -0.04982305 -0.10551525  0.05184779
 -0.16697487 -0.06398081 -0.05966744  0.00999746 -0.090338   -0.02678914
 -0.04029605  0.06351162 -0.24506454  0.20162199 -0.10639506  0.002608
 -0.00093276  0.08931071 -0.05195765 -0.02043752  0.17640513 -0.27311975
  0.02182339  0.12667091  0.1031232   0.12522011  0.01215372  0.08330099
 -0.01949574 -0.04338439 -0.28993562 -0.10455441  0.04672809 -0.07306602
 -0.01603785  0.0918193 ]