[-0.01628323  0.05272838  0.06994101 -0.14522022 -0.15344183 -0.01116326
 -0.04751586 -0.09224337  0.15044078 -0.11092421  0.19535267  0.02776767
 -0.29631579  0.0606698  -0.03215694  0.22769763 -0.2581917  -0.17459562
 -0.07042685 -0.02073041  0.02871839  0.06605005  0.03693873  0.10693981
 -0.06917967 -0.38960177 -0.08782447  0.00998253  0.01266594 -0.10846073
  0.00836117  0.10054032 -0.20346569  0.02196853  0.03885016  0.05182273
 -0.03337006 -0.21377365  0.22616799  0.15634859 -0.26729304  0.0117963
  0.04305825  0.29118225  0.22400622 -0.01117597  0.09352732 -0.07929714
  0.12907097 -0.33603492  0.05117232  0.15052561  0.07964344  0.04195897
 -0.08170433 -0.17663185  0.02275133  0.1349082  -0.21864834  0.04677213
  0.13410948 -0.13046949  0.01245115 -0.0480029   0.24958664  0.10140325
 -0.18713248 -0.16054098  0.15159272 -0.14531371 -0.12380984 -0.0013636
 -0.18167397 -0.16555235 -0.30686307  0.03275139  0.42294249  0.10201041
 -0.13639998  0.01963108 -0.11894426 -0.00171846 -0.02304435  0.23229714
 -0.02997697 -0.00912064 -0.10234109  0.08344366  0.26521653 -0.02622619
 -0.05161066  0.34242213  0.0430395   0.05036981  0.00361172  0.13675094
 -0.09365743  0.00939073 -0.12600882  0.00572474 -0.03995743  0.01425385
  0.00460693  0.19883791 -0.19048539  0.20768252 -0.05956478 -0.02870671
  0.0329264  -0.02639387 -0.08196143 -0.13954711  0.08811118 -0.23969693
  0.09551185  0.26002982  0.14082278  0.11191303  0.05841616  0.06592413
  0.05752723 -0.06123909 -0.22928222 -0.02952272  0.08013631  0.00240777
  0.00928873  0.05456038]