[-9.36488137e-02  3.06596700e-02  6.48812503e-02 -3.92193496e-02
 -6.87807053e-02 -1.46572944e-02 -1.63343642e-02 -6.56170771e-02
  2.38365456e-01 -8.76997411e-02  9.56481695e-02  5.23898900e-02
 -2.73461699e-01  9.15200263e-02 -8.14258531e-02  8.52767378e-02
 -1.35025442e-01 -7.18055144e-02 -5.60382530e-02 -2.01462023e-02
  1.07121021e-01 -8.44657049e-03  6.68485090e-02  1.35856017e-01
 -1.38166189e-01 -2.97807813e-01 -1.13945544e-01 -8.89593065e-02
  3.25078256e-02 -7.75943398e-02 -1.61640905e-02 -3.59433959e-03
 -1.88744619e-01  7.53205642e-03  1.65374950e-04  5.95115945e-02
 -5.57716750e-02 -1.17336832e-01  1.97987050e-01  6.70330971e-02
 -1.84872746e-01  1.99244358e-04  1.99763291e-03  2.03118294e-01
  1.73013687e-01  8.94664153e-02  9.02744681e-02 -1.58512905e-01
  1.37066931e-01 -3.21071178e-01  8.12326819e-02  1.87197819e-01
 -2.44449899e-02  8.52371976e-02  4.66257036e-02 -2.56837308e-01
  6.39778376e-02  7.22249746e-02 -1.91648409e-01  1.47137031e-01
  6.23710901e-02 -6.22281246e-03 -5.76004945e-02  1.34057207e-02
  1.89737737e-01  1.20711587e-01 -1.72863364e-01 -1.19180039e-01
  2.07892612e-01 -2.52186894e-01  5.07225953e-02  1.24761932e-01
 -1.09244011e-01 -2.45901942e-01 -1.61252290e-01  4.93426844e-02
  5.02868474e-01  2.00658053e-01 -1.21513367e-01  1.85647644e-02
 -1.79792747e-01 -7.58573972e-03  1.22159235e-02  1.66238368e-01
 -6.50527850e-02  7.47613236e-03 -7.58929923e-02  5.13259210e-02
  1.83493391e-01  3.52064408e-02  2.12519206e-02  3.32894146e-01
  1.03021085e-01  8.26153811e-03  2.03763973e-02  1.12331450e-01
 -1.74329430e-01 -5.03142290e-02 -1.15792796e-01 -5.17247766e-02
  2.25126445e-02 -5.00597209e-02  4.78377892e-03  9.69859287e-02
 -2.17369378e-01  2.17562154e-01 -4.90683094e-02 -8.32305625e-02
  2.33467761e-02 -1.44194579e-04 -1.17689237e-01 -5.22359759e-02
  1.39451906e-01 -2.74118125e-01  1.41233727e-01  1.83044702e-01
  1.02008723e-01  1.52348295e-01  8.41450505e-03  1.48098916e-01
  5.24603464e-02 -3.44250724e-02 -1.38269946e-01 -4.13628705e-02
 -1.67055707e-02 -6.04540296e-02 -3.28791887e-02 -2.15860456e-02]