[-0.19497125  0.04145588  0.08019329 -0.08215256 -0.24110104 -0.10458777
  0.02542119 -0.04096699  0.13512158 -0.04655305  0.14813021 -0.0736239
 -0.20908225  0.07601248 -0.06838396  0.17904857 -0.14843841 -0.13932252
 -0.08544912 -0.09062962  0.00252258  0.01577086 -0.01721202  0.1577197
 -0.16698021 -0.25965032 -0.03196936 -0.07057156 -0.02370467 -0.0058972
  0.00656068  0.08827423 -0.18694715 -0.03545091  0.10312904  0.08647103
 -0.01302656 -0.09517735  0.24325931  0.01644798 -0.24495141 -0.06095363
  0.09514314  0.26964363  0.20581695  0.03735971  0.03327935 -0.05592594
  0.2088486  -0.32282189  0.00314824  0.18131711  0.00103352 -0.02762994
  0.13543539 -0.11734663  0.04039254  0.20829228 -0.20106813  0.0146386
  0.07111738 -0.09050018 -0.00716193 -0.18097259  0.23942025  0.09526885
 -0.1271739  -0.04611883  0.26156697 -0.15373416 -0.03955181  0.07445064
 -0.07816197 -0.19643804 -0.25730479  0.02972911  0.42145288  0.23499633
 -0.11977868  0.04500624 -0.02474337  0.02265031  0.05299798  0.08868545
 -0.0848963   0.01084532 -0.08600096  0.0240831   0.22188491  0.01797998
  0.07737421  0.25299561  0.03175828 -0.08163302  0.02601014  0.04321415
 -0.16225326 -0.05167413 -0.13387862  0.00960846  0.06145482 -0.05480067
  0.0778916   0.11777172 -0.22398843  0.04844971 -0.12503706 -0.06135971
 -0.14311858 -0.05480454 -0.03232868  0.02604526  0.10048945 -0.21369159
  0.13737613  0.09273528 -0.07898027  0.13995373  0.02623353  0.01363555
 -0.01644171 -0.08000629 -0.07340309 -0.12987563  0.09771448 -0.08392721
  0.11268963  0.0248686 ]