[-0.14085409  0.07868475  0.00938018 -0.05853754 -0.2114     -0.03119387
 -0.07367463 -0.14184459  0.1447527  -0.20067082  0.06411    -0.02974809
 -0.19544357  0.09627827 -0.08820893  0.20739791 -0.13679115 -0.18880253
 -0.11607789 -0.07689998 -0.0010533   0.0042353   0.02395161  0.19794446
 -0.09763919 -0.38531342 -0.1081125  -0.10162792 -0.01495268 -0.07655336
  0.01795564  0.00138967 -0.23142868 -0.04658193  0.00616535  0.07444555
 -0.03318087 -0.1463744   0.12699051 -0.006244   -0.24758077 -0.02012777
  0.07787459  0.28694266  0.18500632  0.02122733  0.12273081 -0.07504776
  0.15667276 -0.25975901  0.04002282  0.05986702  0.00133401  0.01787044
  0.04654727 -0.19148983  0.0566791   0.18131071 -0.16852237  0.11889312
  0.10050968 -0.00388896 -0.0223622  -0.03551742  0.26321194  0.13351364
 -0.12512238 -0.16100094  0.25254387 -0.24415557  0.02568321  0.01925557
 -0.14767081 -0.23787859 -0.28298789  0.0409949   0.49617898  0.25793338
 -0.073304    0.01164558 -0.04381827  0.0726319   0.01539201  0.18843226
 -0.04821428  0.00668295 -0.08379529  0.10931122  0.22045368  0.05628287
 -0.04670832  0.26841062  0.02221472 -0.08329597  0.02269099  0.10942682
 -0.23226976 -0.02978199 -0.16617005 -0.0086044  -0.01232     0.03255316
  0.01265353  0.180406   -0.11031254  0.17068663 -0.14931977 -0.01288464
 -0.08962455  0.08533426 -0.13169523 -0.09387568  0.12146456 -0.11454639
  0.07685018  0.19957447  0.07599571  0.14770561  0.07090575  0.06919335
  0.07281444 -0.00916729 -0.22831    -0.06075976  0.06902447 -0.092263
  0.04170278  0.03226899]