[-0.1703306   0.08246115  0.03969253 -0.07266648 -0.12694307 -0.02541662
 -0.04675506 -0.06286673  0.20084095 -0.06064098  0.1240576   0.08659136
 -0.25333622 -0.0616043  -0.01942312  0.14245716 -0.07796134 -0.20021942
 -0.14928539 -0.19367974  0.00914144  0.05677251  0.00514937 -0.01839072
 -0.23164582 -0.21757166 -0.13048692 -0.0949443   0.10645317 -0.0948235
  0.032308   -0.0751351  -0.17055734 -0.07584069  0.05584271  0.06318363
 -0.12141468 -0.13410157  0.19301565 -0.02274546 -0.15293881 -0.02806963
  0.04213481  0.22779725  0.14546591  0.02413796  0.10493236 -0.08381809
  0.09785301 -0.24484415  0.1581773   0.13755035  0.07171574  0.12888125
  0.17990689 -0.12726212  0.0365896   0.22239409 -0.15952991  0.11370116
  0.06327096 -0.04622121 -0.08047649 -0.06360128  0.1594786   0.14899915
 -0.07323288 -0.19584881  0.22765924 -0.18637764 -0.07702141  0.12374943
 -0.05091928 -0.12115932 -0.29381588  0.01167089  0.37820208  0.20212083
 -0.12066963  0.01036684 -0.04143601  0.03906707  0.04149631 -0.0326716
 -0.15734185 -0.01710818 -0.08083049  0.02277066  0.26613164  0.02250823
 -0.06787252  0.17234214  0.08601965 -0.02103143  0.05666305  0.07077786
 -0.08647181 -0.10483262 -0.01272482 -0.03437972  0.15293433 -0.08136068
  0.03350359  0.10312035 -0.09635039  0.18326452 -0.01506211  0.02206273
 -0.0765911   0.05725986 -0.11340684  0.00857747  0.17362607 -0.22300525
  0.26411048  0.17757133 -0.05201018  0.08646054  0.07340844  0.05310009
 -0.05029112 -0.04734016 -0.08689018 -0.14625116 -0.00199668 -0.04269557
  0.10598642  0.10665464]