[-1.68818444e-01  7.47788027e-02  2.57645827e-02 -7.93742687e-02
 -1.83709547e-01  4.85857204e-03 -4.80187722e-02  2.71796137e-02
  1.72235981e-01 -2.15589385e-02  1.48772717e-01 -1.28365140e-02
 -2.62546211e-01  5.35667688e-02  6.19735569e-04  1.93285823e-01
 -1.80367157e-01 -1.40405715e-01 -1.28401354e-01 -8.35776888e-03
  8.74958374e-03  8.27344134e-02  1.20317079e-02  1.14594206e-01
 -8.70518684e-02 -5.09850621e-01 -7.47191906e-02 -7.36107230e-02
 -9.28268488e-03 -8.71289596e-02 -2.64996812e-02  9.10644457e-02
 -1.76559553e-01 -1.51264910e-02  8.89231414e-02  9.01630670e-02
 -1.21036611e-01 -1.09034136e-01  2.16490716e-01  1.06871538e-01
 -2.43951887e-01 -3.41208726e-02  8.45384747e-02  3.26801479e-01
  3.04795504e-01  5.65988347e-02  4.31726053e-02 -3.97304408e-02
  1.29358917e-01 -3.21813047e-01  1.17631510e-01  2.30298370e-01
  4.56830114e-02  1.05527230e-01  1.04759045e-01 -1.33753911e-01
 -5.37921563e-02  1.72311634e-01 -2.12386429e-01  1.09589789e-02
  1.53480368e-02 -3.45043689e-02 -8.23275447e-02 -1.57106221e-01
  2.57996440e-01  1.60912618e-01 -1.94379419e-01 -1.43187597e-01
  2.28740096e-01 -1.40656456e-01 -6.02594987e-02  3.65734622e-02
 -2.08334476e-01 -2.22442776e-01 -2.70215720e-01  7.11190701e-02
  3.37612212e-01  1.33590460e-01 -1.71962515e-01 -4.29007933e-02
 -5.79656512e-02 -5.16132005e-02 -4.82279956e-02  1.53040841e-01
 -1.55565534e-02 -9.16320831e-02 -4.55490313e-02  5.56973144e-02
  1.89646065e-01 -6.50936738e-03 -1.03005152e-02  2.53970802e-01
  1.96701046e-02 -6.12978786e-02  2.57842243e-04  1.49675906e-01
 -1.46160588e-01 -7.58265257e-02 -2.24799007e-01 -9.76748839e-02
  2.01261863e-02  1.55760087e-02 -5.29247187e-02  1.70653716e-01
 -1.64951265e-01  1.83022603e-01 -9.99281462e-03 -2.87794564e-02
 -3.90332378e-02 -8.09496716e-02 -9.91187170e-02 -6.23845719e-02
  1.27225280e-01 -1.97730929e-01  2.00164944e-01  1.52692080e-01
  4.23810594e-02  1.33934990e-01  6.40843203e-03  2.60046944e-02
  1.21373264e-02 -7.57267028e-02 -2.08116502e-01 -6.81279376e-02
  7.75561705e-02  5.11066318e-02 -5.46595789e-02  1.62036307e-02]