[-0.14172693  0.10494121  0.03035517 -0.0464595  -0.13116708  0.1115839
 -0.06415121 -0.0364949   0.11834572 -0.04158046  0.21217307  0.05797343
 -0.20392194 -0.005621    0.08194297  0.13668041 -0.11097539 -0.12239987
 -0.14206807 -0.049245   -0.05762528  0.0286681  -0.02757936  0.03705664
 -0.18359676 -0.2077951  -0.06092152 -0.03914434  0.07559597 -0.09981109
 -0.01586544 -0.01847148 -0.15723813 -0.03350537  0.04968143  0.09243499
 -0.10893645 -0.04282435  0.18843251 -0.06919042 -0.16604272  0.07037633
  0.06630117  0.29782367  0.16903256  0.03915157  0.07611793 -0.00942062
  0.09549882 -0.34309384  0.10006383  0.09689008  0.14874347  0.06692609
 -0.00440433 -0.15876056  0.00057863  0.2334815  -0.18176053  0.2055338
  0.10520024 -0.12339333 -0.10266068 -0.08472788  0.22832751  0.14281204
 -0.18419635 -0.23901549  0.08065465 -0.15221451 -0.0967389   0.11844423
 -0.09761427 -0.22045754 -0.36494035  0.08794653  0.36910903  0.15062779
 -0.19446476  0.02145623  0.0041582   0.04010175 -0.02481705  0.08478729
 -0.09363341 -0.09061886 -0.0828417   0.01622033  0.29187331 -0.00751839
 -0.00626606  0.21588278  0.09786516 -0.0359308  -0.04646487  0.12370819
 -0.00531433 -0.09403574 -0.05184281  0.05115426  0.02819531 -0.10499654
  0.02846744  0.12759161 -0.22332382  0.30536452 -0.05313191  0.04485517
  0.03981798  0.03876512 -0.09017737 -0.01434326  0.21041076 -0.32706445
  0.16487153  0.25433397  0.08970574  0.08675665  0.08338776  0.08784387
  0.03410471  0.11789815 -0.20151359 -0.1238755   0.01328274 -0.1375273
  0.03332185  0.13069364]