[-1.26290470e-01  8.56427997e-02  2.99255066e-02 -1.39468506e-01
 -1.84272900e-01 -9.24624801e-02 -6.64735585e-02 -1.05938002e-01
  1.07506722e-01 -1.28119573e-01  1.50110811e-01 -1.59532905e-01
 -1.72316134e-01 -2.93875411e-02 -7.83984214e-02  2.51143783e-01
 -1.87794566e-01 -1.58477664e-01 -3.23238522e-02 -3.38145979e-02
  3.33946347e-02  3.67977247e-02 -1.56002622e-02  5.68282828e-02
 -1.30699307e-01 -3.34760934e-01 -1.08519025e-01 -4.08239290e-02
  7.99172372e-03 -9.65426266e-02 -1.90655291e-02  1.03774987e-01
 -1.98023334e-01 -2.80699227e-02  4.01169173e-02  1.03650644e-01
  2.83738393e-02 -9.64653715e-02  1.13569878e-01 -6.67043589e-03
 -3.10719460e-01 -3.17055844e-02  1.61246851e-01  2.92102069e-01
  1.96958661e-01 -2.25154180e-02  4.68570646e-03 -8.40466097e-02
  7.42688552e-02 -1.50478721e-01 -1.82312001e-02  7.50394538e-02
 -3.09349271e-04  6.38793111e-02 -1.22667961e-02 -1.07782952e-01
  6.63041249e-02  1.50908351e-01 -1.44056514e-01 -2.52763890e-02
  1.41174555e-01 -9.87361148e-02 -9.35084186e-04 -9.16967392e-02
  2.59713203e-01  5.85224815e-02 -1.06207483e-01 -1.90530375e-01
  1.37889162e-01 -1.75882161e-01 -7.94243887e-02  6.07416267e-03
 -1.49838880e-01 -1.30041718e-01 -3.73496890e-01 -3.44792902e-02
  3.29580903e-01  1.51770100e-01 -1.14106335e-01  1.02697760e-01
  1.17311804e-02  2.26627141e-02  1.22897841e-01  2.06785485e-01
 -1.26131065e-03  8.84473994e-02 -5.85631840e-02  6.53633773e-02
  2.45219842e-01 -7.72228688e-02  3.41742253e-03  1.74166262e-01
 -1.85592845e-02  2.71990448e-02 -2.31305901e-02  1.62012242e-02
 -1.01630263e-01  2.78635211e-02 -1.27287269e-01  2.98398323e-02
  2.34997738e-03 -1.71465632e-02  4.80239652e-03  2.01400176e-01
 -1.52418360e-01  1.31660163e-01  1.92103758e-02  9.13120992e-03
 -7.38524720e-02  3.71052139e-02  1.97797641e-03 -7.69093558e-02
  8.72524902e-02 -1.59309387e-01  1.64725021e-01  2.22225651e-01
  7.07013756e-02  1.05719097e-01  1.20619245e-01  4.86472137e-02
  1.69323608e-02 -8.95355828e-04 -1.68601215e-01  9.40188020e-03
  8.59757960e-02 -7.87591189e-02  1.03091903e-01  5.10449968e-02]