[-3.55383866e-02  4.96963970e-02  5.54913050e-03 -8.96754265e-02
 -1.31117597e-01 -1.07465964e-02  2.34667212e-04 -9.39777642e-02
  2.12950632e-01 -2.16650352e-01  1.53359190e-01 -5.84731065e-02
 -2.32454970e-01  4.33612652e-02 -5.63232880e-03  1.96470708e-01
 -1.34801686e-01 -2.12090224e-01 -1.68873206e-01 -1.53537810e-01
 -5.91128469e-02  1.04955204e-01 -1.24997385e-02  7.74709880e-02
 -1.43675923e-01 -2.56063312e-01 -6.16072975e-02 -1.08580850e-01
 -5.00654839e-02 -2.39036214e-02  6.44880980e-02  1.51260585e-01
 -7.94954598e-02  1.97803862e-02  7.46414214e-02  7.66793862e-02
 -7.49100149e-02 -1.17434673e-01  2.73454726e-01  1.46384211e-02
 -2.43711367e-01 -5.75811155e-02  1.14181101e-01  3.06943297e-01
  2.01853618e-01 -3.63821797e-02  2.25639269e-02 -6.38968945e-02
  1.99047297e-01 -2.88562894e-01  4.74055335e-02  1.09457217e-01
  7.62324929e-02  1.15265712e-01  7.85102174e-02 -1.61784664e-01
  7.51616657e-02  1.97096735e-01 -2.34681711e-01  3.44154867e-03
  8.37875754e-02 -1.54504120e-01 -4.03670222e-02 -7.51566738e-02
  2.68134803e-01  1.04352012e-01 -1.33786917e-01 -1.49107203e-01
  2.21559733e-01 -2.13135675e-01 -1.10707931e-01  1.43256634e-01
 -1.56694323e-01 -1.85967669e-01 -2.95233071e-01 -4.31318767e-03
  4.49326515e-01  2.02758476e-01 -4.73025516e-02  4.49719541e-02
  3.31108347e-02 -2.22238991e-02  5.30742072e-02  1.70545682e-01
 -4.86355759e-02 -6.24721944e-02 -3.42818797e-02  3.23303901e-02
  2.61425257e-01 -6.90752268e-03 -1.12797275e-01  2.14777455e-01
  4.17799838e-02 -3.13990377e-02 -7.44639430e-03  1.56368483e-02
 -4.08223271e-02 -3.55888195e-02 -1.40145704e-01  2.88209468e-02
 -5.34551963e-02 -9.98939760e-03 -1.84729882e-02  8.01817849e-02
 -1.59784764e-01  2.15696141e-01 -4.66202348e-02 -1.34859942e-02
 -9.60398465e-02 -1.27802743e-02 -4.61282805e-02  2.02416368e-02
  1.79679260e-01 -2.66531289e-01  6.15394786e-02  1.26317278e-01
  1.03535473e-01  1.84992075e-01  2.17431933e-02  4.58308309e-02
  9.30290855e-03 -7.94654861e-02 -2.71833241e-01 -8.65502432e-02
  9.36579332e-02 -6.91473950e-03  1.01956561e-01  9.71173793e-02]