[-0.13656972  0.05267498  0.05157848 -0.10647258 -0.15792349 -0.04731603
 -0.02349805 -0.09404595  0.17045531 -0.12460352  0.1633262  -0.06288963
 -0.20848939  0.0051804   0.03837102  0.1590108  -0.07100767 -0.08818575
 -0.1732738  -0.06315441  0.05597164  0.09991492 -0.0129704   0.09242107
 -0.0534437  -0.28982583 -0.00502705 -0.08069607 -0.07380681 -0.07252949
  0.02716395  0.16109398 -0.10133851 -0.01013027 -0.00237139  0.10618356
 -0.16822998 -0.10897926  0.17384592  0.00632231 -0.23219477 -0.06140745
 -0.04990072  0.17705058  0.20069417 -0.00393244  0.07606489 -0.14616477
  0.13141426 -0.28569236  0.00991488  0.18395874 -0.00961261  0.05711418
  0.07152624 -0.11896044  0.03871018  0.11981579 -0.23608543 -0.01302798
  0.07914389 -0.12069772 -0.0829212  -0.11863022  0.18867958  0.19836949
 -0.09111696 -0.13570715  0.1853413  -0.16197352 -0.15223196  0.10570193
 -0.15564281 -0.24879952 -0.2000355   0.01757032  0.3682265   0.1290981
 -0.14271583 -0.02882106 -0.03739263 -0.04089981  0.08627217  0.11952542
 -0.01727859 -0.10750498 -0.0210312   0.02618106  0.21247998 -0.07182133
 -0.03503155  0.24406347  0.07816963 -0.06512646 -0.00825436  0.01714661
 -0.01398347  0.045596   -0.10356752 -0.02678714  0.06530082 -0.04234827
 -0.01199418  0.07068643 -0.13055214  0.2279487  -0.0439245   0.00475485
 -0.01306094 -0.12425222 -0.08704071 -0.01238977  0.17041495 -0.13405757
  0.14945705  0.12598002  0.07421245  0.15927947  0.02466132  0.11803541
  0.02776992 -0.06253611 -0.22788964 -0.03305865  0.1577941   0.08678858
 -0.02410822  0.02921405]