[-0.12410817  0.06227751 -0.02457305 -0.17411457 -0.15514091  0.06655902
 -0.09981334 -0.11219165  0.16573904 -0.10554129  0.24647768  0.0033128
 -0.30331472 -0.10035582  0.0325035   0.04810058 -0.15928653 -0.01017801
 -0.0544005  -0.04537504 -0.05348516  0.05172769  0.09101553  0.04123967
 -0.11855715 -0.36443222 -0.09478734 -0.10546862  0.02700491 -0.06692524
 -0.01056383  0.1142679  -0.10427915 -0.02948186  0.02115841  0.10452341
 -0.10860897 -0.01749275  0.19788861 -0.00040899 -0.15254138 -0.14490174
  0.02092884  0.21870485  0.20919175 -0.00055014  0.02008532 -0.04398075
  0.14827289 -0.24465737  0.13819021  0.16844493  0.13269056  0.07919396
  0.04761971 -0.14631392  0.02205929  0.17584619 -0.1856149   0.02419604
  0.05579787 -0.09499322 -0.05867153 -0.02167181  0.25501317  0.18276508
 -0.15773493 -0.16385396  0.15984367 -0.11249593 -0.07025775  0.11989657
 -0.20492072 -0.17934693 -0.2749089   0.03274782  0.31228274  0.16235808
 -0.08964518 -0.07544496 -0.14640062 -0.08098    -0.02627928  0.04949204
 -0.10970757 -0.07932744 -0.00571172  0.04715658  0.16373354 -0.0426858
 -0.07904353  0.25597006  0.03401555  0.08900832  0.01797722  0.05536955
 -0.05471341 -0.04241646 -0.09314142  0.00126576  0.07018618 -0.15546378
  0.05044184  0.13924891 -0.23761833  0.25096586  0.03085589  0.02569844
  0.08710698 -0.06656712 -0.08274422 -0.03905875  0.22583921 -0.28076482
  0.22626507  0.14330313  0.16949999  0.17775658  0.06592546  0.03334084
  0.00441221 -0.08115181 -0.12623817 -0.05174527  0.05209804 -0.03156154
  0.02258762  0.04687429]