[-0.07272713  0.06446796  0.02466512 -0.01893947 -0.15736544 -0.03878698
  0.02928824 -0.11303014  0.12723856 -0.05219922  0.30390432 -0.00935321
 -0.25338125 -0.15185551  0.04952879  0.09821475 -0.1091567  -0.12330292
 -0.02321784  0.02221872  0.04890537 -0.01832967  0.11511862  0.03050458
 -0.09199943 -0.3335416  -0.10665825 -0.09425899  0.08632906 -0.03182073
  0.02007017  0.03232494 -0.17712104 -0.08326559  0.03747073  0.10228783
 -0.08858168 -0.05134937  0.25082734 -0.06098484 -0.17518973 -0.06865633
  0.03248968  0.24204965  0.1212014   0.04020483  0.07368778 -0.07239237
  0.03540101 -0.21143657  0.17236114  0.0951899   0.14574155  0.05394178
  0.08113314 -0.17934003  0.01636862  0.20713849 -0.2698437   0.0116572
  0.0586192   0.02311695 -0.00855834 -0.11244773  0.30488655  0.13069765
 -0.12537958 -0.09294088  0.17573799 -0.16705766 -0.04906045  0.07391604
 -0.11050636 -0.17990187 -0.26450497  0.05065968  0.38470531  0.14871551
 -0.1584422  -0.01971715 -0.02740361 -0.05556389  0.02289923  0.05483951
 -0.06611584  0.03972774 -0.0879122  -0.00992578  0.11014564 -0.04571337
  0.0053128   0.24641386  0.04761117  0.0096412   0.08313057 -0.01555435
 -0.00382782  0.03038856 -0.12718123  0.05038073 -0.06527273 -0.16933066
  0.03471245  0.04682499 -0.18218623  0.12892678  0.00985095 -0.02796784
 -0.03499803 -0.03529376 -0.08713665 -0.07118261  0.13391036 -0.35783705
  0.21174474  0.12697908  0.03398882  0.21629293  0.01503505  0.13986836
  0.01039592 -0.07221892 -0.14817519 -0.02237348  0.05264917 -0.07631901
  0.0737232   0.09805489]