[-0.04749327  0.06134536  0.01252182 -0.02114052 -0.11291026  0.05275908
 -0.049509   -0.04879662  0.14251661 -0.05539195  0.27961478 -0.08258585
 -0.22725466 -0.05039513  0.02098192  0.11071578 -0.04923637 -0.1301042
 -0.04544361 -0.03489572 -0.05273191  0.03851033 -0.01220714  0.07099131
 -0.19160356 -0.29913524 -0.05946266 -0.1092182   0.02308668 -0.10273519
 -0.08418108  0.16658099 -0.10512886 -0.07513942  0.12464337  0.10834487
 -0.08834714  0.00965112  0.25808877  0.04859371 -0.1928934   0.01928059
  0.06189595  0.3512004   0.17733452  0.00505063  0.00591393 -0.05129912
  0.12527883 -0.22357041  0.16230163  0.18551096  0.14659204  0.10606328
  0.08066003 -0.12786743 -0.03646604  0.19462076 -0.15629055  0.04066195
  0.02260881 -0.03129914 -0.01054685 -0.09917524  0.23696668  0.09614182
 -0.10715411 -0.10825271  0.17578456 -0.07315772 -0.09640864  0.11316898
 -0.18712975 -0.1637841  -0.2740967   0.09472233  0.36296177  0.10075418
 -0.18487926  0.0582105   0.0080336  -0.0856195   0.00483878  0.08477602
 -0.04630046 -0.04115994  0.03860149 -0.00049359  0.21261485 -0.010292
 -0.02389529  0.16484936  0.00442145 -0.00151412  0.09688675  0.01942829
 -0.02932031 -0.08587676 -0.17252369 -0.06730251 -0.03705169 -0.10813367
 -0.00424679  0.13389173 -0.28539717  0.18855472  0.04856808 -0.02482604
  0.02411924  0.05032291 -0.02461438 -0.02716332  0.17368093 -0.33261958
  0.1790821   0.08950105  0.11355705  0.11804341  0.03821544  0.01735638
  0.02553159 -0.01021341 -0.13381411 -0.08507627  0.09425713 -0.01155194
  0.01376459  0.05067081]