[-0.0409776   0.0980812   0.006782   -0.03436939 -0.13783261  0.05919083
  0.0044983  -0.10345107  0.17379421 -0.1026599   0.24023312  0.06418259
 -0.24359937 -0.1155567   0.08454511  0.10941108 -0.0923382  -0.17297904
 -0.0543263  -0.10793985 -0.00911457  0.05577794 -0.03244923  0.01472719
 -0.17244282 -0.29265863 -0.08932673 -0.05485531  0.06802443 -0.06712437
  0.06183879  0.24264787 -0.10338068  0.01976096  0.09185838  0.15353504
 -0.09432546 -0.05960915  0.27442515  0.00229574 -0.13752589 -0.05673846
  0.08193424  0.25042111  0.18324575 -0.02036398  0.04363354 -0.03858701
  0.12082133 -0.23319852  0.10984638  0.22056805  0.07500283  0.13919085
  0.07419913 -0.19370282  0.0280085   0.08710869 -0.21292244  0.02794688
  0.0359018  -0.1962721  -0.09244161 -0.05693696  0.19827123  0.1052487
 -0.06912877 -0.16900921  0.25104859 -0.16780154 -0.13084219  0.10201988
 -0.17178504 -0.14780846 -0.23946276  0.08642788  0.36709529  0.18571922
 -0.11992219  0.08358908  0.02535935 -0.10134879  0.03273639  0.09655296
 -0.04762669 -0.12937188 -0.05090953  0.05517055  0.23794772  0.01248919
 -0.02811254  0.25574633  0.03870195  0.05047129  0.0452584  -0.00769055
  0.01516812 -0.01982148 -0.11291319 -0.03023628  0.04990717 -0.13545503
  0.02550921  0.13687432 -0.17787728  0.19414692  0.00444495  0.04029115
  0.02141823 -0.03263934 -0.12208003 -0.00738161  0.19998583 -0.27371001
  0.23707031  0.10413285  0.0422451   0.1462249   0.1003296   0.14346471
  0.0446115  -0.14912936 -0.19706203 -0.07803516  0.0544972  -0.03260532
 -0.01890426  0.08550358]