[-0.07872904  0.01426981  0.06807365 -0.03670883 -0.12157518  0.02728304
 -0.07249425 -0.07332534  0.11539988 -0.03222155  0.17984261 -0.04353308
 -0.25102457 -0.05157593  0.06843615  0.10561362 -0.12990502 -0.00513338
 -0.08640056 -0.12363008 -0.01847634  0.08583356  0.06135949  0.04975503
 -0.19660607 -0.33905831 -0.04301158 -0.21785139 -0.03073213 -0.03529217
  0.01687592  0.08215538 -0.12001504  0.01912804  0.00430362  0.10335907
 -0.13180071 -0.09662347  0.20036694 -0.07017009 -0.11134936 -0.04363837
 -0.02048676  0.14610378  0.15443647  0.01740456  0.09864214 -0.06716707
  0.13566521 -0.2471727   0.0471484   0.13963804  0.02486918  0.04634236
  0.13337077 -0.1244413   0.02549043  0.12643512 -0.17996655  0.1095508
  0.03128079 -0.07797188 -0.0024959  -0.08284718  0.25702417  0.11555796
 -0.11793971 -0.06983447  0.17655957 -0.14439714 -0.08862362  0.08919349
 -0.12064732 -0.23941451 -0.269903    0.03519536  0.35550228  0.13737294
 -0.22808285 -0.05160674 -0.06816465 -0.06193156  0.12390865  0.07011158
  0.00049415 -0.13797489 -0.0835139   0.0165543   0.28696299 -0.09122137
  0.00719026  0.25864884  0.02794181  0.03380861 -0.02800999  0.0021615
 -0.08274324  0.02305216 -0.04373085  0.07814903  0.10280215 -0.09747656
  0.00551844  0.06953271 -0.14508832  0.17134835 -0.01362658 -0.04339777
  0.01801762 -0.05441437 -0.19218554  0.00451646  0.280754   -0.25025433
  0.24135819  0.13198447  0.04037967  0.1654582   0.02491241  0.10328046
 -0.03377646 -0.05790055 -0.23307914 -0.07533553  0.08715371 -0.02664255
 -0.0259475   0.06490651]