[-0.14390771  0.06101505  0.09758902 -0.08511837 -0.1676642   0.01468182
 -0.04725977 -0.03877835  0.18454657 -0.10596202  0.18982154  0.02616996
 -0.07927705 -0.00290067  0.00596511  0.17540646 -0.1218692  -0.0919461
 -0.16466543 -0.05317602 -0.02532441  0.13669945  0.08209552  0.05495585
 -0.19442417 -0.39421564 -0.05083608 -0.08898518  0.01024825 -0.07660179
 -0.00063946  0.11620321 -0.14077699 -0.03540914  0.09150707  0.09699498
 -0.09261843 -0.06059487  0.1644375  -0.01478699 -0.26942605 -0.04949684
  0.1116749   0.247766    0.27158976  0.01762764  0.07092826 -0.14375819
  0.18211116 -0.24964464  0.05971742  0.10183831 -0.04743265  0.11843586
  0.08560708 -0.07456605  0.01325021  0.21298842 -0.13810223  0.02474058
  0.01884763 -0.06551068 -0.05426747 -0.09260197  0.20001239  0.12284036
 -0.12998733 -0.19505851  0.19992118 -0.14099178 -0.07902768  0.12739469
 -0.15375531 -0.18325441 -0.28388438 -0.03420177  0.433265    0.09807915
 -0.12057389 -0.02654906 -0.07659211 -0.04757999 -0.01373522  0.17493507
 -0.01514566 -0.10275134  0.01473875  0.05462941  0.2821759  -0.01468348
  0.02226648  0.23132128  0.05161536 -0.02692434 -0.02998628  0.14035174
 -0.15252793  0.04754311 -0.12680821 -0.03351834  0.01642653  0.01037325
  0.02506367  0.18565524 -0.22867733  0.30364978 -0.02671982  0.037723
  0.09172842 -0.01536206  0.01698829 -0.06945154  0.13979849 -0.17894183
  0.14662565  0.1784575   0.06869217  0.16649294  0.01009297  0.10125197
  0.00942061  0.01099372 -0.23096058 -0.00600856  0.04010185 -0.0731785
 -0.05960337  0.04235522]