[-6.01193979e-02  7.19251260e-02  6.88076243e-02 -3.78194526e-02
 -1.12848088e-01  9.95497871e-03  8.20981711e-03 -1.13738351e-01
  1.70764297e-01 -1.09324470e-01  1.97334424e-01  1.17570395e-02
 -2.70851970e-01  8.83679762e-02 -2.17569470e-02  1.70342177e-01
 -1.93136722e-01 -1.71745211e-01 -7.35445768e-02 -7.40872398e-02
  6.30501211e-02 -6.94071408e-03  5.03105707e-02  1.41403466e-01
 -1.04175746e-01 -3.06011856e-01 -9.68154967e-02 -4.17240113e-02
 -3.09768282e-02 -3.31165045e-02  1.47537231e-01  8.20673779e-02
 -1.50760785e-01  6.72045052e-02  9.04859044e-04  2.86904890e-02
 -9.69303250e-02 -1.91997126e-01  2.52742171e-01  3.58305946e-02
 -2.33240724e-01 -7.92249292e-03  1.05540708e-01  2.24650547e-01
  1.60059348e-01  3.29925939e-02  6.21927530e-02 -9.45011824e-02
  1.60907954e-01 -3.32047403e-01  7.86358267e-02  2.19287649e-01
  7.28035793e-02  5.31471781e-02  1.07444197e-01 -1.61151245e-01
  2.24748123e-02  1.32225707e-01 -1.78028941e-01  8.73352140e-02
  5.38832769e-02  5.67181036e-03  6.60438240e-02 -1.82167187e-01
  1.80669293e-01  1.18234582e-01 -1.67365313e-01 -6.74697757e-02
  1.76112190e-01 -1.66707709e-01 -1.22971028e-01  1.34529471e-01
 -1.79101914e-01 -2.79421628e-01 -2.69538343e-01  1.97638329e-02
  4.56771076e-01  1.87319130e-01 -2.75366083e-02  4.21220344e-03
 -3.38418148e-02 -4.78620566e-02 -5.73379621e-02  1.92339659e-01
 -4.58946265e-02 -8.78952071e-02 -5.34038469e-02  3.56309861e-02
  2.38451034e-01  2.38879342e-02 -8.32284391e-02  3.35665673e-01
  5.59881702e-03 -2.40338612e-02 -6.43499866e-02  8.23317319e-02
 -8.09926838e-02 -4.67521511e-03 -1.38621658e-01 -1.85134597e-02
 -1.10280976e-01  2.57378444e-04 -2.31089294e-02  6.80835396e-02
 -1.73351392e-01  1.14664301e-01 -5.30638807e-02 -4.34516463e-03
 -4.56588864e-02  4.86858226e-02 -1.87288299e-01 -1.22709097e-02
  1.36464387e-01 -2.70372480e-01  1.10850833e-01  1.56812623e-01
  7.38223195e-02  9.21204761e-02  6.16164617e-02  1.12038568e-01
  2.78385766e-02 -1.13417938e-01 -1.82689831e-01 -5.93789369e-02
  6.86635971e-02 -3.02648842e-02 -3.86404153e-03  5.24718650e-02]