[-0.0679535   0.03842515  0.03434433 -0.05033777 -0.03991051  0.02732677
 -0.10304652 -0.03545924  0.13863246 -0.14334553  0.15830018 -0.0195511
 -0.29867715  0.00868364  0.05702518  0.17911297 -0.19581237 -0.17107883
 -0.04361964 -0.01661739  0.06512181  0.07692816  0.05810904  0.10496896
 -0.17266047 -0.39421645 -0.10028921 -0.15528223 -0.0546367  -0.16022667
  0.00537741 -0.04799287 -0.15483531  0.07806183  0.07491956  0.07014037
 -0.05173071 -0.13326794  0.25681388  0.08801189 -0.27653334 -0.09485805
  0.09020612  0.25135347  0.19930504  0.0282438  -0.01464682 -0.02212025
  0.15057187 -0.28585869  0.06668359  0.18271527  0.06178893  0.0912324
  0.09821398 -0.10985466  0.01742967  0.15462178 -0.24435478  0.09662308
  0.04691043 -0.09471209 -0.010003   -0.02497082  0.22650823  0.07535917
 -0.20913935 -0.11831058  0.169976   -0.20579448 -0.07524111  0.10201369
 -0.15132529 -0.27574456 -0.26747224 -0.0332178   0.33589515  0.15572426
 -0.17013569  0.01243188 -0.00140811 -0.05529199  0.02148169  0.23116577
  0.04097071  0.0262578  -0.04593102  0.03475647  0.22126953 -0.00912197
  0.00157746  0.28508329 -0.05345063  0.00246389  0.03668274  0.10950293
 -0.12093066 -0.12427892 -0.15952247 -0.07375301 -0.06061662 -0.02301073
 -0.03942815  0.12506337 -0.15123203  0.1387025  -0.01437837 -0.09643512
 -0.04294513  0.05290738 -0.12621228 -0.11280867  0.11805155 -0.26349363
  0.13114506  0.20294124  0.04433161  0.1042768   0.00214038  0.09182023
 -0.00369789 -0.06855329 -0.2150692  -0.10463678  0.00862973  0.04650567
  0.02029113 -0.05047571]