[-0.15755635  0.18007477  0.00487268 -0.05090205 -0.10957267  0.00978549
  0.02806116 -0.05826237  0.14111988 -0.03361552  0.16884652 -0.1291133
 -0.26994962  0.00213711  0.0530985   0.14009207 -0.18425316 -0.07333769
 -0.18412083 -0.03055422  0.0303883   0.04973756 -0.04138651  0.0442105
 -0.07966208 -0.39672866 -0.06229845 -0.12359471  0.05196816 -0.10763941
  0.00819938  0.01651295 -0.13293712 -0.09282421 -0.00111449  0.0178574
 -0.15949395 -0.04992225  0.18040179  0.03580192 -0.15294671 -0.0489732
  0.0488508   0.32388499  0.20647402  0.03969761  0.09602131 -0.1231944
  0.08516254 -0.3067413   0.02731651  0.13056543  0.10374939  0.09629867
  0.1861687  -0.12135869  0.01050751  0.07851768 -0.19550492  0.11398932
  0.07985821 -0.02510002 -0.06054939 -0.05066216  0.18913685  0.10183316
 -0.02518077 -0.10526785  0.21720928 -0.16004784 -0.09341806  0.04435073
 -0.04863963 -0.22947817 -0.29574212 -0.03500227  0.33462325  0.14782289
 -0.18792489 -0.02094796 -0.03486954 -0.08691542  0.12857595  0.060902
 -0.10934566 -0.04941369 -0.07527773  0.11080287  0.23519924 -0.10466762
  0.04496388  0.21524955  0.0758467  -0.10037234  0.04172619  0.02537461
 -0.08584464 -0.02070906 -0.15978786 -0.05278736  0.1362564  -0.10037041
 -0.00792909  0.09286319 -0.23005781  0.1772429   0.0313417  -0.07491288
 -0.05549298 -0.11367481 -0.09291924  0.05416053  0.23442453 -0.17379953
  0.1457873   0.20373601 -0.05867928  0.09229718 -0.00783333  0.00105066
  0.00563073 -0.05068807 -0.18977715 -0.06275403  0.05140889  0.05109289
 -0.07803222  0.01732105]