[-0.07607976  0.04586912 -0.02972687 -0.00619455 -0.11642405  0.0013289
  0.00869812 -0.12704687  0.21144654 -0.14356598  0.17838497 -0.01482605
 -0.25776911  0.00056364 -0.0536769   0.13282983 -0.0482376  -0.1837599
 -0.14567713 -0.0741284   0.03293748  0.08130755 -0.0218071   0.09612815
 -0.12247114 -0.21110302 -0.06336612 -0.13936639  0.03300922 -0.0683936
  0.04177404  0.0164443  -0.13383238 -0.04798738  0.00867248  0.04603885
 -0.15362304 -0.12381656  0.27174348  0.02689402 -0.20304854 -0.10406167
 -0.03627856  0.27445057  0.05964344 -0.04497325  0.0661127  -0.13195409
  0.07944105 -0.29737324  0.08039578  0.18966624  0.1531308   0.15599608
  0.02155012 -0.1078396   0.12261258  0.18516472 -0.23902893  0.09084208
  0.08867039 -0.05580104 -0.04730863  0.01647208  0.24524048  0.10552973
 -0.12933213 -0.08873685  0.13529599 -0.20364577 -0.13286644  0.11037
 -0.07593767 -0.27088287 -0.25563216  0.03253352  0.44167632  0.18668494
 -0.19040893  0.01042901 -0.06699986 -0.02554836  0.11283033  0.12495679
 -0.05240258 -0.0511963  -0.07271419  0.0203476   0.20942877 -0.06681562
 -0.0530302   0.25562868  0.10622653 -0.04256168  0.03595535  0.10303812
 -0.00981818 -0.01347313  0.00430461  0.02328955  0.11191736  0.00409958
  0.00355997  0.03809888 -0.13959301  0.26160091  0.00434906 -0.0277223
  0.04562776 -0.07249472 -0.09631689 -0.0696304   0.18845043 -0.22837068
  0.15323119  0.11761708  0.01334072  0.16988628  0.03528892  0.08967357
  0.01258043 -0.08939414 -0.21208207 -0.09145083  0.10284244 -0.00585241
  0.007466    0.02279789]