[-1.07595138e-01  6.53123558e-02  1.17781252e-01 -1.67988613e-02
 -5.75177073e-02 -2.00612769e-02 -3.24978158e-02 -3.08437720e-02
  1.42957702e-01 -1.11975789e-01  2.16567487e-01 -4.93922308e-02
 -2.33823687e-01 -1.45920888e-01  1.75787248e-02  1.35045990e-01
 -1.47971049e-01 -1.16614774e-01 -1.27185255e-01 -6.96142167e-02
  4.78235707e-02 -3.62015814e-02  5.64940721e-02  3.64699587e-02
 -1.95475936e-01 -3.89655530e-01 -7.44193420e-02 -1.27506047e-01
 -2.17380505e-02 -1.77764982e-01 -6.04016930e-02  1.21151224e-01
 -1.10166982e-01 -4.89515886e-02 -8.43202397e-02  8.90111402e-02
 -5.38530163e-02 -9.48001668e-02  2.11182803e-01 -3.37882247e-03
 -1.89090282e-01  2.81563886e-02  6.92280941e-03  2.56483942e-01
  2.67472088e-01  7.74112642e-02 -9.20672156e-03  2.12545823e-02
  1.99297935e-01 -3.22077125e-01  3.37122120e-02  1.67238966e-01
  8.46555233e-02  6.06377721e-02  1.62977919e-01 -1.15472436e-01
  3.94533575e-03  1.15595028e-01 -1.85887441e-01  4.98172864e-02
 -7.64217079e-02 -1.51031852e-01  1.98771004e-02 -1.25587508e-01
  1.66432217e-01  1.29785612e-01 -1.34919435e-01  2.06143390e-02
  1.68736994e-01 -1.18507423e-01 -5.55461422e-02  1.71731189e-02
 -1.56359583e-01 -2.08314583e-01 -3.44753563e-01  6.42831624e-02
  3.87956649e-01  1.95995048e-01 -1.69697762e-01  2.72636302e-04
  5.79670677e-03 -7.83439428e-02  1.16294781e-02  1.60787195e-01
 -1.12797998e-01 -5.79281896e-02 -6.81754574e-02  3.44683602e-02
  1.34547174e-01  1.67877451e-02 -4.07646932e-02  2.26333976e-01
 -3.19317281e-02  9.54247713e-02 -9.41785332e-03 -1.92665926e-03
 -1.22668386e-01 -1.07852416e-03 -1.03888705e-01  5.07354587e-02
  6.75418526e-02 -1.27454504e-01 -3.08179613e-02  7.93165714e-02
 -1.09691076e-01  1.14160292e-01 -1.09785553e-02  1.62489563e-02
 -2.50810646e-02  7.41301011e-03 -1.14775814e-01  2.86639743e-02
  1.23279743e-01 -2.42019787e-01  1.64013669e-01  2.32308671e-01
  9.75656509e-03  1.49847925e-01  1.12864457e-01  5.42707071e-02
 -1.11799967e-03 -7.69156963e-04 -1.78295329e-01 -8.85702893e-02
  1.09650046e-01 -4.13008500e-03  5.21146245e-02  6.38153031e-02]