[-0.08114555  0.0370185   0.04035075 -0.11326756 -0.04239663 -0.08474639
  0.04869137 -0.00398584  0.2036483  -0.06035388  0.22966671 -0.0798429
 -0.19893599 -0.06187507 -0.02434427  0.16861777 -0.10224271 -0.1435722
 -0.10039058 -0.07843933 -0.001485    0.02972056 -0.08725497  0.10033032
 -0.12119687 -0.30070102 -0.00952869 -0.20068978 -0.0753234  -0.14165473
  0.00365467  0.15374562 -0.1753362  -0.0847178   0.053823    0.08249216
  0.02270994 -0.03786157  0.16607267  0.09985496 -0.15360127 -0.05931606
  0.05734063  0.29471591  0.09635387  0.02241543  0.04356905 -0.03879833
  0.11443374 -0.17897463  0.0630942   0.07307537  0.16488038  0.05326889
  0.08416703 -0.16864729  0.06671821  0.07475474 -0.2911624   0.08609235
  0.06358784 -0.0676399  -0.09108134 -0.02633291  0.23955519  0.10347229
 -0.09446174 -0.08580721  0.15225057 -0.11645412 -0.05456414  0.05229844
 -0.12484632 -0.15488584 -0.21760632  0.06207014  0.35908374  0.11747988
 -0.19543421  0.0145306  -0.07016251 -0.07520119  0.04783235  0.05358103
 -0.06150337  0.02752502 -0.03396566  0.02838736  0.18059544  0.03592068
 -0.02621684  0.12660851 -0.09387726 -0.08613184 -0.02907477 -0.06739715
 -0.10265236  0.03107834 -0.05525827 -0.07436504  0.0309315  -0.09511626
 -0.04607645  0.06012009 -0.2566368   0.06170546 -0.02228969 -0.07955727
 -0.06140953  0.0442188  -0.08962198 -0.03129216  0.1488791  -0.19585206
  0.20008738  0.14453527  0.04662762  0.11492478  0.01391582  0.01447006
  0.03579012 -0.05013638 -0.1545314  -0.07475193  0.11730886  0.01206807
  0.1112968  -0.01614505]