[-1.61773011e-01  1.46049365e-01 -1.49650835e-02 -9.86541137e-02
 -2.40765154e-01 -1.14170508e-03 -4.17505801e-02 -1.28733069e-01
  1.06025860e-01 -1.29473463e-01  1.30273014e-01 -4.03512754e-02
 -2.20991120e-01  6.28880337e-02 -1.12550836e-02  1.12515099e-01
 -9.70945060e-02 -1.33906543e-01 -1.24715731e-01 -1.04589164e-01
  8.89729988e-03  7.01869205e-02 -1.05727287e-02  1.38653919e-01
 -2.60120202e-02 -3.02993596e-01 -8.64668489e-02 -3.21370214e-02
  1.30335599e-01 -8.40971991e-02 -1.50127718e-02 -1.02009177e-02
 -1.77902967e-01 -2.70439982e-02  1.32093886e-02  3.15197110e-02
 -8.98149982e-02 -1.20916098e-01  2.40140021e-01 -2.86214314e-02
 -2.20742643e-01 -5.32060079e-02  3.67017239e-02  2.62914807e-01
  1.93635449e-01 -5.32912165e-02  2.16471180e-02 -6.33841157e-02
  1.66487172e-01 -2.19005957e-01  1.07502490e-01  1.53524399e-01
  8.75890926e-02  7.25571215e-02 -2.15306021e-02 -1.71954110e-01
  1.68159977e-02  2.06732094e-01 -1.60382286e-01  5.00179753e-02
  9.38070789e-02 -1.20571859e-01 -4.41506095e-02 -4.33524400e-02
  2.47967154e-01  1.54946759e-01 -1.08198397e-01 -2.11230382e-01
  1.62863374e-01 -1.60433069e-01 -5.91196604e-02  2.90991534e-02
 -1.48817122e-01 -1.41037002e-01 -2.57495999e-01  9.46823806e-02
  4.19784248e-01  1.67206213e-01 -1.24830224e-01  2.92234160e-02
 -7.98327327e-02 -2.95231352e-03  8.07128921e-02  1.07442923e-01
 -1.22151501e-01 -7.55284280e-02 -6.11517318e-02  1.07189476e-01
  2.17881322e-01 -2.12177169e-02 -9.63565558e-02  2.32532665e-01
  5.24444133e-02  6.51442930e-02  4.29624394e-02  9.58710909e-02
 -1.05092660e-01 -3.23925726e-02 -9.87448767e-02  4.69945706e-02
  5.72656021e-02 -5.21521755e-02  2.50302441e-02  1.68075457e-01
 -1.65966719e-01  2.36263916e-01  2.47930409e-04  5.68201020e-02
 -3.20660844e-02 -2.72221304e-02 -1.18574932e-01 -2.89261118e-02
  1.42008901e-01 -1.72161296e-01  2.34956264e-01  1.16104037e-01
  9.18152407e-02  1.68833986e-01  1.31099775e-01  5.13641909e-03
  1.03315599e-01 -5.43249100e-02 -1.78500891e-01 -3.21558490e-02
  1.58941358e-01 -3.69156748e-02  6.04368821e-02  8.46310779e-02]