[-0.11475922  0.0243325  -0.03323091 -0.05101762 -0.07824891 -0.01666009
  0.02218823 -0.12963679  0.06663137 -0.13817385  0.23876061 -0.03321926
 -0.26243013 -0.03849795  0.0671642   0.11165015 -0.13079984 -0.04586709
 -0.18151523 -0.11180639 -0.05231049  0.02989918  0.0418996   0.08420929
 -0.18480809 -0.24045977 -0.06544822 -0.01167892  0.11502378 -0.02941249
  0.07494862  0.08436592 -0.10980636  0.044833    0.04768125  0.10474233
 -0.16348721 -0.08873887  0.32371742  0.0769907  -0.20290045 -0.01241584
  0.00057388  0.25983781  0.13155074 -0.01440218  0.05594957 -0.06129964
  0.06835034 -0.24140245  0.03200869  0.20930384  0.07507555  0.03845293
 -0.0240318  -0.20631751  0.04830381  0.1766834  -0.20423552  0.0054096
  0.08222558 -0.14525318 -0.05058557  0.01160119  0.14839958  0.13595572
 -0.13986796 -0.15330265  0.17850485 -0.17153029 -0.04418673  0.07617585
 -0.10844452 -0.21478328 -0.25760615  0.04369187  0.30880782  0.16697422
 -0.08649236  0.00936121 -0.06977216 -0.03057881  0.07498718  0.0866273
 -0.14273655 -0.1222975  -0.04403143  0.01698433  0.15373437 -0.00312931
 -0.04432875  0.19963507  0.08882947 -0.03510406  0.02961678 -0.03446227
 -0.14447032 -0.03370704 -0.05378107 -0.01081953  0.05445945 -0.14378165
  0.10299695  0.10365137 -0.233309    0.31334478  0.01223399 -0.05532278
  0.07540217  0.01726608 -0.1385359  -0.00640776  0.17020808 -0.2408614
  0.20296969  0.22086716  0.11957628  0.16076684  0.23019277  0.07577631
  0.00236103  0.06828454 -0.18236725 -0.07752026  0.02869261 -0.05639193
  0.08677672  0.01804377]