[-0.11733326  0.04136176  0.0368257  -0.10531692 -0.08395378  0.16016781
  0.03198078 -0.01388554  0.18176143 -0.13008586  0.27521449  0.08753557
 -0.17650704 -0.05303288  0.10391125  0.11440675 -0.18088095 -0.16325681
 -0.08547574 -0.05859739  0.04923398  0.08923864 -0.00572208  0.02182033
 -0.14730182 -0.30912134 -0.04507545 -0.06902104  0.09699039 -0.14441846
  0.07056136  0.02435512 -0.18702587  0.03511906  0.00040375  0.0881527
 -0.11191176 -0.15940431  0.28643176  0.03181686 -0.11555012  0.03082606
  0.00555183  0.29039383  0.14085121 -0.04226594  0.02507418 -0.01916942
  0.11832739 -0.32323205  0.09755059  0.18421614  0.10704281  0.13881581
  0.02516048 -0.10517253  0.02866617  0.13873377 -0.19933587  0.10269829
  0.03085312 -0.02917509  0.04849678 -0.09079808  0.27771524  0.13545536
 -0.13554114 -0.18363659  0.06545214 -0.08076623 -0.15839662  0.06343977
 -0.19821419 -0.18253811 -0.19737616  0.10010599  0.29340503  0.14319143
 -0.18938875  0.01461341 -0.08475821 -0.06412156  0.01388457  0.11194666
 -0.0226713  -0.07267024 -0.02777537  0.07030629  0.2881085   0.02083061
 -0.08752216  0.28406405  0.05002629 -0.03677024  0.01229585  0.01074306
  0.00084251 -0.01613656 -0.09037532 -0.01081271 -0.02172131 -0.04516021
  0.01111905  0.17076978 -0.20816384  0.27941564 -0.0517786   0.00988942
  0.0349975  -0.01430284 -0.13982563  0.00909148  0.14194281 -0.27165914
  0.243072    0.17007883  0.10277185  0.12927526  0.06787989  0.09216298
  0.01158829  0.05101821 -0.20687094 -0.04407546  0.06698103  0.01798097
  0.04477973  0.06846657]