[-0.03760614  0.02303036  0.12253829  0.00487218 -0.08579051 -0.03971885
 -0.00277059 -0.08721435  0.11998098 -0.12126432  0.2004257   0.01125595
 -0.17121689 -0.01811316  0.04284676  0.21447633 -0.14701432 -0.17112079
 -0.04447618  0.00363441  0.05879693  0.03136469 -0.00271685  0.04984996
 -0.20476276 -0.33878624 -0.11104414 -0.05993645  0.03881311 -0.11197115
 -0.11085993  0.09918832 -0.17353809 -0.01481351  0.06911471  0.11325043
 -0.08856722 -0.11127084  0.20180736  0.09454349 -0.30262434  0.08025403
  0.04591469  0.2559723   0.21697611 -0.00883047  0.0421298  -0.09482306
  0.08658607 -0.23554605  0.09816258  0.1225756   0.0668226   0.06489448
  0.0435164  -0.14303292 -0.00867671  0.10916987 -0.23159583  0.09144205
  0.10906626 -0.09488738  0.02344795 -0.04609953  0.12782906  0.0982669
 -0.11123371 -0.14936462  0.16196051 -0.1802105  -0.07370753  0.04810509
 -0.13606656 -0.22626938 -0.30150855  0.00475148  0.42758131  0.13993099
 -0.18765512  0.04861515 -0.01353689 -0.06370997  0.13671941  0.17371726
  0.02983307 -0.00613746 -0.06262453  0.04657385  0.25061542  0.01084149
 -0.02091806  0.23555553 -0.0144598   0.0302847   0.0332843   0.04109586
 -0.0892667   0.00066256 -0.16532241 -0.06591992 -0.09025013 -0.04899633
 -0.01990042  0.17784342 -0.14979663  0.17617071  0.0147882  -0.00498468
  0.00252475  0.05722924 -0.16905604 -0.0763125   0.08877385 -0.23724347
  0.15974173  0.21527664  0.04504743  0.05205461  0.10381186  0.05349152
  0.03281305 -0.04254864 -0.26025584  0.0080287   0.09029324 -0.0475515
  0.06863685  0.03096438]