[-0.05704947  0.13110512  0.00801575 -0.01799408 -0.15769231  0.03309364
 -0.12487288 -0.06074793  0.14664881 -0.03055741  0.28039023  0.01020843
 -0.24977002  0.02058736 -0.05264844  0.1209984  -0.07633382 -0.05798591
 -0.13030456 -0.10520722  0.00500044  0.0999312   0.03517225  0.05231728
 -0.15633829 -0.26076341 -0.04225644 -0.09468906  0.13268094 -0.08726645
 -0.08428592  0.04474832 -0.11262079 -0.03995631  0.10037148  0.04052846
 -0.00726528  0.00765136  0.26756838  0.04192677 -0.22887349  0.01337026
  0.06761342  0.22802234  0.20481363  0.01870995  0.08698726 -0.12350647
  0.12894398 -0.25217006  0.14173856  0.17145319  0.18702024  0.05087132
  0.01626863 -0.19399601 -0.08934566  0.21049447 -0.13494579  0.12953807
  0.11920001 -0.05111538 -0.10046081 -0.05814417  0.18548384  0.11795411
 -0.18723774 -0.17190206  0.10934252 -0.16119203 -0.06513835  0.19887635
 -0.1127231  -0.17366174 -0.31235191  0.06261577  0.50172889  0.12330347
 -0.17304805 -0.0209021  -0.05600098 -0.06087293  0.00229534  0.06496827
 -0.14247198 -0.05673055 -0.03426868  0.04981208  0.2610178  -0.01174324
 -0.01267123  0.23022278  0.03184061  0.13940197 -0.02847911  0.17970321
 -0.08543494 -0.11435565 -0.02893099 -0.01289788  0.01095257 -0.09051111
  0.04282715  0.08629407 -0.21887659  0.19984624 -0.04059086  0.01714953
  0.03762828  0.04369457 -0.01769901 -0.01477975  0.2363762  -0.23585045
  0.17097314  0.1387523   0.09488887  0.09820734  0.12365053  0.04943032
  0.04010341 -0.04402708 -0.15078151 -0.0967981   0.010704   -0.15036695
  0.0646432   0.0281938 ]