[-5.23736738e-02  2.45723873e-04  1.19242147e-02 -5.42510264e-02
 -1.39672279e-01 -6.87759975e-03 -3.67612764e-03 -9.68232006e-02
  1.62041605e-01 -1.36431754e-01  1.62102506e-01 -3.58929783e-02
 -1.08479545e-01  3.18512209e-02 -4.88965884e-02  9.97049287e-02
 -1.13310337e-01 -1.43475801e-01 -9.93811563e-02 -1.24830909e-01
  6.85051605e-02  7.81633407e-02  6.15107343e-02  1.03701971e-01
 -1.85929865e-01 -2.72386461e-01 -7.45719373e-02 -5.82670271e-02
  7.85138756e-02 -1.19182602e-01  7.68231601e-02  1.35922715e-01
 -1.35121301e-01  6.05296195e-02  4.87680584e-02  7.09355250e-02
 -8.56735334e-02 -9.02843475e-02  2.30682045e-01  1.47411497e-02
 -2.62038827e-01 -1.73888057e-02  1.85531154e-02  3.46313357e-01
  2.70818144e-01 -3.28169093e-02  2.38312464e-02 -6.78075626e-02
  9.44136828e-02 -3.26796800e-01  2.07826346e-02  1.72826588e-01
 -2.66891606e-02  4.01451848e-02 -9.63022839e-03 -1.14967540e-01
 -3.66114825e-02  1.14091046e-01 -1.63780108e-01  4.72377911e-02
  6.56420812e-02 -1.72537550e-01 -3.79141569e-02 -1.33510292e-01
  1.94634259e-01  9.79581922e-02 -1.82652399e-01 -1.79884598e-01
  1.50257707e-01 -2.56500632e-01 -2.95219198e-02  1.56500712e-01
 -1.34414315e-01 -2.14402422e-01 -2.27265552e-01 -1.77042037e-02
  4.97673750e-01  1.50046572e-01 -8.58833790e-02  6.40095919e-02
 -1.13407545e-01  3.55493203e-02  2.69583017e-02  1.89348161e-01
  3.52783948e-02 -3.54363509e-02 -5.12613729e-02  6.81250766e-02
  2.17004731e-01 -9.69040394e-02 -7.77192637e-02  2.27046058e-01
  1.86412185e-02 -2.96347626e-02 -9.35380626e-03  8.78350288e-02
 -1.10352904e-01  2.04063207e-02 -8.66468102e-02  2.15814821e-02
 -1.00713946e-01 -1.40615255e-02  4.56082709e-02  1.09481618e-01
 -1.46179765e-01  3.37451845e-01 -2.91923247e-02 -1.12646129e-02
  9.84289125e-03 -4.27197553e-02 -4.65895385e-02 -4.61168811e-02
  1.50337815e-01 -3.08148742e-01  9.21526104e-02  1.79603502e-01
  1.22650415e-01  2.29183361e-01  2.17780955e-02  1.23428032e-01
  2.13881694e-02  1.29874712e-02 -1.83976263e-01  1.48148579e-03
 -3.92305925e-02 -4.24506962e-02 -1.77673269e-02  1.22421635e-02]