[-0.0507364  -0.00154798  0.0975303  -0.04216303 -0.14996707  0.07201768
  0.00731677 -0.09268831  0.21761531 -0.19400141  0.04566155 -0.07140984
 -0.20172939  0.04490636  0.01454034  0.21180889 -0.15464002 -0.2219469
 -0.15008235 -0.14464703 -0.09897257  0.02083914 -0.02394012  0.0989577
 -0.14372493 -0.3480815  -0.05974821 -0.10275462  0.02875216 -0.11041247
 -0.00277103  0.11033424 -0.13371889  0.01584545  0.07633601  0.12469334
  0.02265005 -0.15200046  0.17908727 -0.02161201 -0.27502617 -0.04130236
  0.13306248  0.22216445  0.24005128 -0.01140864 -0.02335309 -0.07418983
  0.23246032 -0.2973806   0.04871813  0.08252822  0.04635486  0.08955422
  0.09471227 -0.17103156  0.03254212  0.09161229 -0.21048942  0.09266831
  0.06939355 -0.14376611 -0.00218333 -0.056185    0.17765354  0.13150804
 -0.0850834  -0.23151287  0.22649825 -0.28131548 -0.02395752  0.09776983
 -0.10001193 -0.15390131 -0.28739598 -0.05689087  0.46524307  0.21944283
 -0.16463751 -0.01251156 -0.03206836 -0.04051107  0.07254629  0.2265511
  0.04116343 -0.07005605 -0.02529593  0.01840245  0.30171758  0.01751427
 -0.0587026   0.22002056  0.01323361 -0.02347537 -0.0321469   0.03633636
 -0.13425688 -0.00776774 -0.18338098 -0.04203157 -0.08901037  0.0652558
  0.02005871  0.11118533 -0.17240694  0.2223428  -0.04514589 -0.04004481
 -0.03930629  0.02294116 -0.08987679 -0.00329362  0.22094379 -0.25973472
  0.09997367  0.19437078  0.08171989  0.13005257 -0.00560402  0.08304559
  0.08757585 -0.05815057 -0.18805008 -0.05655384  0.00821226 -0.11417173
 -0.00306036  0.06407777]