[-7.81408399e-02  2.64804177e-02  6.52111620e-02 -1.43130839e-01
 -1.76579997e-01 -1.19275652e-01  2.18629353e-02 -1.63654853e-02
  2.02847660e-01 -1.90468296e-01  1.82908967e-01 -1.10754184e-01
 -2.40478143e-01  5.06835207e-02 -4.01511509e-03  2.01962322e-01
 -1.40780210e-01 -7.52875283e-02 -1.26558825e-01 -5.86022437e-02
  6.84881881e-02  5.09379618e-02 -1.84438378e-02  7.64099434e-02
 -4.32963297e-02 -3.56644481e-01 -5.00795618e-02 -6.79746792e-02
 -4.00579236e-02 -5.83848543e-02  6.01620600e-02  1.68642819e-01
 -1.30065292e-01 -8.58671889e-02  4.38546091e-02  6.73152804e-02
 -5.90606965e-02 -1.07313149e-01  2.16395348e-01  3.12163588e-03
 -3.05703908e-01 -3.35956216e-02  3.24899964e-02  2.16025218e-01
  1.99167475e-01  3.29203866e-02  3.44114378e-02 -1.52986214e-01
  2.07287773e-01 -3.09554845e-01 -1.74592547e-02  1.07609928e-01
  5.59419468e-02  1.30848261e-02  7.39230141e-02 -1.41516492e-01
  5.75440675e-02  1.82525977e-01 -3.69304687e-01  3.17201465e-02
  7.68469125e-02 -1.82704970e-01  1.38732232e-03 -1.23381451e-01
  2.58883387e-01  1.21856667e-01 -1.68222263e-01 -1.56334162e-01
  2.39099741e-01 -2.17026919e-01 -3.31686512e-02  1.37394473e-01
 -1.18996546e-01 -2.31505096e-01 -3.23351085e-01  4.79203649e-03
  3.39100212e-01  1.52556837e-01 -6.87840432e-02 -4.31324402e-03
 -6.98082149e-02 -2.94086449e-02  3.85352448e-02  2.04883158e-01
  1.00478716e-02 -9.13835093e-02 -9.53215919e-03 -1.85798854e-02
  2.07452685e-01 -7.57653564e-02 -6.37253225e-02  2.87860513e-01
 -1.62272677e-02 -1.80913676e-02 -7.32518360e-02  4.96003255e-02
 -1.69471949e-01 -1.52367121e-02 -1.15297958e-01  9.44307074e-03
 -1.44217722e-02 -7.97973648e-02 -1.21996785e-03  1.40957817e-01
 -1.80847302e-01  1.14495277e-01 -1.71620548e-01 -2.62265727e-02
 -6.40823394e-02 -9.94959846e-02 -5.54069765e-02 -5.54042011e-02
  1.41664430e-01 -2.27821082e-01  1.53809339e-01  1.78282753e-01
  5.30401766e-02  1.60394058e-01  4.35926989e-02  3.12499031e-02
  5.01545481e-02 -1.00474611e-01 -2.37097353e-01 -2.84792632e-02
  1.19744971e-01  3.09238676e-04  5.05257174e-02 -2.23104050e-03]