[-0.08525097  0.19682756 -0.09288266 -0.08993506 -0.08721437  0.05072454
 -0.00416022 -0.08753704  0.20275319  0.02162392  0.2126803  -0.02505313
 -0.23250557 -0.01417729 -0.0284267   0.15973555 -0.24372841 -0.06859855
 -0.15633813 -0.07263132 -0.06459945  0.03595599  0.01543136  0.05592881
 -0.11492783 -0.30226037 -0.0733059  -0.08443594  0.13570593 -0.1410425
  0.06631272  0.0524403  -0.16702631 -0.07481999  0.09570993  0.0523276
 -0.10805283 -0.07160433  0.22070269  0.10285534 -0.0710794   0.09227042
  0.01983651  0.36876643  0.22149198  0.01978951  0.02858989 -0.09651144
  0.10513213 -0.30755091  0.10976939  0.10016353  0.16011393  0.07453075
  0.08487084 -0.19728786 -0.02327777  0.19987096 -0.26378408  0.15069477
  0.08028077  0.01810085 -0.11946261 -0.06526076  0.21341339  0.20597452
 -0.20626386 -0.13752301  0.08057228 -0.13547547  0.00505047  0.0707332
 -0.06660849 -0.2356997  -0.2646946   0.11533774  0.36308965  0.19770862
 -0.23984337 -0.08759685  0.03187297  0.01279865  0.06550536  0.09303068
 -0.19045541 -0.10063258 -0.00110842  0.01613037  0.130768    0.03961641
 -0.13778287  0.27922207 -0.02603451 -0.00254672 -0.01322846  0.02165608
 -0.07583068 -0.0883785  -0.09985898 -0.06935081  0.06087314 -0.1004854
 -0.01334252  0.11391705 -0.13626251  0.19319148 -0.01595799  0.00307193
  0.00750158 -0.00205347 -0.10765568  0.02849989  0.24372999 -0.32379439
  0.26531214  0.20116563 -0.01444526  0.10275474  0.09814853  0.02153873
  0.06486179  0.06546555 -0.08144644 -0.06246085  0.04298292 -0.07334998
  0.0603761  -0.04531599]