[-0.08992033  0.12145562 -0.05811508 -0.06304444 -0.09568568 -0.03928359
  0.00136503 -0.0961317   0.1856183  -0.0562572   0.30084643 -0.08056428
 -0.24883793 -0.13910659  0.06107298  0.08969952 -0.14407076 -0.09223932
 -0.04097339 -0.03946536  0.06560536  0.03365978 -0.05862959  0.07574192
 -0.13473843 -0.35183129 -0.0855621  -0.12130963 -0.02408605 -0.14196604
  0.05199928  0.09136627 -0.16236046 -0.07063325  0.06383967  0.08103253
 -0.14450896  0.02220654  0.19359697  0.01475449 -0.10021258 -0.01490847
  0.0201881   0.27067655  0.13123111 -0.00412823  0.05291315 -0.12454952
  0.08454081 -0.21882315 -0.00139684  0.24404919  0.16407061  0.11214628
  0.0434264  -0.15962359  0.0003689   0.11714576 -0.25565267  0.11419871
  0.08636817 -0.09989502 -0.13695835 -0.02694784  0.19512856  0.07579479
 -0.16943207 -0.16681764  0.10567033 -0.13792595 -0.07673447  0.10820527
 -0.15242483 -0.32886425 -0.23066787  0.11929246  0.33761996  0.10577882
 -0.20172678  0.00509404 -0.06145148 -0.04132972  0.02236106  0.05863499
 -0.03047554 -0.10015097 -0.070261    0.10742082  0.12553686 -0.08984344
  0.01980955  0.20763749 -0.03507435  0.07592033 -0.02919338  0.03371343
 -0.06270835  0.05562845 -0.0310586   0.03450128  0.06886153 -0.15280418
  0.00720562  0.05153486 -0.15874669  0.22415228  0.01885365 -0.02980055
 -0.04255159 -0.05453895 -0.1059413   0.00366096  0.18015556 -0.31122094
  0.33212063  0.17202413  0.03079351  0.17678575  0.02050368  0.06399062
  0.02288486 -0.06197366 -0.16992974 -0.04642189  0.00468925  0.00931628
 -0.03962999 -0.07583181]