[-0.23716716  0.05445265 -0.02842021 -0.08440982 -0.11245651 -0.00102298
  0.01991958 -0.01495637  0.126993   -0.08652578  0.19079795  0.01398819
 -0.25101271 -0.15725534  0.02581946  0.20374124 -0.14074199 -0.16383435
 -0.08466828 -0.09838229  0.04599217  0.09067816 -0.05414594  0.10787826
 -0.09858453 -0.29383567 -0.0186309  -0.10199635  0.04373864 -0.12038759
  0.00866228  0.0458345  -0.13712372 -0.03195545  0.05970584  0.10919707
 -0.08199024 -0.0087503   0.22143112  0.08430161 -0.21685825 -0.10175798
  0.06981748  0.33907041  0.21755482  0.0044622   0.01763415 -0.06293427
  0.16277426 -0.30323684  0.0656063   0.17386769  0.09193695  0.08144099
  0.03216662 -0.18690297 -0.02097173  0.21085596 -0.24495083  0.13328695
 -0.00191009 -0.16978212 -0.09495625 -0.0457798   0.20310791  0.09452059
 -0.18100205 -0.1807656   0.18675926 -0.176503   -0.0926009   0.10714702
 -0.13156967 -0.2247826  -0.32749966  0.06220473  0.32336009  0.14265074
 -0.12377831  0.03039295 -0.00315736 -0.03911229  0.06732801  0.20134103
 -0.04634128 -0.0515964  -0.03033098  0.02368319  0.15082163  0.00978412
 -0.02132605  0.23450147 -0.00253753  0.03062656  0.00133939  0.09883101
 -0.07234363 -0.04184467 -0.07262181 -0.07475992  0.03431482 -0.1291167
  0.07505058  0.09258272 -0.15255383  0.19573025 -0.01086062  0.06448786
 -0.05528935 -0.06890555 -0.0570238   0.01652966  0.12833118 -0.18365075
  0.27873498  0.21927826  0.05784575  0.15320633  0.12253005  0.02047031
  0.03335382 -0.08349707 -0.16141398 -0.00553393  0.06253377 -0.04943896
  0.06836201  0.012903  ]