[-7.67194033e-02  3.70790884e-02 -4.64559533e-04 -1.53810412e-01
 -1.17677614e-01 -2.37778835e-02 -9.33437515e-03 -8.71041119e-02
  2.54638433e-01 -1.17400169e-01  1.58175483e-01  4.97001261e-02
 -2.30244428e-01 -6.44804724e-03 -6.65768608e-02  1.96845174e-01
 -1.73182130e-01 -1.66519731e-01 -1.06616197e-02 -2.28629597e-02
  5.13184927e-02  4.84379493e-02 -5.63676059e-02  1.01899743e-01
 -6.47434890e-02 -2.93994039e-01 -1.68706894e-01 -6.66032434e-02
 -3.05999052e-02 -4.51341942e-02  8.16957504e-02  1.75145820e-01
 -8.72466788e-02  1.79871488e-02  7.18974918e-02  1.13071404e-01
 -4.79754917e-02 -1.06244750e-01  1.74829394e-01  6.86318576e-02
 -2.41668850e-01 -4.66604605e-02  4.37954143e-02  2.71420687e-01
  1.98530123e-01  6.16650516e-03  4.08756882e-02 -1.04920745e-01
  1.47101089e-01 -2.31742904e-01 -2.64616739e-02  1.79159448e-01
  6.48909286e-02  3.02484743e-02  5.89276999e-02 -1.74165130e-01
  9.39636230e-02  9.29668248e-02 -2.74948776e-01 -1.27663463e-02
  7.37274662e-02 -1.73427671e-01 -1.43783242e-02 -8.56529102e-02
  1.57126859e-01  7.46399537e-02 -1.45262122e-01 -1.80301189e-01
  2.36982912e-01 -2.33230352e-01 -5.19652553e-02  8.75058398e-02
 -1.70731813e-01 -2.41798609e-01 -2.44767159e-01 -1.12038366e-02
  3.98514539e-01  2.22215474e-01 -4.07852679e-02  1.25218511e-01
 -1.43560497e-02 -3.36932391e-02  2.58779824e-02  1.93651468e-01
 -2.35734768e-02 -7.90627673e-03 -8.90840292e-02 -3.25665809e-04
  1.78044975e-01 -1.85918808e-02  2.54841670e-02  2.70672053e-01
 -2.59268098e-02  6.67605773e-02 -2.62341704e-02  1.84497740e-02
 -5.79493530e-02  5.56549542e-02 -8.66808668e-02  2.50510816e-02
 -7.92083442e-02 -4.01742496e-02  4.42775637e-02  1.00469410e-01
 -1.10906415e-01  1.44514918e-01 -5.08376025e-02  3.30109894e-02
 -1.01985417e-01 -5.11028059e-02 -9.43974480e-02 -3.46533693e-02
  1.71691090e-01 -2.26985276e-01  1.09812640e-01  1.57223448e-01
  3.37779261e-02  1.26104757e-01  8.75264704e-02  1.05123885e-01
 -9.32973903e-03 -1.67674825e-01 -2.52150744e-01  1.46994060e-02
  4.61803749e-02 -8.72610807e-02  2.32286416e-02  6.85356557e-03]