[-0.11533737  0.08368927  0.03921062 -0.08023567 -0.06297478 -0.02905675
 -0.04322258 -0.0766328   0.25701863 -0.07490373  0.18866859  0.07419472
 -0.17959385  0.04065834  0.02955923  0.1154845  -0.24024972 -0.10820455
 -0.07990662 -0.04996001  0.04391097  0.0821479   0.03515889  0.09696348
 -0.2126216  -0.35962361 -0.10093861 -0.12299531  0.09118544 -0.04352018
  0.00980321 -0.01538955 -0.14782463 -0.03216834  0.11075705  0.08841939
 -0.07485332 -0.08595784  0.23985751  0.05298657 -0.24719593 -0.01651351
  0.08320904  0.23916219  0.23866941  0.11001015  0.06193855 -0.12720966
  0.14436752 -0.23281239  0.10665724  0.18835655  0.03623997  0.1014352
  0.08797611 -0.20126382  0.029708    0.16068637 -0.25343499  0.04406729
  0.05612872 -0.0455217  -0.00162762  0.0623683   0.21556541  0.11998285
 -0.13883638 -0.12995242  0.19051635 -0.20872086 -0.10114128  0.03694957
 -0.11757763 -0.24472116 -0.26178354  0.00529111  0.4153308   0.19611196
 -0.13681568  0.11346983 -0.04889909 -0.04836436  0.04406453  0.15668289
 -0.13452999  0.03967226 -0.03605563  0.02697519  0.21340051  0.06611484
  0.00928851  0.26831153  0.01422716 -0.00903014  0.0798849   0.07445205
 -0.17972791 -0.05722112 -0.16848736 -0.17287867  0.10294608  0.0382067
  0.06892242  0.16012827 -0.28987238  0.24895775 -0.02616405 -0.07432126
  0.00894791  0.01934626 -0.04165364 -0.037146    0.16299435 -0.2156352
  0.21433033  0.17908686  0.05535235  0.20515937  0.09880883  0.02850371
  0.02683119 -0.00952585 -0.17136104 -0.06171254  0.03123708 -0.02738156
  0.15054671  0.01685564]