[-0.12261624  0.03507251  0.01540017 -0.02553514 -0.00758588 -0.0923662
  0.05224188 -0.06636592  0.09409203 -0.05936868  0.23674364 -0.05765445
 -0.23781827 -0.17332694  0.04198114  0.06927907 -0.14445512 -0.13927774
 -0.04664803 -0.15147558 -0.00873781  0.04974059  0.00377544  0.10295095
 -0.08857448 -0.31475601 -0.08493751 -0.23623799  0.08274805 -0.04643393
 -0.03148683  0.13390742 -0.15853676 -0.06006072  0.0056751   0.0432743
  0.0180089   0.05193153  0.20657465  0.07253987 -0.07102896 -0.10698961
  0.02559271  0.32237318  0.07338872  0.01058013  0.0322035   0.09968239
  0.05798377 -0.20749575  0.0218477   0.1535102   0.25774527  0.07887782
  0.06114623 -0.18632925  0.00139575  0.03543064 -0.1914583   0.1675463
  0.01499031 -0.13985509 -0.11427008 -0.04204284  0.29976496  0.0586377
 -0.11138248 -0.0947408   0.22405806 -0.12671226 -0.05912023  0.1275977
 -0.11619697 -0.11532417 -0.14499013  0.09231211  0.29926208  0.15651175
 -0.18004303  0.02755114 -0.18252322 -0.04228588 -0.02744652  0.00901075
 -0.09040414  0.08425534 -0.10642003 -0.00263674  0.09014504 -0.00643954
 -0.00519491  0.21116126 -0.04080877  0.10740978  0.02954844 -0.09004842
 -0.04828604 -0.03817211 -0.04411277 -0.01036933  0.05132001 -0.20432276
 -0.00288085  0.00870126 -0.17688684  0.13513297 -0.00217937  0.00252045
 -0.04531989  0.07934003 -0.077444   -0.00853931  0.16412228 -0.2839238
  0.23023498  0.1826427   0.03601203  0.15091024  0.00171112  0.04496535
 -0.04550959 -0.11554118 -0.15833376 -0.11655168  0.08824563 -0.08510163
 -0.02756617  0.02783105]