[-0.15397805  0.13575082  0.00159168 -0.10577772  0.01092198 -0.07506843
  0.04068701 -0.07051886  0.20826723 -0.12099655  0.2441238  -0.12172049
 -0.18921787 -0.1161279   0.05216264  0.16550559 -0.10105681 -0.07326239
 -0.14143081 -0.12028676  0.04617986  0.00278061  0.00481008  0.11585728
 -0.12909949 -0.38457337 -0.09767148 -0.07230132 -0.00805674 -0.07158591
  0.03193101  0.08852992 -0.20997341 -0.08219454  0.02044568  0.09539333
 -0.01893101 -0.04924849  0.15920042  0.04249121 -0.11743341  0.00984469
  0.06559972  0.29362825  0.13455522  0.02975108  0.05054422 -0.07718017
  0.11588794 -0.1991868   0.05816059  0.12454776  0.06286047  0.05086759
  0.12648727 -0.04469641  0.07607929  0.11010927 -0.27636862  0.04046902
  0.10768031 -0.01799554 -0.15056589 -0.02341905  0.21263842  0.20402771
 -0.1295819  -0.13642141  0.15084113 -0.1384206   0.01742212  0.08154834
 -0.10683406 -0.20339905 -0.21509823  0.11705284  0.41070664  0.1856703
 -0.17084491  0.01683997 -0.07219689 -0.02931436  0.14613117  0.08544396
 -0.07311749 -0.04181584 -0.04182414  0.12225597  0.14161301  0.06280445
 -0.06605039  0.24696274  0.01078228 -0.04032914 -0.02729762  0.00695349
 -0.13619679 -0.00627311 -0.09800607 -0.04740363  0.12410994 -0.01982558
 -0.0346317   0.06891681 -0.19063005  0.19130044 -0.01149188 -0.02054279
  0.00190506  0.03264985 -0.07430536  0.00353288  0.05430005 -0.23249237
  0.14297509  0.10875386 -0.02422745  0.12110775  0.04556553  0.07097383
  0.08254541 -0.0475899  -0.14015219 -0.08023743  0.07995226  0.01346488
  0.09143929 -0.05286137]