[-0.08830699  0.10221565  0.09038109 -0.13603708 -0.15412834 -0.02582766
 -0.04759076 -0.18494457  0.1236152  -0.17245911  0.13202922 -0.11291879
 -0.17992324 -0.0075401  -0.06276274  0.24893643 -0.16532925 -0.21170577
 -0.18767229 -0.10587395 -0.01202718 -0.01860209 -0.07128607  0.07115616
 -0.10981072 -0.27905378 -0.013848   -0.04066202  0.07639545 -0.09191937
  0.01017536  0.11277268 -0.14560062  0.01350715  0.01530456  0.06957351
  0.01647233 -0.14527352  0.18710157 -0.03738545 -0.24079362  0.02803047
  0.10555986  0.25318372  0.22107759 -0.01457041  0.07050017 -0.10862883
  0.18546146 -0.30409777 -0.03638867  0.08937717  0.0142271   0.09052084
  0.10029086 -0.21101442  0.04677946  0.07711079 -0.19093359  0.02716739
  0.06535107 -0.06929661 -0.05520823 -0.16118196  0.22703952  0.08771133
 -0.11520042 -0.13626775  0.25913051 -0.13540733 -0.0550064   0.03188081
 -0.11435346 -0.10768156 -0.31200674 -0.04370483  0.40613678  0.26619169
 -0.19120821  0.01921611 -0.05850322 -0.00696327  0.02063894  0.09538601
 -0.02914959 -0.00134612 -0.03495549  0.06109196  0.22843185 -0.01113554
  0.0078199   0.24011561  0.08793408 -0.05736466 -0.09204727  0.04008292
 -0.15682611 -0.02009776 -0.17459038 -0.05035024  0.02203276  0.06801259
  0.07245196  0.19217828 -0.18896234  0.25919682 -0.03303592  0.00327214
 -0.09071353  0.04941634  0.00283696  0.03140841  0.13961546 -0.17090344
  0.08858552  0.23474362  0.12341911  0.07512833  0.05532638  0.00749185
  0.04007823 -0.02623322 -0.17960688 -0.10999224  0.03405161 -0.07939786
  0.01460926  0.13244198]