[-0.16731524  0.11435226  0.12700729 -0.07904151 -0.10970739 -0.04333716
 -0.00837252 -0.0763883   0.21326111 -0.03413338  0.18449627  0.04526994
 -0.19742164 -0.03177676 -0.0899652   0.11829673 -0.19531851 -0.13056874
 -0.14924087 -0.14605895  0.0439473   0.08659972  0.05695042 -0.03899615
 -0.14973003 -0.31205094 -0.07386327 -0.09485159  0.08128954 -0.0666826
  0.05714213  0.08235395 -0.21464834 -0.11001272  0.00653782  0.04951111
 -0.08202199 -0.07816951  0.24828248 -0.06857438 -0.168162    0.05105499
  0.05798066  0.20864348  0.18145506 -0.00284286  0.05733494 -0.10849556
  0.08978847 -0.27063531  0.09250008  0.23755619  0.05923687  0.0687834
  0.08211472 -0.17789176 -0.01662867  0.14643164 -0.18822746  0.08926737
  0.0824476  -0.10160181 -0.06143408 -0.05674122  0.1062808   0.15341844
 -0.10418621 -0.1975096   0.1733532  -0.13261633  0.01554313  0.09987456
 -0.09347665 -0.16441645 -0.22878101  0.02729643  0.36068869  0.08025165
 -0.14268129  0.02995686 -0.1596344  -0.04349191 -0.02618126  0.04724713
 -0.120568   -0.0263975  -0.09938524  0.05745909  0.15279463  0.01206554
 -0.04229162  0.25807008  0.05274621 -0.02518347  0.02706982  0.11028447
 -0.17062695 -0.01867733 -0.09385335  0.01438328  0.08876286 -0.07462326
 -0.02474287  0.10276293 -0.09532012  0.18702324 -0.07485148  0.03197004
 -0.04895205 -0.09661633 -0.03560065 -0.01390445  0.19802706 -0.16701724
  0.22636081  0.13909602 -0.07913841  0.19082241  0.11809929  0.08613658
 -0.01120318 -0.01954347 -0.1720039  -0.06641008  0.01810724 -0.04556116
  0.04482127  0.07995228]