[-0.07613891  0.00946537 -0.00486368 -0.10182244 -0.15028279  0.02598728
  0.05751225 -0.06197405  0.23740064 -0.09846697  0.16411425 -0.13243483
 -0.21133721  0.02969002 -0.0626487   0.20043346 -0.13972469 -0.22267245
 -0.07081421 -0.04868579 -0.0099399   0.00746773 -0.04061947  0.16070841
 -0.13711777 -0.38831893 -0.04827581 -0.14234519 -0.05335987 -0.04864623
 -0.0151724   0.15790346 -0.16243866 -0.01092511  0.06093578  0.09271993
 -0.08160978 -0.08671656  0.2051045   0.03285191 -0.27817205  0.02856579
  0.13114695  0.27425689  0.15185086  0.01228093 -0.03971066 -0.01600978
  0.1217365  -0.26310307  0.04924433  0.16410819  0.08270265  0.02191321
  0.08536322 -0.13562217 -0.02216513  0.14031143 -0.25934041  0.03532199
  0.01684858 -0.07218727 -0.05543128 -0.13793088  0.18642393  0.19950321
 -0.09561239 -0.12902585  0.1860335  -0.1556683  -0.03684559  0.05391771
 -0.17470096 -0.22274634 -0.18750912  0.04960638  0.42893755  0.15157476
 -0.0809783   0.0565393   0.03089301 -0.02220481  0.01800812  0.09014605
 -0.04114123 -0.03909993 -0.04779379  0.05875821  0.14281791 -0.01071408
 -0.02960056  0.16601044 -0.08665559 -0.03547856 -0.01555972  0.01000252
 -0.13091972  0.04395579 -0.1935993  -0.06370224 -0.01080047  0.01906161
  0.01162668  0.06868192 -0.16505748  0.07156805 -0.0234683  -0.0629462
 -0.04714284  0.05932214 -0.07868971 -0.01392948  0.12687191 -0.20589156
  0.17976084  0.08554778  0.04094526  0.13122059  0.05099858 -0.01940341
  0.04279778 -0.0577388  -0.21722087 -0.04373927  0.13686308 -0.01200085
  0.07619951  0.01023035]