[-4.13277969e-02  1.11935899e-01  3.05508822e-02 -1.42576143e-01
 -1.18928321e-01  7.49677699e-03 -1.26464944e-02 -1.11053154e-01
  2.53436029e-01 -1.00287378e-01  1.91591278e-01  4.80576940e-02
 -1.50738060e-01 -9.37011465e-02  4.13817689e-02  1.41572595e-01
 -8.12761784e-02 -1.57706738e-01 -1.16336495e-01 -1.06204510e-01
 -4.44176272e-02 -6.03276901e-02  3.88010102e-03  9.65881348e-02
 -1.79791346e-01 -3.01464111e-01 -1.19953483e-01 -1.04947709e-01
 -3.14925052e-03 -3.08915731e-02  6.03161901e-02  1.22682042e-01
 -1.88917845e-01 -3.25758010e-02 -5.75944316e-03  3.19749638e-02
 -1.68711483e-01 -6.95362315e-02  2.01514930e-01 -2.73096338e-02
 -1.43639281e-01  5.79413027e-02 -3.62768695e-02  2.31405303e-01
  2.08322406e-01 -8.29284918e-03  1.07529446e-01 -2.43712384e-02
  2.05015987e-01 -2.24650562e-01  4.18292619e-02  1.81835949e-01
  3.00159995e-02  1.02379560e-01  7.31629580e-02 -1.04843579e-01
  1.02566585e-01  1.82308927e-01 -2.73412406e-01  7.28392079e-02
 -1.50293885e-02 -1.46357253e-01 -8.60931277e-02 -5.69705442e-02
  1.78678855e-01  1.79587439e-01 -1.08785883e-01 -1.88081339e-01
  1.60636067e-01 -1.51806533e-01  4.02398081e-03  1.03949599e-01
 -2.20587820e-01 -2.29672015e-01 -2.75338650e-01  1.12387076e-01
  3.91012013e-01  1.76983818e-01 -1.33674175e-01  2.94507481e-04
 -3.45821260e-04 -1.02214552e-02  3.64441909e-02  6.87336326e-02
 -5.30738831e-02 -1.65744022e-01 -5.47377318e-02  3.74357812e-02
  2.31002808e-01 -3.15459222e-02 -7.83731863e-02  2.27079958e-01
  9.40489490e-03  8.17148108e-03 -8.46132189e-02  2.94496082e-02
 -7.41474330e-02  3.93589959e-02 -6.26476631e-02  8.75368714e-02
 -8.05707648e-04 -2.57649813e-02 -5.73270507e-02  4.84045744e-02
 -1.32071391e-01  2.42122024e-01 -1.93555728e-02  3.45025137e-02
 -1.35691166e-01 -3.06879375e-02 -1.47051170e-01 -2.44546961e-03
  1.60076022e-01 -2.27600813e-01  2.84987003e-01  1.86004266e-01
  6.02679700e-02  1.19218610e-01  3.45475301e-02 -6.92175515e-03
  1.78592876e-02 -4.35709469e-02 -1.46214992e-01 -6.82626963e-02
  1.08177178e-01 -6.39313012e-02  3.50529850e-02  1.72321722e-02]