[-6.79248944e-02  2.79676169e-05  1.82421915e-02 -8.24882835e-02
 -8.78292695e-02 -6.99011385e-02  1.96243115e-02 -7.66013265e-02
  2.23827586e-01 -6.30935207e-02  1.72485515e-01 -4.46235798e-02
 -2.21954688e-01 -3.49414237e-02  6.11266419e-02  9.71172377e-02
 -1.53300941e-01 -8.22408348e-02 -7.05870464e-02 -8.54771733e-02
 -3.68473027e-03 -1.72250550e-02  5.92898950e-02  1.28178492e-01
 -1.79947183e-01 -2.24589780e-01 -6.10113963e-02 -9.49554667e-02
 -9.58758295e-02 -1.43560946e-01 -1.18937045e-02  1.73756346e-01
 -1.10976182e-01 -6.20685965e-02  5.23053594e-02  1.44492924e-01
 -9.44228992e-02 -7.88256675e-02  2.15561777e-01 -6.62088245e-02
 -2.49207586e-01 -7.96433017e-02  1.08083308e-01  2.50527292e-01
  3.04629952e-01  1.41368741e-02 -8.55045840e-02 -2.04506069e-02
  1.63863391e-01 -3.57391447e-01  9.25172269e-02  1.21257879e-01
  3.95453535e-02  4.77039255e-02  1.08290598e-01 -2.01357678e-01
 -2.47838907e-04  1.54271543e-01 -2.19851002e-01 -2.23079529e-02
  3.97967827e-03 -1.79012209e-01  2.69660763e-02 -3.95543389e-02
  2.29538947e-01  1.96462288e-01 -1.51563317e-01 -8.21780339e-02
  1.85211658e-01 -2.08573669e-01 -3.80212516e-02  1.53717488e-01
 -1.19306780e-01 -2.47337684e-01 -3.05936396e-01 -4.33143601e-03
  3.20125878e-01  1.01777978e-01 -1.26520172e-01 -1.88845675e-02
 -4.33545485e-02 -3.93319055e-02  2.38655005e-02  1.49795651e-01
 -7.49667827e-03 -6.25473410e-02 -8.30713734e-02 -7.27292057e-03
  2.03178003e-01 -3.61937247e-02 -4.10352126e-02  2.52405018e-01
  1.55812325e-02 -5.33017293e-02  3.09843589e-02  8.33176821e-02
 -6.74474686e-02 -1.70771871e-03 -2.11879328e-01  2.26403344e-02
  3.10254423e-03 -8.32814202e-02 -2.99269427e-02  1.55030891e-01
 -2.33200386e-01  1.22819431e-01  7.22076511e-03 -7.62579143e-02
 -5.89307472e-02 -1.24363504e-01 -4.30177227e-02 -3.09033804e-02
  1.53220847e-01 -3.50795627e-01  1.31629035e-01  1.44051477e-01
  5.32182865e-02  1.89019978e-01 -7.34682903e-02  4.26979288e-02
  4.89911698e-02 -9.27587673e-02 -1.46079987e-01  9.75466147e-03
  4.48793471e-02 -3.97428079e-03  3.68757173e-04  6.02786466e-02]