[-0.14749783  0.02293691  0.07134231 -0.11054822 -0.21207961 -0.05470833
 -0.01205973 -0.06217557  0.09700526 -0.14721505  0.27023238 -0.07256837
 -0.25208527  0.01766453 -0.0578885   0.15909185 -0.10277334 -0.08312648
 -0.11503957 -0.16206564  0.00213348  0.12216345 -0.11215004  0.08452331
 -0.08001706 -0.24484043 -0.03322687 -0.02649876  0.02658556 -0.06153489
 -0.01752959  0.12495806 -0.08454738 -0.06191311  0.04001748  0.04209866
 -0.08072251 -0.04840454  0.21509384  0.04626481 -0.16462432 -0.02079661
  0.10055557  0.2918326   0.12300692  0.02598017  0.00603947 -0.08208443
  0.16177782 -0.34250391  0.06929592  0.11806849  0.15685135  0.04146959
  0.0979035  -0.2026367   0.00439875  0.17420921 -0.16122006  0.05966198
  0.0592131  -0.11230572 -0.04622111 -0.09669375  0.24019361  0.09698024
 -0.11647981 -0.04645221  0.19655196 -0.09205703 -0.12573607  0.06764334
 -0.06489455 -0.15806997 -0.27104574  0.09824572  0.39718109  0.1835459
 -0.18261835  0.02080967 -0.03008866 -0.00547649  0.12817612  0.01885005
 -0.12721911 -0.08319443 -0.07241769  0.00556478  0.17330365 -0.00699713
 -0.00911522  0.25674278  0.11087433  0.05726656  0.06864125  0.04067961
 -0.09757672 -0.06361632 -0.12066156  0.00217272  0.09649035 -0.08606364
  0.03990354  0.09312689 -0.21143222  0.20659974 -0.01856628 -0.01699944
 -0.02546046 -0.02379715 -0.05348732  0.03201976  0.13825096 -0.21598159
  0.11609845  0.10480091  0.05674568  0.2037811   0.13001287 -0.02415259
  0.00228162 -0.11142962 -0.14502259 -0.1000558   0.14921632 -0.07520215
  0.06105497  0.08266277]