[-0.16663253 -0.06639941  0.0766082  -0.02817577 -0.14244832 -0.06324833
 -0.07162508 -0.07644116  0.11015045 -0.13659091  0.2050692  -0.03653703
 -0.2785449   0.05029696  0.01124933  0.1625015  -0.15747133 -0.0931849
 -0.07004246 -0.07341113  0.02564327  0.03287146 -0.01710049  0.05701263
 -0.13094939 -0.31351158 -0.11244899 -0.1149205   0.01095633 -0.05104529
 -0.0074753   0.05163459 -0.01077086  0.03736004  0.13289858  0.15884629
 -0.04048875 -0.10075475  0.24255064 -0.01395728 -0.18520252 -0.04353268
  0.03655542  0.18588325  0.18432444  0.04110867  0.0273266  -0.16641
  0.15009725 -0.3048439  -0.00927472  0.18832147  0.0312404   0.09613347
  0.1033587  -0.17236118  0.10433412  0.12835874 -0.2235788   0.00591654
  0.03912708 -0.1023872  -0.0106519  -0.0101344   0.17358407  0.08513931
 -0.15829326 -0.13376112  0.14389689 -0.21459265 -0.08154845  0.09974582
 -0.15121596 -0.24490027 -0.25594744 -0.04378825  0.37711871  0.17219877
 -0.17811349  0.02955141 -0.03918715 -0.05680113  0.09924399  0.08428776
 -0.03972069 -0.09434431 -0.10594349 -0.00390457  0.20403099 -0.062639
  0.07947449  0.2278173   0.05800057  0.07265127  0.04730375  0.10668433
 -0.10889582 -0.07274079 -0.09992155 -0.08180704  0.07916012 -0.0249194
  0.07373802  0.08166682 -0.21965411  0.17253551 -0.06979282 -0.06606596
 -0.02260335 -0.08103268 -0.07792784  0.02582577  0.20728052 -0.24205728
  0.13915431  0.23611474  0.03848064  0.13709339  0.05509676  0.01488923
 -0.06943372 -0.06994099 -0.1793755  -0.03757535 -0.02595527 -0.00289002
 -0.02916177 -0.02202025]