[-1.77888572e-01  1.11991866e-02  6.20839670e-02 -7.10885525e-02
 -7.26700947e-02  9.19319876e-03 -3.49977836e-02 -1.41915470e-01
  2.27981448e-01 -1.19015753e-01  2.45837569e-01  3.31857279e-02
 -2.46235922e-01 -5.66341914e-02  1.38319433e-02  7.34324306e-02
 -1.69090316e-01 -4.07082215e-02 -6.29597157e-02 -1.10320058e-02
  4.13553268e-02  8.59913602e-03  4.69383746e-02  5.47290407e-02
 -5.00704683e-02 -3.15655738e-01 -1.03391491e-01 -1.00151174e-01
  2.86459625e-02 -8.77236873e-02 -5.60812466e-03  1.22097498e-02
 -1.42914742e-01 -5.74448928e-02  1.91657096e-02  1.07672647e-01
 -7.63841718e-02 -6.31186068e-02  2.19132498e-01 -4.19171341e-03
 -1.52764186e-01 -3.88003923e-02 -1.56187341e-02  2.29464263e-01
  1.41310215e-01  4.78854515e-02 -1.79353878e-02 -1.64082617e-01
  2.20593289e-01 -3.09525579e-01  9.93930399e-02  1.34576395e-01
  1.24828301e-01  5.23178205e-02  9.98130292e-02 -1.16980284e-01
  7.93572739e-02  1.29831597e-01 -2.95888901e-01  9.36264321e-02
  7.95796290e-02 -1.32253110e-01 -3.93736102e-02 -6.73032701e-02
  2.16445893e-01  1.77419186e-01 -1.38320923e-01 -1.91127583e-01
  1.13269389e-01 -1.54067814e-01 -1.00946434e-01  1.46519557e-01
 -9.84884873e-02 -2.28760332e-01 -3.14195722e-01  2.92514246e-02
  4.51950908e-01  1.86453953e-01 -1.59956142e-01 -2.06615701e-02
 -1.55192062e-01 -1.32195890e-01  1.56965293e-02  1.36114836e-01
 -4.33655381e-02 -2.77240891e-02 -5.89391813e-02 -3.13021615e-03
  1.78244174e-01  3.79928388e-04 -3.82722020e-02  2.84492165e-01
  5.89926839e-02  6.39885515e-02 -2.78896987e-02  3.53882574e-02
 -1.04688801e-01 -3.83637957e-02 -1.26804247e-01 -8.79341960e-02
  2.57755816e-03 -1.18635483e-02  6.00105450e-02  8.58482271e-02
 -2.60632366e-01  2.52267003e-01 -2.69578397e-02 -6.33975416e-02
  4.55522873e-02 -1.23080745e-01 -7.21303001e-02  2.43175738e-02
  1.41855478e-01 -3.68144393e-01  1.77759662e-01  1.37829646e-01
  1.91901878e-01  1.71633899e-01 -1.67836323e-02  2.17839293e-02
  4.77587804e-03 -3.47859822e-02 -1.72453672e-01 -4.87224646e-02
  4.11834717e-02 -1.30603053e-02  3.81191969e-02  2.34491676e-02]