[-0.20841996  0.03642306  0.04272773 -0.10855754 -0.11178124 -0.1150552
 -0.0079749  -0.0453325  -0.02287449 -0.03195918  0.22585826  0.00729855
 -0.34819829 -0.14130887  0.09041183  0.09698015 -0.13694857 -0.14831983
 -0.0801098  -0.01788999  0.08950985  0.00953892 -0.03196838  0.05458292
 -0.08387481 -0.38061747 -0.09439854 -0.02484967 -0.00958129 -0.03328333
 -0.00270678  0.03290349 -0.13873468 -0.06403128  0.0681721   0.07627388
 -0.0364645  -0.08752543  0.20269182 -0.00842401 -0.16336875 -0.06032521
  0.03278606  0.3078213   0.2030998  -0.029534    0.07653733  0.00508912
  0.04666799 -0.29911834  0.0424441   0.17972797  0.13816418  0.06004348
  0.01903998 -0.09770501  0.04597867  0.20820433 -0.30592147  0.05822606
  0.02636148 -0.18946435 -0.09828042 -0.088516    0.2059482   0.12099671
 -0.18676133 -0.16064978  0.15576568 -0.15077488 -0.10216645  0.01814489
 -0.1837981  -0.20370719 -0.2780183   0.06623057  0.24217583  0.18460965
 -0.23835918  0.006791   -0.08211824  0.01561526  0.08943952  0.03307303
 -0.03146957 -0.03019939 -0.11986408  0.08400902  0.16797242 -0.01124166
 -0.05124094  0.25116786  0.07483394  0.01613003  0.10177055  0.07978008
  0.00862149 -0.0664799  -0.13529098  0.03521702  0.09862029 -0.14767717
  0.04330486  0.12129479 -0.12671827  0.15301383 -0.00298348  0.03302628
 -0.0377684  -0.12961113 -0.09342163 -0.03433643  0.08523342 -0.22986919
  0.23979741  0.25446427  0.0545196   0.11181864  0.03459385 -0.06030986
  0.00554151 -0.11835761 -0.15870914 -0.06342967  0.09775148  0.02453168
  0.0882184   0.00876669]