[-5.37296794e-02  7.24480525e-02  4.93347980e-02 -6.89553469e-02
 -1.35129809e-01  5.84842749e-02 -4.75964285e-02 -1.12788707e-01
  2.30933711e-01 -6.65643141e-02  1.91749468e-01  6.37365654e-02
 -2.01459661e-01 -1.97325423e-02  1.54056512e-02  6.50679395e-02
 -2.39059120e-01 -6.90835416e-02 -8.06822032e-02 -1.50618657e-01
  6.05085632e-04  1.04494235e-02  5.14589287e-02 -2.27163322e-02
 -1.46370143e-01 -3.28593671e-01 -6.09865263e-02 -7.62758106e-02
  1.74741611e-01  1.27801904e-05  6.11692294e-02  4.71510515e-02
 -1.59575507e-01 -3.07559725e-02 -3.20215896e-02  1.06821902e-01
 -1.02302879e-01 -9.75463539e-02  2.19176024e-01 -6.71863332e-02
 -9.95334610e-02  7.36637861e-02 -3.20478342e-02  2.51214385e-01
  2.55607724e-01 -2.03096084e-02  1.15660660e-01 -1.08835511e-01
  1.79046020e-01 -3.14532995e-01  1.09503083e-01  1.38801038e-01
  9.52346772e-02  1.33272922e-02  1.35668412e-01 -1.57275885e-01
 -2.44656950e-02  2.19529986e-01 -1.79398149e-01  1.56503558e-01
  1.14097446e-01 -6.11257404e-02 -7.02717993e-03 -1.28578410e-01
  2.01139599e-01  1.02979124e-01 -1.15034550e-01 -1.27769500e-01
  1.56742394e-01 -1.13238543e-01 -3.83242518e-02  9.02925134e-02
 -1.05585262e-01 -2.07858384e-01 -3.10010761e-01  7.44058937e-02
  4.81508553e-01  1.97433308e-01 -1.19722344e-01  3.92495953e-02
 -9.19310600e-02 -6.30993815e-03  9.80526060e-02  3.20329815e-02
 -9.30133164e-02 -1.12277955e-01 -1.11941300e-01  8.60664323e-02
  2.22218707e-01 -6.93504326e-03 -6.98062107e-02  2.49652907e-01
  4.39912155e-02  3.69594730e-02 -4.07905802e-02  4.41547744e-02
 -9.19772312e-02  3.10948826e-02 -1.26256362e-01  2.09598895e-02
  6.43610954e-02 -9.66088325e-02  7.36066401e-02  5.91117591e-02
 -1.75108865e-01  2.27141321e-01 -2.38910485e-02  4.77324724e-02
  5.11726625e-02 -9.06762704e-02 -1.18320495e-01  9.44712460e-02
  2.82454342e-01 -3.48862946e-01  2.01088741e-01  1.62112564e-01
  8.50521624e-02  2.11317226e-01  6.48200065e-02  4.78037447e-02
 -1.17706042e-03 -4.39499132e-02 -2.01866135e-01 -1.90155804e-02
 -3.77981216e-02 -5.48471212e-02  5.88172674e-02  1.44371063e-01]