[ 0.073622    0.03448201  0.02152001 -0.09296716 -0.11689086  0.02562578
 -0.03224748 -0.07651217  0.20615216 -0.1628619   0.16347779 -0.05016316
 -0.23389679  0.08366576 -0.02604156  0.14446074 -0.15904726 -0.1765825
 -0.00725855 -0.03448726  0.01482764  0.03856583 -0.03671325  0.06785153
 -0.09267077 -0.30454752 -0.11521398 -0.07869427 -0.02246231 -0.11701429
  0.07034058  0.14200206 -0.1246683   0.04861103  0.04037746  0.03742739
 -0.02077266 -0.21992797  0.25835532  0.06547263 -0.26769742 -0.06148458
  0.1207636   0.25523794  0.17894401 -0.06244062  0.00520122 -0.02087616
  0.17851251 -0.30378318  0.05852915  0.08772051  0.12475648  0.10404141
  0.07069998 -0.2594091   0.06100772  0.05087474 -0.17759028  0.0275559
  0.04719336 -0.09034988  0.0782585  -0.05045467  0.23406971  0.09832743
 -0.07669351 -0.12696815  0.2294964  -0.16657306 -0.05157647  0.12950797
 -0.1574557  -0.19802424 -0.18545353 -0.01830318  0.41305068  0.17885496
 -0.11145913  0.0466685  -0.0193607  -0.05623531  0.04208248  0.18949634
  0.07897649 -0.02517132 -0.05775512  0.03547253  0.31385362 -0.05482105
 -0.09020315  0.23626715 -0.03187428  0.03464703  0.00110328  0.00563068
 -0.03091722  0.04870792 -0.14470196  0.05083193 -0.10217879 -0.02244433
 -0.06408014  0.13837288 -0.20288108  0.1528904   0.01680577 -0.06526624
 -0.07621463  0.00517116 -0.06303911  0.02969272  0.17247152 -0.30384254
  0.14417326  0.10673308  0.07479283  0.16870385 -0.03267964  0.07105727
  0.08079348 -0.17580421 -0.24362399 -0.06639338  0.00254465 -0.00988092
 -0.02412558  0.0601189 ]