[-4.00958955e-02  1.17406890e-01  9.44717005e-02 -4.79162075e-02
 -9.67601463e-02  7.06577450e-02  5.93925305e-02 -1.12823233e-01
  7.51873180e-02  2.74569206e-02  2.40695953e-01 -7.73965642e-02
 -2.43950710e-01 -1.99546702e-02  7.20598251e-02  9.34354514e-02
 -1.03319317e-01 -1.08970046e-01 -1.14658207e-01  4.23071608e-02
 -7.54133910e-02  2.76708342e-02 -2.20424088e-04  4.06426042e-02
 -9.21450704e-02 -3.16636741e-01 -9.11290348e-02 -7.05855116e-02
  1.05318287e-02 -1.23949073e-01 -1.39278807e-02  1.09566621e-01
 -1.79610461e-01 -3.92004326e-02  6.12557232e-02  8.67167711e-02
 -9.31098387e-02 -8.41132849e-02  1.67039499e-01  3.83354053e-02
 -1.54618233e-01 -3.65605019e-02  8.92321467e-02  2.84649879e-01
  1.16871953e-01  3.27101070e-03  5.38114682e-02 -6.08127937e-02
  6.02269396e-02 -2.58118540e-01  1.55916676e-01  7.87376016e-02
  1.08715795e-01  1.31385386e-01  9.84965265e-02 -2.26164058e-01
  4.23424281e-02  7.39058405e-02 -1.66007087e-01  1.35487348e-01
  7.96727240e-02 -7.44360238e-02 -2.34320927e-02 -6.55418411e-02
  1.67120486e-01  1.34812817e-01 -5.42362556e-02 -1.59211934e-01
  8.20435435e-02 -8.34525824e-02 -9.29323286e-02  1.12580866e-01
 -1.20963350e-01 -1.66372210e-01 -3.28601301e-01  3.71585675e-02
  3.75978440e-01  1.23469703e-01 -2.75160640e-01 -7.92248547e-02
 -5.15770167e-02 -1.87113769e-02  1.32455632e-01  7.28280917e-02
 -5.09109907e-03 -3.19094732e-02 -1.24190412e-01  3.13211642e-02
  2.27943674e-01 -5.53909838e-02 -8.28817785e-02  1.62156954e-01
 -3.82472202e-03 -3.50879543e-02  2.91384812e-02  6.39952645e-02
 -1.20631047e-03  6.63229544e-03 -1.59552127e-01 -5.96730411e-03
 -1.65942032e-03 -7.68522546e-02 -8.25006440e-02  1.07456155e-01
 -2.42900997e-01  1.63766578e-01  9.77367461e-02 -6.94080889e-02
 -2.57717632e-02 -6.74241260e-02 -1.15341559e-01  3.55509184e-02
  1.80025518e-01 -3.78288686e-01  2.15632215e-01  1.75384760e-01
 -3.11420057e-02  1.10900365e-01 -1.28400754e-02  7.02171251e-02
  1.30666187e-02 -6.87599629e-02 -1.04986377e-01 -9.28122401e-02
  6.55539557e-02  5.65979742e-02 -3.74474674e-02  4.32175025e-02]