[-0.09398456 -0.01192831  0.12977828 -0.02711105 -0.12924922 -0.01564739
 -0.05682214 -0.04812073  0.13122092 -0.07265915  0.22967787 -0.08979114
 -0.2793321   0.10147658 -0.0887427   0.21579215 -0.10730156 -0.11820006
 -0.10591729 -0.03489776 -0.01559569  0.08733457  0.00809576  0.07865969
 -0.10396565 -0.38210952 -0.04605857 -0.07531343 -0.04957507 -0.05510551
 -0.00583449  0.11172634 -0.12863581 -0.01687999  0.13090512  0.01886394
 -0.07202518 -0.14823374  0.21639235  0.05742838 -0.28534019 -0.00241685
  0.1535009   0.29955539  0.15574569  0.0777435   0.05365046 -0.07328112
  0.13445225 -0.30007389  0.08004035  0.14229892  0.12642233  0.02068778
  0.06687171 -0.17665021  0.0038485   0.17160873 -0.18329458  0.07903234
  0.11882142 -0.05443919  0.0113287  -0.09661849  0.20618552  0.06415432
 -0.17250317 -0.04819615  0.19917732 -0.11526601  0.00285004  0.05696477
 -0.18219569 -0.25767022 -0.22809777  0.02753082  0.44115606  0.11312335
 -0.08458082  0.02786635 -0.01691794  0.0166581  -0.04535554  0.18185428
 -0.01807327 -0.0718783   0.00401555 -0.00260658  0.23090203 -0.01831479
  0.02990743  0.26139358  0.00580612 -0.11479519 -0.02727499  0.04186789
 -0.11581802 -0.04301246 -0.1092128  -0.01081659 -0.11007633 -0.01468496
  0.03903934  0.09072922 -0.26161483  0.11690158 -0.0394781  -0.03969224
  0.05230443  0.03993814 -0.01951714 -0.10323774  0.09701212 -0.24643281
  0.07033208  0.16147189  0.15152386  0.14875717  0.00997194  0.05689193
  0.08389472 -0.0107544  -0.186474   -0.09242272  0.0610612  -0.03383355
 -0.01392706  0.03954332]