[-2.76831120e-01  1.53422832e-01  9.44148079e-02 -2.37860717e-04
 -2.58933604e-02 -5.02444133e-02  1.02828760e-02 -1.10124953e-01
  1.24330856e-01  1.47167332e-02  3.42949063e-01 -4.28027846e-02
 -2.15891123e-01 -1.19776964e-01  7.29919821e-02  1.16059899e-01
 -1.85552955e-01 -2.91529782e-02 -7.99712390e-02 -1.10846624e-01
  4.78873774e-03  1.51542742e-02 -5.12589626e-02  7.12008029e-02
 -1.48766667e-01 -2.40267336e-01 -8.65435302e-02 -1.65660530e-01
  9.16330814e-02 -4.78999689e-02  3.13024037e-02  5.38944360e-03
 -1.80894345e-01 -5.07358685e-02 -3.80273983e-02  2.01567393e-02
  8.90619606e-02  8.24152026e-03  1.57593399e-01 -4.29337919e-02
 -1.16420574e-01 -1.48541285e-02  9.83726420e-03  2.36627340e-01
  1.48569003e-01 -4.42532040e-02  2.99530290e-02  2.52315700e-02
  3.24236788e-02 -1.81038871e-01  4.29807417e-02  8.61558244e-02
  2.44728372e-01  2.87254620e-03  4.18909453e-02 -2.15449542e-01
 -1.23952039e-01  6.92990869e-02 -1.45849138e-01  5.75665347e-02
  5.52540086e-02 -3.77706662e-02 -8.65900367e-02 -5.93626425e-02
  2.25408539e-01  1.50411114e-01 -1.36447728e-01 -1.30895555e-01
  2.29440480e-01 -6.00392893e-02 -1.65832695e-04  1.24403574e-01
 -1.39031962e-01 -1.37816891e-01 -3.08768541e-01  1.31339133e-01
  3.44681621e-01  8.98436755e-02 -2.63396412e-01 -4.92786840e-02
 -2.20990375e-01  3.28445584e-02 -4.76780608e-02 -1.05074178e-02
 -5.41661605e-02 -1.96902938e-02 -7.37254322e-02  1.91100240e-02
  1.34888142e-01  9.30119399e-03 -8.58566444e-03  2.33796209e-01
  3.20163108e-02 -1.41243991e-02 -4.97649685e-02 -3.57777849e-02
  1.02879200e-02 -1.08815916e-01 -2.25016158e-02  5.17174089e-03
  1.70064494e-02 -6.39789626e-02  3.08473781e-02  1.30927712e-01
 -2.31577039e-01  1.26893803e-01  8.09862092e-02  1.09739993e-02
 -2.89016254e-02  1.12442285e-01 -4.52842042e-02  1.18697830e-03
  1.92579791e-01 -2.72497624e-01  2.01610863e-01  1.39793172e-01
 -2.02415362e-02  1.15456417e-01 -3.38498224e-03  7.64143392e-02
 -3.42425406e-02 -9.27876681e-03 -9.09803435e-02 -6.99197799e-02
  3.52584608e-02 -1.16237707e-01  5.38558885e-03  8.39065015e-02]