[-0.06281876  0.05555886 -0.04692562  0.01188801 -0.03572996 -0.0162423
 -0.02866538 -0.10150286  0.12092225 -0.07078288  0.17701286 -0.10237521
 -0.26302204 -0.04033826  0.04720852  0.07404841 -0.15751077 -0.09034938
 -0.18976767 -0.12418249 -0.00563745 -0.02771422  0.02101057 -0.04259096
 -0.17163748 -0.26701936 -0.04225883 -0.16003612  0.05986718 -0.09944029
  0.05495356  0.02841978 -0.30377167 -0.07121766 -0.03035111  0.04382738
 -0.03809649 -0.01668525  0.19428925 -0.02800648 -0.16950786  0.03154746
  0.01399973  0.17800848  0.16655876  0.0096598  -0.03123578 -0.01871541
  0.13052948 -0.23312886  0.00806465  0.14983204  0.10070527  0.12130474
  0.10493331 -0.08458649  0.04833581  0.12195624 -0.20297913  0.04043188
  0.03551019 -0.04661003 -0.00610083 -0.0538813   0.10682513  0.05479092
  0.0026776  -0.13609993  0.15695879 -0.1697506  -0.01725967  0.13096696
 -0.0330169  -0.19141957 -0.29209712  0.01793363  0.27539185  0.12058972
 -0.11058678  0.04518493 -0.02814095 -0.14697337  0.00096828 -0.02569548
 -0.0095281   0.02466041 -0.02688455  0.08331777  0.24529588 -0.06783616
  0.04333664  0.20906848 -0.05875583 -0.08342344 -0.00572341  0.02468633
 -0.11160188 -0.03792614 -0.06972797 -0.01165739  0.08011033 -0.13292885
 -0.01837469  0.03256426 -0.20359084  0.14607471 -0.04842081 -0.06020414
 -0.0751005  -0.03006332 -0.00253628  0.06008228  0.18321075 -0.27083528
  0.26277187  0.1878086  -0.0639247   0.07944918 -0.04899143  0.01271447
 -0.04531685  0.02249613 -0.20430739 -0.19520503 -0.00789273  0.03000274
 -0.0373837   0.03536386]