[-0.18277553  0.04172663  0.05928887 -0.03173993 -0.15959534  0.02075554
 -0.06248388  0.06405963  0.08846103 -0.12487928  0.21836415 -0.06222447
 -0.21694344  0.03672582  0.00688488  0.14246361 -0.14077583 -0.08125906
 -0.0690808  -0.10711787  0.02556725  0.05360968 -0.04189782  0.07633571
 -0.1826134  -0.3508057  -0.11407773 -0.04364289  0.0147371  -0.13944957
  0.01946615  0.10744494 -0.08164912  0.02226691  0.06634462  0.13577449
 -0.02470658 -0.11822136  0.19678941  0.02573115 -0.10460006 -0.06637963
  0.03792543  0.32003316  0.14244784  0.06068451  0.03175492  0.01552312
  0.14351697 -0.24087857  0.08653744  0.17653531  0.08940951  0.08871403
  0.0737163  -0.03994167  0.09972094  0.17771272 -0.12902939 -0.00966263
  0.04832359 -0.11664651 -0.00952942 -0.06767706  0.18559177  0.08670152
 -0.09068906 -0.13444108  0.12556633 -0.14569755 -0.09215563  0.07073766
 -0.16103025 -0.1484271  -0.25497565  0.07073522  0.37542176  0.19123833
 -0.13297099  0.01518382  0.04061076 -0.04342769  0.09438861  0.13117602
 -0.09333663 -0.12276437 -0.08764184  0.06710067  0.23010755  0.0209079
 -0.03866319  0.14291179  0.06458488 -0.02872816  0.05040541 -0.00168236
 -0.06636371 -0.06004173  0.00943544  0.00280438  0.07614656 -0.05409092
 -0.06735407  0.12579408 -0.1908204   0.18312231 -0.07332103 -0.02007285
  0.00270854 -0.00709633 -0.11259758 -0.01375026  0.13171032 -0.23887455
  0.03397089  0.17227393 -0.01790437  0.14259392  0.04706644  0.11296377
 -0.01556473 -0.00800191 -0.16440202 -0.11546685  0.07513355 -0.00438739
  0.02139363 -0.03155377]