[-0.10410073  0.07816274  0.11565514 -0.01751761 -0.10975716  0.03041539
 -0.09286931  0.00190492  0.15802759 -0.11799312  0.2184535   0.01196083
 -0.19688629  0.03992201 -0.06761228  0.10382199 -0.18840137 -0.03117016
 -0.06806175 -0.06863925  0.08740108  0.10798854  0.01330356  0.01473821
 -0.18119229 -0.36652485 -0.11970751 -0.06722283  0.02578987 -0.19249129
  0.04057251  0.03609091 -0.14104837  0.0322439  -0.01150428 -0.00533208
  0.00737408 -0.05666889  0.15007378  0.08092783 -0.12659681  0.00171661
 -0.02380924  0.2734825   0.15534516  0.06212261 -0.02818066 -0.083923
  0.07899336 -0.2594513   0.07923824  0.19176325  0.02112213  0.08359078
  0.04475112 -0.07062967  0.02027311  0.09224012 -0.1897051   0.05361783
  0.07852478 -0.08680116  0.02218135 -0.03922311  0.15136375  0.09668556
 -0.13002995 -0.11778185  0.06822409 -0.145963   -0.02442469 -0.0021735
 -0.10777391 -0.17703679 -0.2686868   0.07044722  0.42880753  0.17656809
 -0.15039161  0.00604453 -0.1400056  -0.07860649  0.03522016  0.08731604
 -0.07983482 -0.08360662 -0.03038644  0.12128656  0.14119218  0.00774969
 -0.01225294  0.24247417 -0.00963038  0.02000598  0.00275905  0.02734395
 -0.17031115 -0.00929471 -0.0140967   0.0249375  -0.04000051 -0.03415456
  0.01359582  0.13337424 -0.15027399  0.2252681  -0.00597624 -0.07670045
  0.04374861  0.04375736 -0.15473513 -0.08063557  0.14380239 -0.23752482
  0.1534597   0.1518016   0.06922843  0.18616118  0.0649135   0.13861516
 -0.03761763  0.02053893 -0.12032404 -0.03204866  0.02864721 -0.03245391
  0.01333402 -0.02153821]