[-1.21729165e-01  9.40386206e-02  1.95021946e-02 -8.09103698e-02
 -1.32276207e-01  6.38929848e-03 -1.71250850e-02 -2.66985074e-02
  1.80584580e-01 -1.69468343e-01  1.98188573e-01 -1.70412287e-02
 -2.24561274e-01 -1.05079517e-01  3.99271026e-02  1.37587562e-01
 -1.15725830e-01 -1.82164580e-01 -3.98796275e-02 -4.88333255e-02
 -3.00465920e-03 -4.11742600e-04  7.92661868e-03  7.36415759e-02
 -4.59574759e-02 -4.20628250e-01  1.78307444e-02 -4.62072715e-02
  4.32785973e-03 -8.69964510e-02 -1.32335713e-02  6.07742518e-02
 -1.74421862e-01 -2.61596031e-03  1.34278173e-02  1.38988853e-01
 -1.42427117e-01 -4.76054624e-02  1.95698440e-01  1.90861188e-02
 -1.69163555e-01 -7.95970038e-02 -2.44793072e-02  2.96043247e-01
  1.73035353e-01  3.24128084e-02  4.58682403e-02 -5.64770736e-02
  1.30160362e-01 -2.34252259e-01  4.40566987e-02  1.62415653e-01
  1.10419586e-01  3.38990986e-02  1.17781907e-01 -1.15133502e-01
 -8.82953685e-03  1.35505483e-01 -1.59419701e-01  1.51674114e-02
 -1.36827603e-02 -7.19097853e-02 -7.91147500e-02 -1.52040467e-01
  2.99111009e-01  9.92097855e-02 -1.36542782e-01 -1.00057334e-01
  1.39171436e-01 -1.29743159e-01 -1.05993629e-01  6.62435666e-02
 -1.01584002e-01 -1.99988902e-01 -2.06852168e-01  5.03893457e-02
  2.72529572e-01  1.90981686e-01 -1.62595406e-01 -1.49338096e-02
  3.34924459e-02 -1.16494037e-02  6.79451376e-02  1.62783802e-01
 -7.60816187e-02 -3.60679626e-03 -5.08954190e-02  2.66733654e-02
  1.23308346e-01 -8.28448962e-03 -8.55683312e-02  1.43072695e-01
 -1.82084907e-02  2.06916854e-02 -1.63840372e-02 -3.36607881e-02
 -7.75149763e-02  3.76403183e-02 -1.44637212e-01 -8.03656802e-02
  7.89877549e-02 -5.24846390e-02 -1.02033000e-02  7.32648522e-02
 -1.60070032e-01  1.40705824e-01 -5.29299378e-02  1.35934586e-02
  1.21815912e-02 -2.12529656e-02 -7.85539895e-02 -1.10855866e-02
  6.60877004e-02 -2.69030243e-01  2.19522581e-01  1.68735877e-01
  3.52009498e-02  1.88271537e-01  5.96709214e-02  1.35492329e-02
  4.06068675e-02 -5.83801568e-02 -1.50412515e-01 -8.53437334e-02
  7.50039369e-02  3.33182141e-02  9.53551754e-02 -2.12712679e-02]