[-1.23546585e-01 -3.78892086e-02 -4.05779853e-02 -4.21997048e-02
 -1.56410068e-01  2.78269313e-02  4.22395766e-03 -4.06866148e-02
  1.72831193e-01 -1.09695733e-01  1.41015053e-01 -1.42589770e-02
 -2.41544262e-01 -1.03516150e-02  1.02373380e-02  7.69841522e-02
 -1.41501307e-01 -1.41997010e-01 -5.49627356e-02 -3.83866392e-02
  9.14622918e-02  7.32270181e-02 -7.13592321e-02  1.09643489e-01
 -1.18263558e-01 -3.40008736e-01 -6.90258369e-02 -7.47425258e-02
  3.68631743e-02 -5.96195497e-02  4.28364947e-02  9.43104476e-02
 -1.17931232e-01  4.31877300e-02 -1.42857525e-03  7.90791959e-02
 -1.48761654e-02 -7.58599211e-03  1.61784515e-01  4.24720868e-02
 -2.63649523e-01 -9.17417929e-05 -1.01865502e-02  2.26941034e-01
  1.61083177e-01  3.92066278e-02 -4.04354185e-04 -7.57261962e-02
  1.87688336e-01 -2.72730529e-01  1.53979100e-02  1.82147205e-01
  1.00839972e-01  5.37285842e-02  6.35916665e-02 -1.84085906e-01
 -1.68100074e-02  1.26981542e-01 -2.53764510e-01  1.07811555e-01
 -5.38938455e-02 -1.40563339e-01  3.11130174e-02 -1.07256696e-01
  1.22911476e-01  3.85583639e-02 -1.38630837e-01 -1.66005179e-01
  1.51683107e-01 -2.36359447e-01 -9.92456377e-02  1.56395957e-01
 -9.19532627e-02 -2.54181117e-01 -3.24346364e-01  6.33924752e-02
  4.01870370e-01  1.58644572e-01 -1.34198368e-01  5.51375039e-02
  1.56957544e-02 -8.46369639e-02  2.77545396e-02  1.59602776e-01
 -2.84814127e-02 -2.85504069e-02 -1.01666428e-01  8.64571612e-03
  1.83506086e-01 -3.59637011e-03 -1.00055924e-02  2.64663219e-01
  1.48510840e-03  1.00722522e-01  5.64817991e-03  1.58905819e-01
 -1.04902655e-01 -1.87375164e-03 -3.77105772e-02  2.60064378e-04
  1.81913748e-02 -9.00029317e-02  3.54711674e-02  4.40069698e-02
 -1.35965407e-01  2.62079984e-01 -6.36745170e-02  6.34777360e-03
 -8.74922276e-02 -3.66619118e-02 -5.63420430e-02  6.23472407e-02
  1.53545663e-01 -3.00401479e-01  1.95880860e-01  1.53306931e-01
  7.57249072e-02  2.05672413e-01  1.70411076e-03  1.99660007e-02
 -4.42203358e-02 -8.09899271e-02 -1.94972187e-01 -7.62695745e-02
  3.17824706e-02 -7.23314136e-02  1.21355057e-03  4.61987182e-02]