[-1.56025123e-02  6.78348318e-02  5.04955277e-02 -1.04047604e-01
 -1.48419261e-01  8.00772309e-02  2.56105885e-03  4.86814082e-02
  8.29222649e-02 -7.52377436e-02  2.33270541e-01 -2.84107104e-02
 -2.73774236e-01 -2.21153349e-02  4.68516201e-02  1.34164959e-01
 -1.34570673e-01 -1.16773382e-01 -1.28261611e-01 -8.71167257e-02
 -2.69866623e-02  2.73691788e-02 -7.04491138e-02  7.82701522e-02
 -2.09924653e-01 -3.31402540e-01 -3.16844657e-02 -5.61559089e-02
  5.40363565e-02 -1.63021088e-01 -2.16091760e-02  8.75119492e-02
 -1.45012513e-01 -4.97188717e-02 -2.15616878e-02  3.26782204e-02
 -5.80108352e-02 -9.29908529e-02  1.61071390e-01  1.38249755e-01
 -1.91466570e-01  1.19456083e-01  2.10959744e-02  3.61966014e-01
  2.31565058e-01  1.99803002e-02  6.75712898e-02 -2.37471294e-02
  1.22251399e-01 -2.95830458e-01  7.71249086e-02  1.52244478e-01
  1.45730183e-01  8.68270174e-02  3.51784490e-02 -8.48532468e-02
 -2.24171989e-02  1.20917439e-01 -1.97661251e-01  8.15971494e-02
  8.62644240e-02  1.05164088e-02  2.91194953e-03 -1.37450024e-01
  1.65774807e-01  4.85244095e-02 -1.72770038e-01 -1.00216329e-01
  6.01302646e-02 -1.32247061e-01 -1.32575288e-01  4.25654203e-02
 -1.30175471e-01 -1.64463669e-01 -2.98469186e-01  1.68253273e-01
  2.99730778e-01  2.58647740e-01 -2.32950002e-01 -2.34039202e-02
 -5.79509586e-02 -2.73747277e-03  8.73578712e-02  9.43946838e-02
 -3.12836953e-02 -7.16329142e-02 -3.91817614e-02  6.80179819e-02
  1.63282692e-01 -6.90768845e-03 -4.80399504e-02  2.38715976e-01
  6.02920726e-02 -3.26137431e-03  3.55271623e-04  1.15682997e-01
 -1.82614625e-01  7.78580224e-03 -1.17305584e-01 -2.32562032e-02
  7.22652599e-02 -1.01019312e-02  4.41793241e-02  1.20325968e-01
 -1.43815696e-01  2.89766610e-01 -2.71585733e-02  6.18762244e-03
  3.73926647e-02  4.64233793e-02 -1.09897166e-01 -2.32984368e-02
  1.27776250e-01 -2.45733097e-01  1.10482365e-01  1.99486703e-01
  3.45242769e-02  5.46025187e-02  1.77708760e-01  1.69484429e-02
 -4.68982011e-03  2.56599393e-03 -1.46656439e-01 -1.07492127e-01
  9.41344127e-02 -2.89414842e-02  8.49321783e-02  3.09103262e-03]