[-0.08100827  0.11289984  0.03846748 -0.08667781 -0.1227928  -0.06857276
 -0.01759774 -0.0279646   0.10281261  0.01496439  0.30297515 -0.07759096
 -0.31328893 -0.09861846  0.09453455  0.13875991 -0.11393964 -0.01362703
 -0.08538467 -0.03947495  0.09219157  0.02878606  0.06219224  0.08433775
 -0.14195855 -0.29795924 -0.05236473 -0.08988039 -0.06788343 -0.19547831
  0.05481208  0.14695641 -0.13468879 -0.06287923  0.01154906  0.05564406
 -0.13756433 -0.0157804   0.1722645  -0.03630453 -0.14600544 -0.02781089
  0.01468166  0.25563124  0.18979442 -0.01650931  0.03529891 -0.07129955
  0.04025693 -0.2616832   0.03358383  0.13256863  0.15504915  0.07128251
  0.05329325 -0.08581232  0.04726384  0.15982541 -0.31766152  0.07591999
  0.0978211  -0.15755998 -0.13001427 -0.11380105  0.22094481  0.14045821
 -0.17257333 -0.15924627  0.08688738 -0.12071938 -0.14290389  0.14404839
 -0.14229715 -0.25482905 -0.31588179  0.01502834  0.22965303  0.12335712
 -0.28394178 -0.0195646  -0.04095143  0.00203176  0.02158645  0.06066861
 -0.03142502 -0.05812997 -0.0911561   0.05854205  0.09507016 -0.10712944
 -0.05238195  0.27789056  0.05544895  0.05065443  0.01155914  0.01275944
 -0.01719652 -0.01053268 -0.12301423  0.01322243  0.02387044 -0.12645771
 -0.0304962   0.04066103 -0.12751855  0.24942337  0.02997389  0.02337044
 -0.03883267 -0.06404065 -0.12432048 -0.01134872  0.17018443 -0.32947508
  0.23522244  0.17028873  0.05902298  0.09378625  0.02300042  0.07330482
 -0.01216002 -0.05322687 -0.16966262 -0.00707654  0.12398446 -0.03958998
  0.03848261  0.00999477]