[-0.04584695  0.08623589 -0.02843093 -0.02138672 -0.09653874 -0.07277023
 -0.03659636 -0.1030018   0.11575262 -0.05546787  0.16122833 -0.02039875
 -0.24250203  0.02722875 -0.03002673  0.10739393 -0.1484706  -0.17199847
 -0.12779327 -0.06776303 -0.03548538 -0.00143727  0.0608873   0.12072963
 -0.02606378 -0.31870651 -0.10416947 -0.10044055  0.06443348 -0.04677567
  0.0337281   0.02853771 -0.19953609 -0.10473589  0.09320525 -0.04110785
 -0.10792696 -0.04737291  0.31136519  0.04237903 -0.13704395  0.03637694
  0.06639133  0.3560932   0.15547189  0.09097841  0.00116512 -0.07677905
  0.05193679 -0.20938884  0.07244277  0.2262654   0.15084866  0.07009744
  0.06733967 -0.11714802  0.10626371  0.08726378 -0.28892708  0.08647915
  0.07017327 -0.05929876 -0.01779972 -0.05688601  0.22339551  0.04046107
 -0.11755238 -0.11884373  0.09644407 -0.18895628 -0.0593101   0.03806642
 -0.09786706 -0.22852804 -0.28952619  0.01035015  0.34994602  0.23025508
 -0.1591088   0.07421694 -0.03542336 -0.08890286  0.04369347  0.05840179
 -0.13533019 -0.03429969 -0.06796563  0.03446798  0.10261893  0.00218294
 -0.09541027  0.19618303  0.01152536 -0.05059344  0.05743467  0.07230208
 -0.13556759 -0.048012   -0.20065823 -0.02722792 -0.0165194  -0.01325805
  0.01968834  0.04549865 -0.16557355  0.11638986 -0.01665691 -0.09816496
 -0.10953575  0.03585802 -0.1903922  -0.07159909  0.11867894 -0.28731212
  0.20621613  0.18995436  0.05035312  0.12297498  0.08877236 -0.0182544
 -0.00354441 -0.0258809  -0.11540464 -0.1474714   0.07805535  0.04284453
  0.13988979  0.03278175]