[-2.24294350e-01  3.35553326e-02  5.87957576e-02 -2.38736607e-02
 -1.40328377e-01 -1.65705122e-02 -2.85594538e-02 -9.59597901e-02
  8.79468396e-02  5.54406550e-03  1.60777315e-01  2.78812665e-02
 -3.26105326e-01  1.23913586e-02 -1.78227387e-02  9.66583565e-02
 -1.12409033e-01 -8.96335766e-02 -1.20230347e-01 -2.01477081e-01
  2.20345557e-02 -8.61158036e-03  1.33652957e-02  7.28792604e-03
 -2.08471090e-01 -2.93323010e-01 -1.01610728e-01 -1.06068358e-01
  1.48127684e-02 -4.20682877e-02  1.59296542e-02 -5.09918779e-02
 -1.71849430e-01 -7.00253248e-02 -6.38987496e-03 -2.85343882e-02
 -2.07952466e-02 -9.49396715e-02  1.98709100e-01 -1.86693612e-02
 -8.14259425e-02  7.71543831e-02  8.89747813e-02  1.93306595e-01
  1.93370908e-01  4.26475815e-02  8.93250331e-02 -1.00483909e-01
  1.08018257e-01 -2.83398777e-01  1.26380980e-01  1.49451032e-01
  5.05577996e-02  9.84821171e-02  6.28620386e-02 -1.56531543e-01
 -1.66620649e-02  2.20792577e-01 -1.76360846e-01  1.37774825e-01
  5.67077622e-02  1.08902771e-02 -5.51289171e-02 -6.07888140e-02
  2.18310028e-01  1.74217761e-01 -1.51058972e-01 -9.80485454e-02
  1.72275186e-01 -1.19907178e-01 -5.46474382e-02 -2.98207048e-02
 -1.42675802e-01 -1.92975476e-01 -2.78413236e-01  1.96512699e-01
  4.41247731e-01  1.85605362e-01 -1.95192069e-01  4.06057574e-04
 -1.45269006e-01 -4.56703734e-03  4.81978692e-02  2.16419734e-02
 -9.15436596e-02 -1.53359741e-01 -2.44974233e-02  3.12243272e-02
  2.01785177e-01  5.92170730e-02 -3.04645468e-02  2.68636167e-01
  1.08847819e-01  3.21373343e-02  4.47428152e-02  1.37291551e-01
 -1.79021358e-01 -7.80541450e-02 -6.91909492e-02 -7.07884319e-04
  4.09452096e-02 -5.79516664e-02  8.62838402e-02  1.22968048e-01
 -1.34518310e-01  2.05862373e-01 -2.46830042e-02 -1.04061356e-02
 -3.14601734e-02  3.24832834e-02 -2.37690434e-02 -1.15279490e-02
  1.03664704e-01 -2.31171593e-01  2.34950051e-01  1.78406507e-01
  4.26723659e-02  1.66361272e-01  5.42214550e-02  5.45185879e-02
  2.97961831e-02  8.57601613e-02 -1.19469278e-01 -6.27204925e-02
  4.37795408e-02 -5.07129803e-02  2.46862099e-02  1.24683090e-01]