[-5.85939698e-02  2.06860416e-02 -5.29633742e-03 -1.01190485e-01
 -1.21722318e-01 -5.47551364e-02 -6.22749478e-02 -1.03125975e-01
  1.88214570e-01 -9.97382924e-02  2.18795508e-01 -9.25114378e-02
 -2.68447757e-01  1.28358882e-02 -2.45068297e-02  1.98594004e-01
 -1.45927504e-01 -1.07660212e-01 -1.26369029e-01 -7.21679926e-02
  2.83069499e-02  4.53784652e-02  4.57656682e-02  2.14339495e-01
 -6.15759715e-02 -4.12242800e-01 -1.21035911e-01 -1.11021258e-01
 -7.12557733e-02 -8.24818015e-02  6.15626909e-02  1.53109282e-01
 -1.21560678e-01 -5.04138507e-03  6.67926222e-02  1.03874274e-01
 -9.94236916e-02 -1.46918312e-01  1.96281582e-01  3.47245410e-02
 -2.33767301e-01 -1.88892782e-02  6.15882650e-02  2.76164800e-01
  2.04799175e-01 -2.07143603e-05  5.43285199e-02 -9.88925397e-02
  1.70771107e-01 -2.36323386e-01  4.31315079e-02  2.15332896e-01
  2.57439446e-02  7.74695352e-02  1.18620761e-01 -9.22357216e-02
  1.04017742e-01  1.58196315e-01 -2.90198773e-01 -5.03149629e-02
  6.91676512e-02 -1.07700311e-01 -5.27174026e-02 -1.52496934e-01
  2.16330647e-01  1.57507151e-01 -1.53210998e-01 -1.73139960e-01
  1.97038323e-01 -2.17789888e-01 -9.15026367e-02  8.62688273e-02
 -2.02603534e-01 -2.28088126e-01 -2.82690525e-01  4.54095937e-03
  4.09340948e-01  1.73254475e-01 -1.15781069e-01  1.24065757e-01
 -1.63334291e-02 -7.53220171e-02 -3.01572159e-02  2.19087392e-01
  1.68255456e-02  3.99266649e-03 -4.19133343e-02  3.80548462e-02
  1.07099243e-01 -4.82178759e-03  1.15681980e-02  3.06959838e-01
 -5.91566786e-03 -2.76251622e-02  7.14770481e-02  5.18862344e-02
 -1.44555032e-01 -2.17145681e-02 -1.28969193e-01 -1.54745225e-02
 -6.39323145e-02 -7.43874349e-04 -1.65843312e-02 -4.05833405e-03
 -1.62742183e-01  2.52935946e-01 -5.09133935e-02 -1.19863357e-03
 -5.52068166e-02 -6.16487712e-02 -4.92949784e-02 -2.48839334e-02
  1.54721603e-01 -3.05285126e-01  1.02313079e-01  8.03159475e-02
  1.17224343e-01  1.70342773e-01 -1.66961495e-02  1.18710577e-01
 -3.42201218e-02 -9.76029932e-02 -2.51920462e-01 -3.62626575e-02
  6.54296279e-02 -2.39202175e-02 -1.70738511e-02  1.54709499e-02]