[-8.84760693e-02  1.39009342e-01  9.56087094e-03 -7.97327384e-02
 -6.10609576e-02 -5.91776222e-02 -1.23671126e-02 -3.05175185e-02
  1.12533502e-01  3.50683481e-02  4.00630385e-02 -8.14361274e-02
 -2.82150656e-01  3.18561085e-02 -3.37507613e-02  1.48863703e-01
 -2.39244103e-01 -9.47568864e-02 -1.43863589e-01 -2.04406008e-02
  5.21849319e-02  8.08213726e-02 -2.21814532e-02  1.03613950e-01
 -9.78470072e-02 -3.15081686e-01 -5.68913035e-02 -1.29524857e-01
 -1.18326070e-02 -1.06665313e-01 -4.56382707e-02  3.69213223e-02
 -1.61515012e-01 -4.21314538e-02 -7.39071937e-03  7.57262297e-03
 -8.01104531e-02 -6.88564628e-02  1.48868755e-01  7.52965435e-02
 -1.87517807e-01  3.37166116e-02  6.01551123e-02  3.12028676e-01
  2.60481060e-01  5.88580258e-02 -3.77195328e-03  2.56285705e-02
  4.85861972e-02 -2.82695770e-01  8.50854516e-02  1.57932594e-01
  4.76548038e-02  1.10772543e-01  1.13838539e-01 -1.98855534e-01
  1.68599170e-02  5.42998239e-02 -2.08679810e-01  9.66017395e-02
  7.55376741e-02 -7.22585618e-02  4.91086468e-02  9.36862081e-04
  1.48143679e-01  3.03904042e-02 -1.11361101e-01 -8.23219940e-02
  9.35928598e-02 -1.94057956e-01 -3.46937180e-02 -2.66177021e-02
 -7.16591850e-02 -1.87643856e-01 -2.95849442e-01  5.93025200e-02
  3.07741135e-01  1.82821468e-01 -1.83995545e-01  3.12786363e-02
 -5.99086359e-02 -1.00935556e-01  9.75651443e-02  3.59833352e-02
 -7.16979802e-02 -5.52074797e-03 -1.44993380e-01  4.79794964e-02
  1.63587749e-01 -2.15111002e-02 -1.68633927e-02  2.58888721e-01
 -3.62565368e-03 -1.01843819e-01  2.51575187e-02  6.27665967e-02
 -1.43945098e-01 -1.08238775e-04 -1.30166456e-01  6.64025405e-03
  6.96345717e-02 -1.26992911e-01 -7.37048909e-02  1.05142891e-01
 -1.38695762e-01  1.28785670e-01  4.20301557e-02 -4.87565249e-02
 -1.39576271e-01 -7.44567486e-03 -2.26683065e-01 -1.93536188e-02
  1.84824243e-01 -1.74638227e-01  2.00524271e-01  2.01462105e-01
  2.84818280e-02  9.07049403e-02  5.63576594e-02 -3.96720506e-03
  1.49021493e-02 -1.95131358e-02 -1.26837045e-01 -9.95766521e-02
  1.19128063e-01  6.09050393e-02  5.76548129e-02  9.51271206e-02]