[-1.05083250e-01  9.94748250e-02  2.65886150e-02 -7.77965970e-03
 -1.26607627e-01 -6.95046186e-02  1.28501356e-02 -4.88326587e-02
  1.16738118e-01 -7.04199225e-02  2.18548343e-01 -8.40764642e-02
 -2.25984395e-01  2.43277475e-02 -5.04546016e-02  1.74566895e-01
 -1.40096501e-01 -9.95992944e-02 -1.24656461e-01 -3.19942906e-02
  4.05115783e-02  1.10608265e-01  5.05154356e-02  1.28149584e-01
 -2.01557577e-01 -3.30702573e-01 -6.06652722e-03 -1.37468219e-01
 -8.37420374e-02 -6.66534156e-02  7.37109929e-02  1.54904708e-01
 -1.76389724e-01 -4.52277437e-03  4.96900454e-02  8.87578204e-02
 -4.79643457e-02 -3.45833302e-02  2.75849581e-01  6.86550885e-02
 -2.76107192e-01 -2.90285312e-02  4.23343778e-02  3.57866794e-01
  2.09160313e-01 -6.78531677e-02  4.14017104e-02 -3.84224467e-02
  1.26318470e-01 -3.06044370e-01 -5.05815297e-02  1.62153199e-01
 -5.50619029e-02  4.97236699e-02  5.36946468e-02 -5.91689795e-02
  8.89947936e-02  5.87922931e-02 -2.57372409e-01 -3.01574431e-02
  1.00106835e-01 -1.25945285e-01 -1.82341561e-02 -6.65387213e-02
  2.14824632e-01  1.44389679e-03 -1.04677878e-01 -1.25339434e-01
  1.61804572e-01 -2.38966510e-01 -3.62305231e-02  1.82114035e-01
 -1.00973018e-01 -2.16781914e-01 -2.90998876e-01  2.17703171e-03
  4.36007768e-01  1.34334534e-01 -9.88780707e-02  1.15535639e-01
 -4.79022041e-02 -9.13674384e-02  7.04161003e-02  1.30990818e-01
  6.81409687e-02  5.48965670e-02 -9.06074271e-02  9.49544236e-02
  2.49126941e-01 -4.54976186e-02 -3.43086198e-04  2.95876384e-01
  3.30498554e-02 -9.36451033e-02  1.00534894e-01  5.78269176e-02
 -1.00415818e-01 -2.67325565e-02 -1.11319214e-01  6.73473924e-02
 -4.59222775e-03 -9.07574147e-02 -1.56699792e-02  2.88065821e-02
 -1.87737852e-01  1.97313681e-01 -7.41326660e-02 -3.97518873e-02
 -7.01688677e-02 -6.65479377e-02 -1.14328966e-01 -1.29508125e-02
  1.79676265e-01 -2.55253553e-01  1.23620950e-01  8.57285783e-02
 -1.09057617e-03  1.24117538e-01  1.64504573e-02  4.53933701e-02
 -6.88805357e-02 -1.14738438e-02 -1.84502870e-01 -1.05698079e-01
  6.67212307e-02 -5.10332920e-02  7.22701252e-02 -2.15384588e-02]