[-0.1001746   0.02572927  0.05607358 -0.11632863 -0.09991352  0.01934468
 -0.02086827 -0.08983983  0.17459315 -0.09212958  0.20484103 -0.0302342
 -0.15066111 -0.03328574 -0.02492655  0.22914128 -0.15385568 -0.20460814
 -0.07589014 -0.10593593  0.02233607  0.10038868 -0.06971263  0.14514494
 -0.11478075 -0.30377585 -0.04914511 -0.05024275  0.03165976 -0.08953673
  0.02962431  0.13564023 -0.13526516  0.05521135  0.08719881  0.14785442
 -0.05519156 -0.16077943  0.16011378  0.03927384 -0.29218912  0.00353617
  0.15939781  0.24775589  0.23308694 -0.06258997 -0.02796597 -0.03928808
  0.12578948 -0.26350123  0.04938379  0.17634529  0.00929182  0.10176397
  0.08845963 -0.15534253  0.00620491  0.15892623 -0.21298651  0.00418491
  0.02900109 -0.13061109  0.00088011 -0.10871692  0.09332608  0.16377455
 -0.1240095  -0.19516489  0.21109602 -0.17831118 -0.1424109   0.07117731
 -0.14093381 -0.16477811 -0.29118833  0.0231371   0.47353262  0.17788786
 -0.1074288   0.10065996  0.05147443 -0.06897917  0.0188544   0.18932784
 -0.00315123 -0.05176056 -0.03779743  0.03523785  0.17125444  0.11140826
 -0.01192228  0.22789103 -0.03648613 -0.00702498  0.01569233  0.12189469
 -0.08348504  0.02642695 -0.13770935 -0.06966256 -0.0900012  -0.009596
  0.03671905  0.15969189 -0.16609611  0.23915756  0.02552051  0.02713835
 -0.03257447  0.09093638  0.01525604  0.03918693  0.09119245 -0.21588539
  0.15094064  0.13394171  0.1207446   0.13745129  0.06781587  0.07745469
  0.03730205 -0.12413514 -0.22407977 -0.05204093 -0.02647601 -0.05841755
  0.01727889  0.11280759]