[-0.11148933  0.07158121  0.06622938 -0.06565978 -0.0939136   0.02191259
  0.05248256 -0.07501717  0.10451251 -0.05981951  0.14076683 -0.02116054
 -0.28362721  0.0258872  -0.03366914  0.10741457 -0.08034202 -0.10064603
 -0.16112041 -0.16450424 -0.16342783  0.06636156 -0.01736159 -0.00245971
 -0.07182916 -0.23831186 -0.08566366 -0.03529742  0.04056738 -0.0720408
  0.09963452  0.05128057 -0.21752122 -0.05322303 -0.01028732  0.01060177
 -0.10864597 -0.06918415  0.23825464  0.01670137 -0.15743688  0.04162775
  0.14663464  0.27145708  0.16245209  0.00181108 -0.02091591 -0.01307883
  0.10103614 -0.26616049  0.09584087  0.09882577  0.11310118  0.07859986
  0.02922528 -0.12164371  0.01140011  0.15615565 -0.13969146  0.1113634
  0.08928686 -0.17995732 -0.03953823  0.02171399  0.189898    0.11622816
 -0.05065329 -0.18319154  0.22992648 -0.17112708 -0.06799561  0.05940157
 -0.00500248 -0.066621   -0.28971958  0.16173629  0.361049    0.14154875
 -0.08273206  0.06321402 -0.10945027 -0.03074918  0.00832917  0.07773403
 -0.10707906 -0.14391132 -0.06687906 -0.01705931  0.23072176  0.02973447
 -0.07525513  0.16603439  0.04456474 -0.0364084   0.024817    0.03712266
 -0.17355682 -0.05365802 -0.10812986 -0.02735925  0.07105405 -0.08042803
  0.04442845  0.16361135 -0.18303794  0.23395038 -0.02820807 -0.05229981
  0.06637086  0.07334092  0.00348506 -0.0201311   0.12641434 -0.2365825
  0.23189662  0.0866351  -0.01627625  0.12591349  0.13262264  0.10193842
  0.03503669  0.04514907 -0.13180764 -0.1698799   0.0429548  -0.00947655
  0.07976349  0.13117458]