[-0.14053254  0.12880504  0.03633279 -0.11386935 -0.19341998  0.02398062
 -0.09963755 -0.07309983  0.14980052 -0.02937983  0.25032884  0.05393619
 -0.15623933 -0.14345019  0.07894273  0.08529644 -0.10154544 -0.18408737
 -0.03270252 -0.09093351 -0.0562315   0.09811537  0.02203257  0.05100486
 -0.15698062 -0.36926013 -0.00414452 -0.07751831 -0.01910813 -0.11179642
  0.02688336  0.13329372 -0.21154678 -0.02238018  0.04469956  0.17831975
 -0.1453225  -0.05529     0.22245462 -0.01277907 -0.1569936   0.03244659
 -0.01327004  0.27414265  0.18093255 -0.09856807  0.05458236 -0.02581187
  0.12016366 -0.21458304  0.14183447  0.24262036  0.05268826  0.04102284
  0.07829608 -0.09043933 -0.03751519  0.18698794 -0.11236341  0.00561177
  0.01071744 -0.07464222 -0.06058056 -0.16070238  0.19421993  0.13443485
 -0.05956867 -0.18186536  0.09833033 -0.07199513 -0.19092174  0.08345084
 -0.17290688 -0.19679099 -0.25876603  0.14234698  0.27305076  0.13261682
 -0.2616573   0.05398551  0.00931207 -0.06860586  0.01528923  0.08788197
 -0.01355505 -0.0326253  -0.06915782  0.03531787  0.25072661  0.01883227
 -0.06503557  0.22362423  0.05667928  0.05855127  0.07159506 -0.03054376
  0.01612057 -0.00832344 -0.16635635 -0.00642142  0.01713892 -0.06249798
 -0.08833496  0.12341435 -0.18043499  0.2236257   0.03754278  0.00926572
 -0.04439393 -0.02770316 -0.04834935 -0.0420667   0.15710369 -0.23910533
  0.28205004  0.12689914  0.10726248  0.21249445  0.09154605  0.01484582
  0.02446457 -0.03348231 -0.14438999 -0.07014348  0.09224775  0.01076134
  0.00566517  0.09943027]