[-7.40499124e-02  2.23312117e-02 -1.81677612e-03 -1.07773766e-01
 -9.54730809e-02  5.34643047e-02 -3.17480415e-03 -5.93154170e-02
  1.91675767e-01 -1.78349033e-01  1.74350932e-01  5.29246330e-02
 -1.27059951e-01  1.21365697e-03 -7.82905892e-03  1.09490074e-01
 -1.99847355e-01 -1.54274330e-01 -1.01068109e-01 -1.23687424e-01
 -1.75004434e-02  6.04900084e-02 -8.98749754e-02  8.35164543e-03
 -2.07368866e-01 -2.52888620e-01 -7.13500902e-02 -5.50440103e-02
  9.52120647e-02 -8.88185874e-02  1.94596034e-02  6.62838519e-02
 -1.77826613e-01  2.64005773e-02 -1.29766166e-02  4.86921519e-02
 -1.17101416e-01 -8.05373341e-02  2.04502821e-01  1.14221722e-01
 -1.40027255e-01 -5.97452279e-03  1.57399345e-02  3.30339491e-01
  2.12511465e-01 -1.97448190e-02  1.60441473e-02 -2.86643244e-02
  1.83072031e-01 -3.05127025e-01  8.65101069e-02  1.72555566e-01
  3.26403864e-02  1.51323944e-01  5.78919388e-02 -8.72736648e-02
 -2.45442688e-02  1.43547058e-01 -1.30280614e-01  6.22145012e-02
  3.36582810e-02  1.48605816e-02 -1.72315072e-02 -9.63383839e-02
  1.96639299e-01  1.03457786e-01 -1.18357152e-01 -1.31401360e-01
  1.48751602e-01 -1.49854213e-01 -1.31603643e-01  2.29733996e-04
 -1.47835389e-01 -1.68048069e-01 -2.66636938e-01  1.05941169e-01
  3.54259312e-01  1.79275274e-01 -5.82419187e-02  3.26918662e-02
 -1.96955912e-02 -9.07954723e-02  8.85071158e-02  8.74351338e-02
 -5.33634722e-02 -3.66930962e-02  5.13109863e-02  1.03101052e-01
  2.67885566e-01  7.18444586e-03 -6.30505234e-02  1.86039284e-01
 -2.31421366e-03 -3.52967195e-02 -2.76017617e-02  2.90188827e-02
 -7.16762543e-02  1.32069681e-02 -1.15180589e-01  1.32605713e-03
  4.09692526e-02 -4.57395706e-03  2.20408663e-02  1.88720554e-01
 -1.45834327e-01  2.75959253e-01  1.11404676e-02 -2.39863340e-03
  4.07730881e-03  1.03946943e-02 -1.46975294e-01 -1.96843129e-02
  1.26086831e-01 -1.85782343e-01  1.89454794e-01  1.68331221e-01
  8.36781636e-02  1.00549221e-01  7.87753463e-02 -3.47897224e-03
  1.92847550e-02  4.74732742e-02 -1.87573507e-01 -6.01757877e-02
  5.98960780e-02  1.89489312e-03  3.14966403e-03  2.74907425e-02]