[-9.98605937e-02  6.31633177e-02  3.73672992e-02 -1.12325311e-01
 -1.84658229e-01 -2.59216456e-03 -2.17900034e-02  1.10137258e-02
  1.72634915e-01 -1.02732539e-01  2.08595157e-01 -2.84250677e-02
 -2.44801536e-01 -3.88405961e-03 -1.61973052e-02  2.62916833e-01
 -1.25485286e-01 -1.45766169e-01 -1.12649694e-01 -4.98913974e-02
  3.72457504e-02  8.70906860e-02 -3.90165262e-02  1.57534555e-01
 -7.94269592e-02 -3.98995370e-01  1.75841115e-02 -5.12626320e-02
 -4.02307175e-02 -7.44030997e-02 -2.01987736e-02  1.10818848e-01
 -2.13681653e-01 -2.22606491e-02  1.40641332e-01  1.49813324e-01
 -1.01054333e-01 -1.26006022e-01  1.65998459e-01  4.78432775e-02
 -2.61203259e-01  8.66958871e-04  1.69903144e-01  2.65515357e-01
  1.39243931e-01  4.16297130e-02  2.92238109e-02 -3.63016315e-02
  1.55157164e-01 -3.35457563e-01  7.31557682e-02  1.37326956e-01
  8.70693550e-02  1.62725840e-02  1.43211812e-01 -1.97396427e-01
  3.24887373e-02  1.71994925e-01 -2.60591596e-01  3.67863253e-02
  3.23496386e-02 -1.15416408e-01 -8.49492401e-02 -1.57676324e-01
  2.40123287e-01  1.37085930e-01 -1.30156040e-01 -1.07796319e-01
  2.34478027e-01 -1.36679143e-01 -3.88760678e-02  5.89899719e-02
 -1.20643355e-01 -2.05690697e-01 -2.70246685e-01  1.32571347e-03
  3.62093091e-01  2.09563643e-01 -1.15031190e-01  7.65412897e-02
  1.88132748e-04  2.84428857e-02 -2.57256869e-02  1.09856844e-01
 -1.19591653e-02 -1.84705444e-02 -4.58617359e-02  6.69592544e-02
  1.91322669e-01  1.78373568e-02  3.43699679e-02  2.71329612e-01
  9.21231881e-03 -7.46232346e-02 -2.46027131e-02 -2.85561830e-02
 -1.17365181e-01 -9.64699760e-02 -1.79793492e-01 -7.18871877e-02
 -5.84457666e-02 -6.59317970e-02 -2.48731580e-04  9.00124088e-02
 -2.93663949e-01  6.04053736e-02 -4.41125184e-02 -5.17391041e-02
 -2.35588662e-02  3.95282246e-02 -9.64484364e-02 -2.75978278e-02
  7.48920515e-02 -2.58109063e-01  2.15965047e-01  1.55378401e-01
  9.48967710e-02  1.52462333e-01  5.38376234e-02 -1.14013068e-03
  6.31950498e-02 -1.61925808e-01 -1.84289843e-01 -1.19061120e-01
  8.70598480e-02 -5.47727160e-02  4.73106205e-02  4.11343835e-02]