[-6.83973953e-02  2.88036149e-02  3.64126861e-02 -6.95332810e-02
 -5.64939156e-02 -6.06031157e-02 -2.96716578e-02 -5.02178781e-02
  3.98249291e-02 -2.10703406e-02  1.71432912e-01 -7.69205168e-02
 -2.74960816e-01  1.60265565e-02 -1.25301823e-01  1.21105045e-01
 -1.53931707e-01 -1.52574450e-01 -1.01779722e-01 -2.21363083e-01
  3.79133038e-02  1.23515204e-01 -9.35689509e-02  4.87419590e-02
 -1.37924477e-01 -2.11990088e-01 -9.10777599e-05 -8.57734606e-02
  2.00360268e-02 -6.51269406e-02  9.29898545e-02  2.88690832e-02
 -1.83860287e-01  2.10526101e-02  6.62701055e-02  7.01962560e-02
  2.47473102e-02 -8.88354927e-02  1.72524691e-01  3.19530629e-02
 -6.12920448e-02 -3.75058576e-02  1.00306496e-01  3.19670439e-01
  1.26621038e-01  5.28282523e-02 -1.85927749e-02 -3.28193009e-02
  1.03118397e-01 -2.98894435e-01  1.22090615e-01  1.52152702e-01
  8.06131586e-02  7.08730221e-02  1.03625529e-01 -1.69582888e-01
  9.87630524e-03  1.17091902e-01 -1.56026438e-01  5.55541627e-02
  2.07724683e-02  6.50182292e-02 -5.97536657e-03 -1.24287590e-01
  1.39826044e-01  2.11455347e-03 -1.40067786e-01 -5.73166832e-02
  1.02273881e-01 -2.12613806e-01 -1.07086830e-01  7.72904512e-03
 -5.30792922e-02 -1.14314012e-01 -3.27578634e-01  6.61933646e-02
  4.18787301e-01  1.62369981e-01 -1.77559093e-01  1.96122564e-02
  2.21184604e-02 -4.36811522e-02  1.44902989e-01 -4.19507623e-02
 -9.65271890e-02 -1.85053982e-02 -1.01409324e-01  4.04177308e-02
  2.11408898e-01  2.40105074e-02 -9.11736861e-02  1.67981908e-01
 -2.31573414e-02 -4.53940853e-02  3.07804644e-02  8.10632184e-02
 -9.62359235e-02 -8.32322426e-03 -7.35272318e-02  2.70422250e-02
  4.91299033e-02 -4.33746167e-02 -2.34945286e-02  1.23433426e-01
 -1.39953911e-01  1.16740122e-01  1.18778087e-03 -5.49066179e-02
 -6.35489300e-02  7.72409290e-02 -1.87142447e-01 -4.91234064e-02
  1.74385458e-01 -1.99580520e-01  1.16334543e-01  1.70262218e-01
  1.10357143e-02  1.22042000e-01  6.55592680e-02  2.53626853e-02
  1.01632625e-03 -1.87023785e-02 -1.37236789e-01 -1.67891264e-01
  7.94721488e-03 -4.89621423e-04  3.87917832e-02  6.24763779e-02]