[-0.26168239  0.08832382  0.08331375 -0.07602993 -0.05798008 -0.04291806
 -0.02702099 -0.03858765  0.19840369 -0.14654037  0.20407271 -0.01156092
 -0.17919482 -0.01402056  0.00058393  0.13683958 -0.17022026 -0.07577191
 -0.06524121 -0.17186683  0.05977486  0.10750683  0.00730565  0.03861867
 -0.17245895 -0.40207085 -0.09602434 -0.11094297  0.0535473  -0.10172162
  0.01282324  0.02225594 -0.1329194  -0.01746269  0.02133371  0.13527028
 -0.01748616  0.00372935  0.13592432  0.03342702 -0.13438144 -0.04620727
  0.04728641  0.3021186   0.18085651  0.06838313  0.06669252 -0.12650622
  0.16488911 -0.20107721  0.05546039  0.08898955  0.00565822  0.08968679
  0.09818514 -0.14064667  0.01808035  0.1519395  -0.18434834  0.12839712
  0.11527629 -0.09710225 -0.04534769  0.00949383  0.19596542  0.09074199
 -0.15438919 -0.1776289   0.12886839 -0.18808562 -0.01455969  0.13260663
 -0.10329284 -0.18114592 -0.29908153  0.0570884   0.45008618  0.13446075
 -0.06921951 -0.04190417 -0.07216915 -0.02315911  0.14987214  0.12884757
 -0.09570915 -0.07428159 -0.08642612  0.07720798  0.2107262   0.08189952
 -0.06366715  0.17351322 -0.00158689  0.08937868 -0.04036705  0.13257925
 -0.21463248 -0.01078512 -0.04157814 -0.03297926  0.00189425 -0.04926103
 -0.00676682  0.12293848 -0.15124986  0.24695501 -0.05426553  0.02694875
 -0.05792692  0.02254004 -0.06538056  0.02653532  0.11242687 -0.22599702
  0.14228974  0.2322152   0.04753774  0.19393367  0.05515923  0.03004314
 -0.01602507 -0.00443766 -0.20113537 -0.0090787  -0.01938329 -0.04646017
  0.06408176 -0.01176698]