[-0.01309742  0.10930179  0.04762654  0.01456753 -0.13996141 -0.00548151
 -0.06183422 -0.19972222  0.12117932 -0.05683105  0.18627341 -0.14622326
 -0.23566058  0.03666374 -0.03437627  0.12296639 -0.21603531 -0.16381878
 -0.09583846 -0.09876657 -0.11557051  0.04405754 -0.02600612  0.03916541
 -0.0344905  -0.31997702 -0.13734852 -0.07205276  0.14458686 -0.08112628
 -0.02911833  0.076776   -0.11796541 -0.01734868  0.06597125  0.03862634
 -0.05883451 -0.06949423  0.22929719 -0.03878336 -0.15782276 -0.03520282
  0.02984555  0.28467     0.18441589  0.03120161  0.00593869 -0.0828999
  0.08628975 -0.19068912  0.09104571  0.21139407  0.12214904  0.09933392
  0.01693276 -0.14837931 -0.02076898  0.14832284 -0.1629477   0.11983158
  0.17947625 -0.12399545  0.01381944 -0.04965014  0.19481736  0.08156007
 -0.07786353 -0.18960448  0.1603637  -0.22391608 -0.09362721  0.06753761
 -0.07237144 -0.1645312  -0.31736222 -0.02879384  0.42317367  0.11944208
 -0.17801686 -0.032939   -0.00258747 -0.0780746   0.11221009  0.07559323
 -0.11595537 -0.04449163 -0.14241292  0.01470868  0.26247481 -0.01721635
 -0.05019427  0.19237356 -0.02454665  0.01308036  0.04411081  0.1019927
 -0.01088424 -0.03132569 -0.10040212  0.02624297  0.01540631 -0.07266705
 -0.0372165   0.09894507 -0.13472101  0.23434782  0.00730381  0.01577791
 -0.0705935  -0.06439532 -0.07476167  0.02401117  0.3192066  -0.29409194
  0.14670068  0.15368709  0.05725116  0.12643097 -0.02472848  0.07014749
 -0.04115152 -0.12134936 -0.1899275  -0.10819458 -0.00855333 -0.0551727
  0.02244104  0.10449334]