[-0.13212779  0.11777519  0.02166253 -0.09928591 -0.12123603 -0.05812385
 -0.02464948 -0.0754711   0.14146851 -0.14442286  0.15862474  0.00082364
 -0.20181912  0.01505655 -0.0526179   0.20980205 -0.23670611 -0.192443
 -0.1281914  -0.05495143  0.0639394   0.08888106  0.00121284  0.13216755
 -0.06080995 -0.32796076 -0.0450885  -0.01349081  0.06923711 -0.08263864
  0.06873038  0.09873453 -0.10659055  0.01684128  0.04830813  0.08353503
 -0.00691154 -0.12733454  0.18890795  0.00746066 -0.28644979 -0.0390237
  0.19763301  0.30885866  0.29403925  0.04559478  0.03629264 -0.11040422
  0.10373624 -0.36245969  0.04838423  0.12072094  0.10387658  0.08662642
  0.08098136 -0.23218259  0.02529889  0.08462043 -0.22178693  0.03357509
  0.06751966 -0.08540548  0.04248846 -0.10683133  0.24762264  0.1216967
 -0.15264139 -0.17927971  0.24272947 -0.29922938 -0.14121267  0.09271362
 -0.0853414  -0.16008924 -0.34317088 -0.06436336  0.37065998  0.26750067
 -0.05900601  0.06618279 -0.03332826 -0.02618021 -0.02420142  0.20251022
 -0.07941465 -0.07984015 -0.07479151 -0.00045175  0.23228113  0.04756127
 -0.06701111  0.24153435  0.07590793 -0.05477368 -0.0066719   0.07965373
 -0.12803137 -0.00455609 -0.15639119 -0.02175545 -0.13046277 -0.01059691
  0.03506483  0.19402508 -0.16138548  0.20558177 -0.08636239 -0.01263935
 -0.03998438  0.06779529 -0.03812902 -0.05083034  0.10297945 -0.20215635
  0.12188005  0.21778241  0.12408876  0.15435869  0.06597624  0.14004922
  0.04614477 -0.04940622 -0.1889805  -0.05392148 -0.00567399 -0.12138503
  0.05148881  0.11271445]