[-0.04280074  0.03853698  0.0905425   0.01860833 -0.14585035  0.00906358
 -0.01005602 -0.03889856  0.08278396 -0.05538201  0.21010265 -0.03558825
 -0.18014629  0.00072783 -0.0030249   0.12260195 -0.23478504 -0.09560341
 -0.03105023 -0.02893584 -0.02503889  0.02409284  0.01946697  0.04909626
 -0.00235309 -0.38039839 -0.04208772 -0.08512735  0.03700621 -0.05721942
  0.01131141  0.00189902 -0.18725456  0.0318004   0.02010723  0.00915554
 -0.07307889 -0.11062912  0.23467067 -0.02880478 -0.14945957  0.00789094
  0.04649528  0.25300273  0.14953269  0.03174018 -0.05855118 -0.00160182
  0.09718975 -0.28353003  0.12725377  0.16226116  0.06993589  0.02693317
  0.06871672 -0.11828683 -0.01463274  0.0712568  -0.11905805  0.00321182
  0.03613551 -0.0374574  -0.00381817 -0.13169762  0.20064695  0.10596576
 -0.09210686 -0.08355256  0.00410072 -0.14111656 -0.07431749 -0.01478619
 -0.10746141 -0.15893051 -0.28918853  0.05012088  0.39914289  0.1543346
 -0.18000734  0.00611857 -0.03693476 -0.01111043  0.13880208  0.09251938
 -0.03431284 -0.03167437 -0.09811451  0.06206912  0.09729872 -0.04823642
 -0.07981604  0.17398672 -0.041913    0.01303275 -0.00137753 -0.01701981
  0.01030393  0.01093011 -0.1308329   0.027012    0.03487796  0.00700681
 -0.01512813  0.07523207 -0.21366699  0.05402772  0.03055323 -0.03745812
  0.0715903   0.00535428 -0.15679325 -0.02886379  0.10725817 -0.31034732
  0.200377    0.12630637 -0.02814172  0.18398054  0.02096931  0.0492513
 -0.04091664 -0.06639926 -0.1469208  -0.05948407  0.05734381  0.08778313
  0.04826625  0.03449169]