[-0.08989052  0.029768    0.03634391 -0.18029296 -0.13580124 -0.0764447
 -0.0623038   0.00215487  0.20483558 -0.16331901  0.10835613 -0.01692921
 -0.21586135  0.10594679 -0.05889244  0.21542881 -0.19519673 -0.17839555
 -0.05848452 -0.12217948  0.11921562  0.11139984 -0.04674366  0.1087352
 -0.15268099 -0.25177228 -0.11106107 -0.03291131 -0.01437437 -0.102463
  0.07997036  0.06769802 -0.14891106  0.04454056  0.03658605  0.10822695
 -0.02463803 -0.10391296  0.21179004  0.16432832 -0.23709999 -0.00859585
  0.06516515  0.29794881  0.21084242  0.05957421  0.04822224 -0.08249618
  0.16176321 -0.27502123  0.02948454  0.18599951  0.04012915  0.08380487
  0.02901204 -0.19827789  0.05775288  0.16956268 -0.24745174  0.03962452
  0.05931665 -0.1155716  -0.01813172 -0.05502334  0.24092485  0.08936072
 -0.17623888 -0.15216155  0.23152167 -0.17294702 -0.12825717  0.05721488
 -0.18802987 -0.13750394 -0.31845677 -0.01014001  0.35946655  0.09114931
 -0.07928846  0.08859797  0.00815873  0.01512183 -0.00495157  0.2100284
 -0.06568216  0.01253274 -0.05623112  0.06227841  0.18477771 -0.01999795
 -0.03280183  0.19507971  0.02589107  0.03160486 -0.00381322  0.11315949
 -0.1630387  -0.0612545  -0.11462241 -0.05089458 -0.02761262  0.01160849
 -0.03139634  0.16369341 -0.1441057   0.22236136 -0.06779461 -0.07939015
 -0.19386834  0.01361545 -0.05658805 -0.01514939  0.11498071 -0.15949725
  0.12632613  0.22211945  0.02346351  0.13506968  0.07184379  0.06819995
 -0.02048566 -0.02043881 -0.2117175  -0.05524127  0.0162931  -0.003764
  0.0796202   0.04867937]