[-1.34526566e-01  4.38035615e-02  7.69759715e-02  7.78651685e-02
 -2.93270499e-02 -6.43256530e-02  9.83691141e-02 -9.71526429e-02
  1.39735520e-01  4.00632732e-02  2.65753210e-01 -2.29630098e-02
 -2.04621211e-01 -1.27385214e-01  9.18234698e-03  1.29118949e-01
 -9.08229575e-02 -1.04337133e-01 -7.51584694e-02 -1.39135957e-01
 -6.61589652e-02  5.64556196e-02  4.23334539e-02  8.44686478e-02
 -8.55594501e-03 -2.89103568e-01 -5.91531806e-02 -1.96413264e-01
  1.25862271e-01 -1.14669971e-01 -3.24491933e-02  1.81052700e-01
 -1.26997098e-01 -9.22189280e-02  3.90177444e-02  1.00917313e-02
  5.18678967e-03 -1.78445727e-02  2.12642014e-01  7.68684596e-02
 -1.06205322e-01 -3.78026627e-02 -2.08267309e-02  3.69443685e-01
  1.34865791e-01 -2.97056157e-02 -5.37741557e-03  8.39480013e-03
  4.34265239e-04 -1.10093608e-01  5.99699933e-03  1.35477304e-01
  1.85526177e-01  7.95382727e-03 -5.35845757e-02 -1.27594396e-01
 -5.30335829e-02 -6.32802956e-04 -2.26253480e-01  9.38163623e-02
  4.53366376e-02 -1.60456881e-01 -1.40307620e-01 -2.73743737e-02
  2.00708196e-01  7.32794553e-02 -6.72322512e-02 -1.27939761e-01
  1.92812458e-01 -1.29347771e-01 -4.05182987e-02  9.76500809e-02
 -1.73191965e-01 -1.28159970e-01 -1.58657119e-01  1.01436675e-01
  3.63094419e-01  5.75522110e-02 -2.19060123e-01 -1.50780566e-03
 -1.50108621e-01 -4.40019295e-02 -3.76220904e-02  1.02522790e-01
 -7.30872154e-02  1.56902131e-02 -8.80986825e-02 -3.20771895e-02
  9.47649777e-02 -1.29411398e-02 -6.43884987e-02  1.92463607e-01
 -5.53207099e-03 -4.10734192e-02  4.31794301e-02 -5.62402233e-02
 -1.76282600e-04 -4.84290607e-02 -1.41543210e-01 -1.72547877e-01
  1.81603078e-02 -1.11810185e-01  1.30707920e-02  5.52304164e-02
 -2.04679191e-01  1.27895951e-01  6.41896129e-02 -2.75727734e-02
  4.67206314e-02  1.78840645e-02 -4.73870821e-02 -7.59873092e-02
  1.97041392e-01 -1.88408926e-01  1.79498121e-01  1.82947695e-01
  1.30977571e-01  1.14329688e-01 -1.15143647e-02  7.32524693e-02
 -2.37813480e-02 -3.92309166e-02 -8.02561119e-02 -3.96710411e-02
  9.52203944e-02 -2.55918000e-02 -5.03449701e-03  7.06347823e-03]