[-0.0853113   0.02783244  0.02698329 -0.06595206 -0.15778863  0.06131066
 -0.08212478 -0.01044206  0.0458259  -0.12822622  0.18744682 -0.02808945
 -0.23430102 -0.04656921 -0.00796759  0.20337692 -0.07394499 -0.10733548
 -0.12777449 -0.07140787 -0.05819243  0.09175047 -0.06783684 -0.01002817
 -0.14254768 -0.32464549 -0.0125272  -0.07964185 -0.03042885 -0.02780718
 -0.05382222  0.16035675 -0.08743928 -0.0230135   0.05729423  0.07056898
 -0.1306356  -0.07149908  0.21655755  0.04979368 -0.24047509 -0.02552122
  0.07359439  0.26181293  0.17487085  0.00263558  0.08291511  0.02056781
  0.13170561 -0.35782754  0.09025449  0.1092481   0.07569864  0.07987411
  0.07466482 -0.18340416 -0.00298202  0.18337311 -0.17261997  0.00634818
 -0.03537405 -0.11957417 -0.05550262 -0.08613811  0.24528183  0.16394278
 -0.07728127 -0.16124274  0.26950586 -0.09585863 -0.10472208  0.05601535
 -0.12641703 -0.17156695 -0.29672936  0.0778364   0.30810896  0.18859567
 -0.11918997  0.06768069  0.0029957  -0.05824982  0.04558826  0.09332235
 -0.00205891 -0.07162107  0.01211686 -0.03584556  0.23422062 -0.04792226
 -0.05481715  0.1843248   0.04754601 -0.0311712   0.04331394  0.01216654
 -0.06887962 -0.05084681 -0.11561684 -0.03870735  0.08212643 -0.08381151
  0.01839351  0.17163414 -0.19520779  0.23284431 -0.07083548  0.01931968
  0.02651001 -0.0269746  -0.01986388  0.01512382  0.15195204 -0.18790367
  0.15891132  0.13838442  0.06716755  0.16292009  0.14326036 -0.00343449
  0.03893246 -0.04291565 -0.28626609 -0.14011207  0.12960117 -0.02587642
 -0.00544395  0.11164137]