[-0.11369514  0.09993763  0.01890009 -0.09394528 -0.14331938  0.01237026
 -0.09010743  0.04783362  0.13724507 -0.0941342   0.16890724 -0.04036937
 -0.19030292 -0.06106634 -0.00670394  0.12861504 -0.13627772 -0.10036296
 -0.08187863 -0.0781412  -0.02638958  0.12082276  0.01533075  0.08357783
 -0.10299066 -0.38211647 -0.09923583 -0.11740074 -0.0296744  -0.13941313
  0.01849299  0.10491338 -0.1461146  -0.06147857  0.00950438  0.04444436
 -0.0474304  -0.04128718  0.1712696   0.06738303 -0.09705725 -0.03812874
  0.10166283  0.34127468  0.17253761  0.04221155 -0.00178023 -0.00691142
  0.14716679 -0.26111898  0.09114391  0.11641547  0.07792448  0.0661993
  0.16532618 -0.01405049  0.03016482  0.14295734 -0.1941181   0.0267068
 -0.01164821 -0.01899043 -0.06663613 -0.12502308  0.30051175  0.12335001
 -0.08609729 -0.1146125   0.16626294 -0.09626856 -0.13355733  0.06290691
 -0.09255203 -0.09636925 -0.28239399  0.08887213  0.35572681  0.16654152
 -0.11117513  0.08342006 -0.0365867  -0.13607717 -0.02838449  0.05570889
 -0.13366722 -0.01960628 -0.0173336   0.10584998  0.17427319  0.03202899
 -0.02929837  0.17330514  0.02080077  0.02694716  0.05832207 -0.01688908
 -0.10812578 -0.05107052 -0.17352514 -0.02358633  0.07487416 -0.04748679
 -0.03863759  0.10012893 -0.15862823  0.14939171  0.00761651 -0.08842596
 -0.03677667  0.02670353 -0.13955222  0.01264057  0.13197325 -0.24256426
  0.13541755  0.032241    0.06079297  0.14223745  0.07631828  0.0345501
 -0.03000362 -0.06357935 -0.13799153 -0.10828159  0.16598758  0.0036936
  0.07099461  0.04831146]