[-0.16465934  0.04497585  0.05912563 -0.09069706 -0.11830415  0.05636578
 -0.01096654 -0.02335926  0.10415724 -0.12392776  0.21140535 -0.01369242
 -0.26834649 -0.06674822  0.02576317  0.13459276 -0.0109631  -0.1546635
 -0.06026813 -0.08488756  0.02651192  0.05612593 -0.0900998   0.07552467
 -0.14886439 -0.32719406  0.00594118 -0.06897889 -0.07554565 -0.09907756
 -0.02977641  0.1171471  -0.14721313 -0.0058303   0.0080491   0.14736775
 -0.07940623 -0.06159858  0.19205144  0.06104057 -0.1447957  -0.0105189
  0.01858884  0.34241301  0.12117202 -0.05293767  0.0404117  -0.02557101
  0.14471707 -0.30005166  0.09215012  0.15536134  0.12250219  0.04299767
  0.12265761 -0.05520776  0.02626855  0.12716578 -0.19365922  0.09393976
  0.06799299 -0.09173182 -0.11681986 -0.19534436  0.17853159  0.07737512
 -0.12358902 -0.05729984  0.15654026 -0.08634463 -0.1300568   0.03353306
 -0.12067623 -0.23030709 -0.23820795  0.16379842  0.2733241   0.29337528
 -0.25726211  0.04173136  0.00454941  0.00129461  0.11029758  0.05696007
  0.00088707 -0.01556439 -0.04729803  0.04548967  0.18525264  0.03777812
 -0.01246915  0.25555927  0.06519656 -0.04778551  0.04824783  0.02368867
 -0.06265801 -0.06238018 -0.17648265 -0.04136902  0.08481929 -0.1125956
  0.01215447  0.09169341 -0.2151342   0.20561783 -0.02819443 -0.00257633
  0.03315141 -0.00394367 -0.1291081  -0.00787038  0.11410822 -0.21118747
  0.10727331  0.12364129  0.06622711  0.13454723  0.11616298  0.03668604
  0.01309858 -0.07316916 -0.17397255 -0.14442375  0.13459058  0.03259509
  0.03300969  0.04900547]