[-0.13338454  0.05238408  0.14332668 -0.03719232 -0.07240651 -0.0719084
 -0.02945535 -0.07868249  0.10260741 -0.04065578  0.24036735 -0.04735712
 -0.21431594 -0.06022248  0.1094388   0.08419411 -0.05590195 -0.15227263
 -0.09541696 -0.08542277 -0.02064514 -0.11041584  0.01437001  0.07857301
 -0.12942095 -0.3251299  -0.10355177 -0.13042356 -0.00576396 -0.11755285
 -0.04660617  0.03043996 -0.20366129 -0.10162079 -0.01438788  0.07298665
 -0.039974   -0.08098012  0.20243804 -0.02336697 -0.20835672  0.02895153
  0.03531971  0.20741245  0.20595294  0.02023854  0.06037335 -0.01695462
  0.08071034 -0.20166937  0.15102683  0.11908591  0.1169285   0.0728018
  0.02387507 -0.16323429  0.00791609  0.09725455 -0.204565    0.14712203
  0.08202855 -0.15003578 -0.07404595 -0.01110795  0.24339327  0.21392599
 -0.10871392 -0.17058687  0.14563473 -0.12189411 -0.03272013  0.12010054
 -0.18055306 -0.16084674 -0.27718154  0.15295999  0.42697901  0.06424461
 -0.20468251 -0.01223841 -0.12326305 -0.03317092  0.0132904   0.13359475
 -0.04807182 -0.01643364 -0.04863279  0.04298972  0.20389162  0.0298002
 -0.07573327  0.21670143 -0.01579575  0.02994105  0.04591676  0.07098508
 -0.0386252  -0.04850623 -0.1067197  -0.03808575  0.05231705 -0.10107557
 -0.02112215  0.07751782 -0.19897734  0.08950596 -0.00477815  0.01337003
 -0.00854134  0.04294262 -0.07117592 -0.08433151  0.13006112 -0.28733552
  0.20717528  0.20259112  0.09410734  0.08126744  0.06166221  0.05278336
  0.08997889 -0.01566529 -0.11962609  0.0092913   0.06117184  0.04452925
  0.05054525  0.09047491]