[-0.03987727  0.02071574  0.08103843 -0.02964316 -0.09880902  0.01112905
 -0.02930154  0.01539223  0.11161613 -0.09640156  0.25046241 -0.07808942
 -0.21729982  0.07083389 -0.01959692  0.12745099 -0.13001402  0.01470701
 -0.11363672 -0.04292704  0.02623802  0.11631937 -0.0199835   0.03958483
 -0.13115197 -0.33604258 -0.10376523 -0.09440933  0.04863651 -0.09996107
 -0.07469202  0.08887371 -0.02593448  0.03268234  0.10838072  0.01212136
  0.00881408 -0.09398133  0.21755451  0.07080148 -0.14955832  0.08745144
  0.08031985  0.24123323  0.15093897  0.06038728  0.00671938 -0.08676579
  0.12732731 -0.3003605   0.0730739   0.09188102  0.08425786  0.04368893
  0.146759   -0.19096543 -0.01270975  0.08997413 -0.19930393  0.1078564
  0.02674205 -0.04431766 -0.00068029 -0.0550977   0.17491953  0.14344786
 -0.11577033 -0.10059205  0.17619652 -0.15527676 -0.01561842  0.03528412
 -0.08577436 -0.18439879 -0.15232225  0.07075986  0.40922818  0.19934052
 -0.19455193  0.04878316 -0.04652363 -0.09297679  0.06699153  0.02896076
 -0.1209655  -0.07859071 -0.02472739  0.04272704  0.24745983 -0.01132661
  0.05285974  0.29287425 -0.00194381  0.03239261  0.04631024 -0.05117963
 -0.11401275 -0.05009365 -0.09767596 -0.00145318  0.04097357 -0.18608183
  0.03841905  0.10340315 -0.29995003  0.13460602 -0.05190974 -0.10896645
  0.05260119  0.07108513 -0.12702249  0.06056822  0.2104812  -0.27585739
  0.1787062   0.12773447  0.12052487  0.14603196  0.07779757  0.05184449
  0.05549854 -0.03140602 -0.14320508 -0.08346502  0.05833211 -0.06123072
 -0.00350394  0.03191684]