[-4.22492586e-02  1.14832968e-01  8.09164271e-02 -8.72741640e-02
 -5.05353399e-02 -5.72118759e-02  1.41852349e-02  3.53886858e-02
  1.80270523e-01 -1.09056771e-01  1.54846013e-01 -4.48389649e-02
 -2.15936288e-01  3.99549445e-03 -1.15097068e-01  6.75041974e-02
 -6.34592548e-02 -1.64496183e-01 -9.98744145e-02 -1.37702376e-01
  5.45310304e-02  6.68099821e-02 -1.03215039e-01  5.70340902e-02
 -1.69532925e-01 -2.14234456e-01 -4.76045385e-02 -8.06511641e-02
 -1.71222445e-02 -1.56268463e-01  7.15900660e-02  7.19349757e-02
 -8.89951736e-02 -1.23532377e-02  3.96424904e-02  9.58080962e-02
  2.12542284e-02 -5.77741340e-02  2.31007040e-01  4.54561673e-02
 -1.09027259e-01  2.73130219e-02  4.20754738e-02  3.92629951e-01
  1.20768949e-01  4.52957526e-02 -8.14911723e-03 -4.11455557e-02
  1.76568076e-01 -2.56521165e-01  7.40104914e-02  1.73132226e-01
  1.02040783e-01  8.01676884e-02  1.30210862e-01 -9.97079536e-02
  7.09408075e-02  9.93775427e-02 -1.79033548e-01  3.83070372e-02
  3.15498710e-02 -6.98088333e-02 -6.89189956e-02 -7.88357705e-02
  1.39919981e-01  1.84311364e-02 -1.18524820e-01 -5.19414991e-02
  1.07259333e-01 -2.14437053e-01 -6.38295412e-02  8.63510072e-02
 -7.37650990e-02 -9.31129754e-02 -1.87415823e-01  9.87839401e-02
  4.35657054e-01  2.27155715e-01 -1.66269690e-01  5.50421849e-02
  8.79909750e-03 -1.50152594e-02  1.18519865e-01  4.49737124e-02
 -1.38867632e-01  2.50425562e-03 -7.16991425e-02  8.39179382e-02
  1.94363177e-01  3.20242159e-02 -7.12268203e-02  1.11825041e-01
  4.05280143e-02  3.54478136e-04  8.31870642e-03 -6.01743497e-02
 -9.25360769e-02 -1.21172285e-02 -7.56369159e-02  2.80359127e-02
  1.02687284e-01 -4.28792760e-02 -5.04989959e-02  6.65860176e-02
 -1.86941087e-01  1.35268122e-01 -2.67851539e-03 -8.67744535e-02
 -4.29847650e-02  6.74744397e-02 -1.20646603e-01  2.99666380e-03
  1.67687729e-01 -2.23337114e-01  1.02693424e-01  1.31533340e-01
 -1.01201516e-02  1.13385595e-01  8.56930315e-02  2.65161954e-02
  3.83989885e-02 -3.72931883e-02 -8.62220898e-02 -1.53295055e-01
  6.32740706e-02  6.76554721e-03  1.33650512e-01 -5.28380498e-02]