[-1.79330297e-02  1.26146510e-01  1.02863692e-01 -4.34456728e-02
 -1.18165135e-01 -1.54298060e-02 -4.46814373e-02 -9.88102853e-02
  1.08631030e-01 -9.00202841e-02  1.48488492e-01 -1.20508485e-01
 -2.31828436e-01  1.18029080e-01 -2.55229361e-02  1.82631016e-01
 -2.28437692e-01 -2.07950473e-01 -1.19664654e-01 -2.27793343e-02
 -8.08574036e-02  1.36897787e-01 -4.13129292e-02  5.50640039e-02
 -1.21912137e-01 -3.46956313e-01 -1.55077819e-02 -3.48060690e-02
  1.12916075e-01  3.51330440e-04 -5.88760786e-02  9.58716720e-02
 -1.71855658e-01 -3.29347774e-02  1.78615019e-01  1.19300015e-01
 -1.05660021e-01 -1.00208230e-01  2.26120546e-01  6.71558604e-02
 -2.61564195e-01 -7.67327100e-02  9.88120362e-02  2.99889207e-01
  2.42442101e-01  6.72280490e-02 -2.71852426e-02 -4.34068441e-02
  7.68234134e-02 -3.16247761e-01  2.48929895e-02  1.68114319e-01
  1.14271626e-01  1.64853185e-01  1.50579708e-02 -1.85642555e-01
 -5.31641766e-04  1.36675656e-01 -2.06299692e-01  3.04789357e-02
  1.03250913e-01 -1.73176870e-01  1.00846320e-01 -7.60727450e-02
  2.99740762e-01  3.93584790e-03 -1.52937144e-01 -8.76926482e-02
  1.97700694e-01 -2.10579395e-01 -6.77252412e-02  5.17796241e-02
 -2.52594445e-02 -1.27764732e-01 -2.71055281e-01 -4.97671217e-02
  3.71712089e-01  1.52133495e-01 -1.25707030e-01 -6.25666371e-03
  4.18391777e-03 -6.14581332e-02  4.40272205e-02  1.71444565e-01
 -1.98761169e-02 -3.48982662e-02 -9.22303833e-03 -4.29623723e-02
  2.82412231e-01 -3.42799276e-02 -3.38393403e-03  2.26729795e-01
 -4.70024310e-02  2.64879968e-03  3.15759107e-02  2.96994299e-02
 -9.20570716e-02 -3.81392539e-02 -1.01563543e-01  1.12422034e-02
 -1.20607473e-01 -1.70432851e-02  2.77503803e-02  1.89666271e-01
 -1.44605234e-01  1.59023747e-01 -3.62524875e-02 -1.26969395e-02
  2.48236731e-02  1.50313135e-02 -3.40048522e-02 -1.62384897e-01
  1.80421516e-01 -2.98462689e-01  1.28629774e-01  2.00464919e-01
  7.41344597e-03  1.24490947e-01  4.20400733e-03  4.88474220e-02
  4.87696826e-02 -1.78379864e-02 -1.96136653e-01 -1.15946606e-01
  5.28560318e-02 -7.88885728e-02  1.75046213e-02  4.67770286e-02]