[-0.04430406  0.11401551  0.12405443 -0.0702071  -0.1673739   0.02764622
  0.02598185 -0.01626353  0.13649076 -0.13841657  0.18615204 -0.14942579
 -0.23694625  0.08712492 -0.05223023  0.16135733 -0.11727291 -0.11015423
 -0.16306353 -0.09815642  0.00303211  0.10891136 -0.04286812  0.07166129
 -0.1483393  -0.30918777  0.00436609 -0.02616406 -0.00972867 -0.09838568
  0.022457    0.21199295 -0.09386856  0.05905785  0.04625721  0.06477556
 -0.09113865 -0.06041773  0.22793718  0.03224769 -0.25443703  0.03127382
  0.049245    0.2761277   0.17409603  0.04554621 -0.01036735 -0.04675131
  0.14008527 -0.28510404  0.02220282  0.19745421  0.08051114  0.0352911
  0.0727791  -0.1420144  -0.03670321  0.08905852 -0.16826878 -0.00603397
  0.06174418 -0.15698951 -0.03834898 -0.14011614  0.17649974  0.08092047
 -0.14670154 -0.07708676  0.23227645 -0.1479874  -0.06758907  0.12143614
 -0.09371271 -0.1399273  -0.20582382  0.03951064  0.45276126  0.13711239
 -0.15435629 -0.0300371  -0.01691842 -0.01541115  0.03061474  0.1399101
 -0.10675177 -0.09821355 -0.02807288  0.02997452  0.19924682 -0.03202453
 -0.0763982   0.20239472  0.07038969 -0.02972354 -0.01983716 -0.02644405
 -0.09096826 -0.04309653 -0.12081521  0.00648593 -0.01800074 -0.06957063
 -0.07181721  0.12452928 -0.18066502  0.23128317 -0.02431577 -0.05051022
 -0.01530471  0.0533534  -0.08462385 -0.00415509  0.1599873  -0.26794943
  0.06417155  0.11752522  0.0410778   0.14186573  0.07980004  0.08118765
  0.0525778  -0.03840917 -0.17636795 -0.16813725  0.13853537 -0.0330539
  0.04001836  0.02218641]