[ 0.00075565  0.12055173  0.02195542 -0.08552863 -0.0833576   0.02118708
 -0.06603088 -0.07881551  0.15994744 -0.10297813  0.23934516 -0.02329643
 -0.24241911  0.04701546 -0.0796531   0.10772704 -0.07526825 -0.14331019
 -0.1158237  -0.11653428 -0.06957915  0.11063907 -0.01689782  0.12928155
 -0.10076237 -0.23068446 -0.0194987  -0.17777127  0.00253452 -0.22272995
 -0.05192479  0.06975085 -0.16718866 -0.08585723  0.06794402 -0.00102102
 -0.10837372 -0.1066765   0.25000316  0.04767878 -0.15716249  0.10231363
  0.08203387  0.32316446  0.14857399  0.0008734   0.00716804 -0.13815172
  0.1719549  -0.23150723  0.08208123  0.14838256  0.15703103  0.07946157
  0.03894118 -0.1928228  -0.01581973  0.12390547 -0.17880322  0.09411222
  0.04985352  0.02470512 -0.02841999 -0.02966457  0.18483779  0.09567957
 -0.11855895 -0.08848308  0.13769047 -0.13163006 -0.07515956  0.12798022
 -0.1362287  -0.20495743 -0.14659315  0.1190476   0.34604022  0.11874874
 -0.11373925  0.02270336 -0.02640599 -0.05872689 -0.03760148  0.05626911
 -0.13367833 -0.08588348  0.05240229  0.110438    0.24882324  0.01482615
 -0.05112634  0.16959907 -0.01929058 -0.02542705  0.02270254  0.07704981
 -0.12390903 -0.00518144 -0.16275224  0.01661954  0.00122061 -0.03634475
 -0.03072476  0.13685946 -0.23432779  0.11345879 -0.02059934 -0.1283832
 -0.00250415  0.06531325 -0.08293495 -0.02942063  0.16404191 -0.2355452
  0.23683344  0.13215388  0.14093316  0.08367895  0.07035331 -0.04638577
  0.09808775 -0.04992209 -0.19048452 -0.13325322  0.16912672  0.00438316
  0.04110241 -0.0420776 ]