[-0.02503393  0.12507762  0.00771712 -0.07072725 -0.18742478  0.05232116
 -0.08542911 -0.16378084  0.21109363 -0.14793187  0.15853651 -0.06468168
 -0.30569348  0.03826366 -0.12479313  0.14797527 -0.1470051  -0.13114345
  0.00410541 -0.01801371  0.01884298  0.00911405  0.07256036  0.1904093
 -0.06074701 -0.41708481 -0.03198344 -0.08604819 -0.05271563 -0.16134797
 -0.02451737  0.05047467 -0.21499872  0.06236952 -0.04280311  0.10628141
 -0.0676125  -0.12785478  0.16971925  0.08707252 -0.2460003  -0.03973257
 -0.05311283  0.29460612  0.22356489 -0.01498078  0.02542136 -0.1178769
  0.18330516 -0.23663652 -0.00779693  0.19455853  0.02095998 -0.04210061
  0.02142697 -0.10813628 -0.00815328  0.08537897 -0.20291111  0.01886174
  0.10572761 -0.09243702 -0.02061189 -0.13142562  0.27213204  0.10120962
 -0.15054335 -0.1087938   0.1787302  -0.21878728 -0.04113853  0.0412785
 -0.10565936 -0.23143558 -0.21357492  0.02838612  0.39409369  0.18432355
 -0.07876534  0.06703555 -0.11247943 -0.01130603 -0.02680918  0.19559038
 -0.00315725  0.05084309 -0.07760875  0.09308457  0.16842769 -0.05358773
  0.01938981  0.32948357 -0.08728221 -0.00387809  0.00048167  0.06588402
 -0.20046964  0.08827355 -0.09473576 -0.00184548  0.01346721 -0.0766018
  0.07159007  0.05915469 -0.23599452  0.13801882 -0.09080517 -0.01174993
  0.0806958  -0.06166476 -0.13775449 -0.06481502  0.18244134 -0.34536198
  0.17904107  0.1000573   0.10942329  0.1597781   0.04359144  0.08929513
  0.04008289 -0.1111986  -0.17276087 -0.05592901  0.05045629 -0.04692186
  0.01136957 -0.01175503]