[-0.08208401  0.02217886  0.12745683 -0.13118191 -0.17597757 -0.04814136
 -0.04641369 -0.09113088  0.11015817 -0.21416232  0.21126013 -0.08277858
 -0.15612604  0.14562708 -0.07594722  0.20876122 -0.13895841 -0.15202731
 -0.15704115 -0.12272272 -0.04999084  0.16048931 -0.0481062   0.07338244
 -0.13053447 -0.3610639  -0.04661619 -0.02336498 -0.0566741   0.01976286
  0.04620529  0.13800234 -0.10915816  0.08684161  0.09299689  0.07857753
 -0.02290646 -0.11695318  0.20768337  0.07643624 -0.26348504  0.06860279
  0.16941844  0.33079794  0.15012351 -0.00300954  0.02038913 -0.03394325
  0.1497522  -0.32172105 -0.00354537  0.11893266  0.05692615  0.02038122
  0.12206285 -0.13777645  0.00728593  0.10568025 -0.17816523  0.04640527
  0.07155868 -0.06258209 -0.03997044 -0.2204017   0.2462007   0.16389364
 -0.16325854 -0.13006078  0.18082605 -0.17440251 -0.11942361  0.0462814
 -0.15159318 -0.14923979 -0.21293294 -0.02930692  0.42194358  0.19483458
 -0.14075471  0.03600763 -0.00644947 -0.02134903  0.01005013  0.11676779
 -0.00345771 -0.02090646 -0.0169213   0.03834634  0.29016137 -0.0066874
 -0.02814353  0.26103014  0.00634449 -0.04828626 -0.05340221 -0.00498882
 -0.16927403 -0.03572173 -0.15646406 -0.00852321 -0.05764895 -0.00941605
  0.0066813   0.12399437 -0.25340533  0.25801596 -0.08284692 -0.03212212
 -0.00232363  0.11940049 -0.04094934  0.00718235  0.15459177 -0.18767764
  0.11390115  0.15351397  0.09117536  0.14115793  0.05599393  0.00889582
 -0.00164956  0.02574092 -0.22277051 -0.16212605  0.00419213 -0.10835069
  0.04737893  0.08599661]