[-0.0672067  -0.00947273  0.14889006 -0.10697622 -0.11699983 -0.05898007
  0.01500895 -0.04920644  0.13409765 -0.06754568  0.19173025 -0.09044916
 -0.26728687 -0.02526938  0.02645517  0.23136431 -0.13170111 -0.08541947
 -0.07297893 -0.02946854  0.02416974  0.06791374  0.03738511  0.11252638
 -0.15612458 -0.3503885  -0.08218317 -0.04721328 -0.14487693 -0.03281463
  0.06427578  0.2108485  -0.0906075   0.02033003  0.03502234  0.06019525
 -0.04866398 -0.1680301   0.27935162  0.03054689 -0.28450081 -0.00983794
  0.16704772  0.26410317  0.17464782  0.00635916  0.06963121 -0.01657154
  0.18132992 -0.36852461 -0.00471717  0.12600347 -0.00685003  0.00989867
  0.10061578 -0.14155364  0.07560396  0.11112148 -0.23733269  0.0098288
  0.04631317 -0.15717761  0.02109511 -0.13044681  0.22349043  0.10198516
 -0.14302382 -0.07932372  0.1431393  -0.17587093 -0.1177045   0.07068991
 -0.1787786  -0.16801104 -0.42049354 -0.02941674  0.37134412  0.1120991
 -0.13781328  0.05323596 -0.03325894 -0.01956316  0.02461541  0.18049352
 -0.00619545 -0.04709171 -0.09217261 -0.02609393  0.2793768  -0.03367724
  0.01560967  0.30731988  0.09556721 -0.02083879 -0.03340237  0.02576466
 -0.07715154 -0.04567636 -0.13741642  0.08866531 -0.03262401 -0.05557503
  0.01065557  0.13123797 -0.32798693  0.17600922 -0.02920594 -0.08013367
 -0.03498537 -0.01080372 -0.11264248 -0.0019411   0.12303494 -0.25493199
  0.03618626  0.17621055  0.07834399  0.13059103  0.04173595  0.0804267
 -0.06378269 -0.02653475 -0.1676634  -0.07511131  0.10584968 -0.0249833
  0.03548957  0.10199371]