[-0.01468222  0.07169589 -0.05331727 -0.13235585 -0.11671597  0.00883076
  0.00768437 -0.07549332  0.26851428 -0.18193087  0.25688574 -0.1156922
 -0.24820548  0.02301407 -0.11819402  0.18373774 -0.17370099 -0.15548937
 -0.07379546 -0.07382164  0.02784043 -0.04066334 -0.03811541  0.11555078
 -0.13137765 -0.33822444 -0.03633998 -0.0588133  -0.02542958 -0.09442036
  0.0499143   0.14855513 -0.1873963  -0.01192435  0.03734285  0.06463277
 -0.08204628 -0.13390583  0.20653199 -0.01231851 -0.19047575 -0.08346455
  0.12293182  0.27891803  0.16182585 -0.02197248  0.00728496 -0.06011298
  0.11769006 -0.25075951 -0.01189296  0.1705292   0.10497092  0.04011734
  0.09690634 -0.09899813  0.0232312   0.17294441 -0.19867292 -0.03524707
  0.012717   -0.01213931 -0.08923342 -0.14806186  0.22545806  0.10647828
 -0.12592219 -0.12695348  0.24436618 -0.18582238 -0.0673878   0.05050667
 -0.12735756 -0.23944879 -0.21724015 -0.06645641  0.3364026   0.19348037
 -0.05534796  0.12024324 -0.00228669 -0.06798624 -0.02037375  0.10686343
 -0.01774761  0.00709628 -0.01366059  0.06879529  0.19714549 -0.02283279
 -0.03266488  0.20331493 -0.05892228 -0.12714833 -0.03684384 -0.03423603
 -0.10651878  0.02916717 -0.1521249  -0.0424061  -0.00129134 -0.02284773
 -0.04598191  0.09142115 -0.25695753  0.11862097 -0.03209125 -0.0271931
  0.00801188 -0.0110061  -0.0678795  -0.01634718  0.1534332  -0.28649977
  0.10407294  0.12123908  0.07742     0.13343292  0.02928616 -0.00244271
  0.09544583 -0.08762787 -0.23828205 -0.11093275  0.01442973 -0.07014077
  0.03094419 -0.01527521]