[-0.06929994  0.00959563  0.05594357 -0.05779198 -0.06162844 -0.02859512
  0.06572949  0.00657234  0.15075795 -0.0100354   0.1872198  -0.02105959
 -0.29917741  0.01559967  0.02640187  0.02318075 -0.09753475 -0.03430452
 -0.09566499 -0.13863002 -0.00544457  0.05164875 -0.03913827  0.06480794
 -0.09411485 -0.22621274 -0.02838889 -0.05762703  0.06699178 -0.0599322
  0.02216735  0.12795185 -0.15196978 -0.03776661  0.0639193   0.01898589
 -0.07431725 -0.05714762  0.20658925 -0.03872084 -0.0715216  -0.08786043
  0.07930264  0.28924966  0.18160763  0.00631159 -0.02816996 -0.0216884
  0.16051491 -0.25256792  0.08131069  0.19283903  0.12198938  0.05461451
  0.21857485 -0.14009479  0.02779537  0.11436223 -0.14162059  0.12197256
  0.05867004 -0.05503535 -0.01703756 -0.17376953  0.09573727  0.00588949
 -0.08376851 -0.12796229  0.10107094 -0.17983261 -0.05442441  0.1225542
 -0.08309955 -0.17876673 -0.18118694  0.02850982  0.32984495  0.26703909
 -0.19459632  0.06634653 -0.02414701 -0.09548096  0.1764532  -0.00944224
 -0.04019317 -0.06547812 -0.10327207  0.00576705  0.17889166  0.01975496
 -0.04101579  0.17058313 -0.01737865 -0.07045866  0.00920741 -0.05518004
 -0.13438395  0.01435854 -0.14000849 -0.03084113  0.03002099 -0.13222103
  0.01940201  0.0465862  -0.16780312  0.16110292  0.02049338  0.03461442
 -0.00918937 -0.00572794 -0.15673016  0.05805415  0.14993177 -0.28664142
  0.19452763  0.03133846 -0.02242989  0.10786147 -0.00981653  0.08448034
 -0.00165131 -0.03202292 -0.07394315 -0.14087315  0.01820124 -0.01329757
  0.0873256  -0.00561758]