[-0.15192731  0.08697614  0.01993677 -0.07665722 -0.11228282 -0.05686101
  0.065675   -0.05529583  0.24786232 -0.07181545  0.23254947  0.01828498
 -0.27785394 -0.01476223 -0.06201039  0.07324353 -0.10589132 -0.09505829
 -0.03464235 -0.06356717  0.0970464   0.00584122 -0.05326671  0.12045859
 -0.13594513 -0.18732429 -0.05727087 -0.13073577  0.10050183 -0.14767176
  0.03318571  0.073659   -0.14483422 -0.05090959 -0.05734313  0.10005122
 -0.17455807 -0.06934229  0.28116798 -0.01477226 -0.11621974 -0.01237583
 -0.0525232   0.34062615  0.1590724  -0.03859023  0.03305291 -0.04792325
  0.12869802 -0.31949463  0.04852414  0.22110094  0.14344463  0.09652371
  0.08159149 -0.16703495  0.01398853  0.18556188 -0.28327054  0.19093373
  0.07810669 -0.07450175 -0.05500069 -0.08326011  0.16729365  0.08691765
 -0.12379304 -0.07224337  0.25535202 -0.1941967  -0.02990495  0.14157525
 -0.12117889 -0.29832703 -0.09772362  0.12886848  0.31504354  0.26527187
 -0.09846439  0.03853992 -0.0731649  -0.0486128   0.03034291 -0.02922991
 -0.04111531 -0.09569074 -0.0927321   0.07506909  0.17128097 -0.02544568
  0.02785129  0.28419012  0.06728007 -0.06468104 -0.03009812 -0.03155041
 -0.05921636  0.03941127 -0.10597482  0.02987878  0.06734165 -0.18967406
  0.0397727   0.04208646 -0.1458852   0.18540804  0.01415122  0.01063629
 -0.03996674 -0.03073116 -0.20194018  0.02641789  0.24296862 -0.23580666
  0.33228883  0.132954    0.07265598  0.10758857  0.04443604  0.04497312
  0.07121205 -0.11702776 -0.14125675 -0.06412443  0.07810753 -0.0599148
  0.03460457  0.02864585]