[-0.09936024  0.12776609  0.09554031 -0.11090468 -0.07622787 -0.01885743
  0.03022473 -0.09096085  0.19499734 -0.19101343  0.19761689 -0.1445037
 -0.26035371  0.10389102 -0.02780708  0.2050959  -0.16617045 -0.22573087
 -0.16099304 -0.10443984  0.06582753  0.09927666 -0.0481482   0.07932225
 -0.1390906  -0.31005785 -0.05162696 -0.05511804  0.0625927  -0.08634021
  0.04480418  0.04769177 -0.13171831  0.03699116  0.0648127   0.068324
 -0.01805767 -0.16809915  0.31393343  0.01002612 -0.28726894 -0.04278016
  0.19128908  0.26258439  0.157098   -0.01014948  0.01452942 -0.10994262
  0.11862687 -0.35859069  0.03602201  0.1623946   0.08198841  0.14647044
  0.14812292 -0.21226984  0.02058791  0.16025497 -0.19852696  0.07667223
  0.12589864 -0.09252865  0.01648631 -0.12372246  0.24167579  0.05998402
 -0.1569021  -0.12254364  0.22531544 -0.17640519 -0.10962825  0.12672362
 -0.05755873 -0.18899268 -0.25035602 -0.01855228  0.41118169  0.24388094
 -0.13558865  0.07850619 -0.05631218 -0.04767978  0.06034583  0.1247278
 -0.01127517 -0.03161054 -0.0514141   0.0266348   0.28591919  0.01714894
 -0.00451115  0.25116688  0.02425722 -0.02214904 -0.05330546  0.05441614
 -0.13862363 -0.04425796 -0.1532568   0.00517451 -0.07733811  0.01316708
 -0.02456536  0.12565655 -0.24508277  0.19984388 -0.02762807 -0.08991536
 -0.09867652  0.04314207 -0.02672057  0.06050339  0.14571555 -0.30846414
  0.11451004  0.1845943   0.04432473  0.15820697  0.07261319  0.0489352
  0.08996098 -0.08830449 -0.24789122 -0.13801453  0.04286646 -0.04382407
  0.03786632  0.09378078]