[-0.08809708  0.02234467  0.03882161 -0.12586346 -0.09291842  0.04524326
 -0.03678622 -0.12069673  0.24566798 -0.19570209  0.21350905 -0.03201794
 -0.29842895  0.05150444 -0.11562474  0.14120136 -0.16145785 -0.09816162
  0.03402837 -0.04049143  0.04556042  0.05304334  0.07937385  0.15136662
 -0.14469863 -0.36967349 -0.14721322 -0.06822716 -0.10595483 -0.13954878
  0.0301138   0.11469046 -0.11691717  0.12689963 -0.03200673  0.0879348
 -0.01611856 -0.076766    0.15803662  0.14244634 -0.2552188  -0.02505695
  0.01295322  0.32814527  0.19791283 -0.02366159 -0.02153586 -0.11157874
  0.15813698 -0.2939533   0.05336876  0.16839564  0.06215776  0.01727534
  0.04305459 -0.05078024  0.00452702  0.09665393 -0.15819198 -0.00055987
  0.10808798 -0.05775424  0.04287141 -0.08808722  0.1915025   0.13721213
 -0.19517468 -0.10525895  0.08148136 -0.23069663 -0.08537272  0.11385082
 -0.17195515 -0.23912327 -0.26343781  0.05488872  0.36480197  0.20392185
 -0.03492039  0.02415078 -0.11173834  0.00187575 -0.02238398  0.17764747
 -0.05827827  0.03743238 -0.05492818  0.07330569  0.20314871 -0.03560127
 -0.03614494  0.32063755 -0.0372946   0.04937455 -0.01959929  0.08456191
 -0.13836031 -0.00299775 -0.12677881 -0.01032864 -0.0877189  -0.00229672
  0.01724642  0.08672035 -0.26638919  0.21907285 -0.05719012 -0.09738754
  0.02216585 -0.00710257 -0.108009   -0.02153766  0.12736905 -0.31181282
  0.07569402  0.13458595  0.16873237  0.14771065  0.04583123  0.04948751
 -0.04628274 -0.08643057 -0.10023102 -0.01248951  0.08486203 -0.03945989
  0.02743817 -0.06462557]