[-0.11445296  0.09155094  0.08693774 -0.12246351 -0.17100799  0.07281684
 -0.02438852 -0.06460156  0.19539323 -0.17845947  0.1245105  -0.08266504
 -0.22304888  0.11619888  0.02557412  0.21646689 -0.08662192 -0.12497244
 -0.11281054 -0.03206357 -0.00843445  0.06324002 -0.02704041  0.0887185
 -0.09491197 -0.32975084 -0.08447658 -0.00633298  0.01140404 -0.03093595
 -0.01598487  0.09336664 -0.10319103 -0.00679667  0.02690203  0.11444363
 -0.08027977 -0.12022512  0.21624899  0.06498269 -0.23349427  0.02755435
  0.00975696  0.26639923  0.14339955  0.01835307  0.07485057 -0.09941534
  0.09851632 -0.24707192  0.02866722  0.14144424  0.01925854  0.06878868
  0.06128273 -0.1072706   0.05155165  0.17600112 -0.21659648  0.03682581
  0.09112034 -0.02927342  0.00078464 -0.110296    0.27760822  0.17382036
 -0.10318777 -0.16618636  0.22847268 -0.10821767 -0.10818321  0.05219323
 -0.16881789 -0.14815706 -0.2148473   0.01363787  0.44721752  0.17584994
 -0.17492139  0.00370115 -0.06005942 -0.03663001  0.09234848  0.14583659
 -0.01098865 -0.09208676  0.02285818 -0.00508058  0.254637    0.00809411
 -0.04895991  0.22145554  0.1214377  -0.05063296  0.00218581  0.0183259
 -0.06895781 -0.03641739 -0.15760821 -0.08002889 -0.03427899 -0.02456962
  0.01115367  0.17716651 -0.24278426  0.27801427 -0.01238848 -0.01916444
  0.01694893  0.10938855 -0.08033022 -0.02554052  0.18382815 -0.23598719
  0.07889957  0.17754455  0.02897809  0.09043149  0.04693905  0.1349844
  0.04224085  0.03227568 -0.19757803 -0.0941727   0.09376451 -0.01051566
  0.04110644  0.09884019]