[-0.14586948  0.09118354  0.09197016 -0.0814983  -0.069115    0.0543218
 -0.02146052 -0.12672631  0.15556552 -0.11007644  0.22176036 -0.04148948
 -0.23640642  0.03863695 -0.0397694   0.22031167 -0.14924231 -0.14522651
 -0.12544325 -0.04527859  0.00361433  0.11521512  0.10211803  0.13891611
 -0.15547639 -0.37281367 -0.00484176 -0.10385558  0.00342972 -0.13044669
  0.0706324   0.07737211 -0.16875111  0.09393571  0.03314897  0.1396075
 -0.06319235 -0.1049071   0.2039258   0.02392148 -0.30899316  0.00309204
  0.06214007  0.34398115  0.21939926 -0.05806562  0.00955294 -0.15151094
  0.10818594 -0.30128518  0.08605011  0.14931856  0.00825574  0.07537358
  0.06244244 -0.08464931  0.03349507  0.09541827 -0.1896587   0.00800116
  0.13059111  0.03933011  0.03934247 -0.13367435  0.16595118  0.06811704
 -0.19568016 -0.07936848  0.08867685 -0.18173739 -0.04305741  0.10121401
 -0.16605955 -0.25879529 -0.2635664   0.00611561  0.37367475  0.17045178
 -0.13121811  0.02972338 -0.03059958 -0.0393352  -0.0055802   0.19881822
 -0.00471726  0.00687924  0.02397292  0.13421564  0.21221319 -0.01815457
  0.0122359   0.33332443  0.00703915 -0.09371148 -0.02267957  0.12150589
 -0.10568178  0.02751306 -0.16883759 -0.00161282 -0.09220486  0.03558146
  0.04446362  0.09334873 -0.25078547  0.29364574  0.01025063 -0.01887185
  0.08149941  0.03282423 -0.0826366  -0.06560189  0.17249259 -0.22193164
  0.13795899  0.19250451  0.13872337  0.10449057  0.05290516  0.08551913
  0.02948628  0.0092374  -0.19124423  0.00678584  0.08527916 -0.08666299
 -0.00625415  0.02555291]