[-9.93245170e-02  1.23995021e-02  5.46271056e-02 -7.80782923e-02
 -1.61859453e-01 -1.00203536e-01  1.68990120e-02 -1.06722742e-01
  2.16369942e-01 -8.49900842e-02  1.63511217e-01 -5.97583279e-02
 -2.79719770e-01  3.53111103e-02 -3.92232053e-02  1.23212762e-01
 -2.16264337e-01 -1.53081253e-01 -2.39073206e-02 -9.79332477e-02
 -9.05987900e-03  2.12879516e-02  2.23593060e-02  1.01371184e-01
 -1.15121312e-01 -2.31623963e-01 -6.66534603e-02 -3.61123383e-02
 -4.90321368e-02 -5.58729321e-02  2.18227617e-02  1.12721555e-01
 -1.24204718e-01 -2.41828673e-02  9.72565413e-02  1.38588920e-01
 -1.06565297e-01 -1.42920375e-01  2.50864178e-01  2.68625990e-02
 -2.31642097e-01 -1.16095923e-01  4.29674052e-02  2.94769049e-01
  2.67819881e-01 -5.88636696e-02 -6.60509020e-02 -6.98256940e-02
  2.44195610e-01 -3.14066976e-01  1.04413228e-02  2.49042511e-01
  6.43920451e-02  4.86931652e-02  7.85618573e-02 -1.51008353e-01
  6.53334055e-03  2.44067192e-01 -2.41139248e-01  3.03439773e-03
  4.27609682e-02 -1.95191681e-01  3.07600629e-02 -1.45403117e-01
  2.03961715e-01  1.44913226e-01 -1.81679010e-01 -1.28850132e-01
  2.28159904e-01 -1.70329303e-01 -9.85044166e-02  9.95592549e-02
 -1.62430331e-01 -2.46452451e-01 -2.67006129e-01 -1.33328848e-02
  4.27649200e-01  1.24200799e-01 -8.32153186e-02  3.20413411e-02
 -2.80764885e-02 -3.99138518e-02 -1.92832900e-03  2.39263207e-01
 -8.12643860e-03  4.90999315e-03 -7.12804049e-02 -1.39962602e-02
  1.51749432e-01 -4.37331200e-02 -8.56048092e-02  2.19152093e-01
 -4.22915891e-02  1.57448445e-02  5.82130477e-02  4.58401553e-02
 -9.97615308e-02  6.51937164e-03 -1.71566129e-01 -1.68341268e-02
 -5.66332042e-02 -1.21519558e-01  3.19154486e-02  9.32296962e-02
 -1.19312868e-01  1.35459170e-01  2.79358355e-04 -4.87964600e-04
 -1.05760060e-01 -1.28143594e-01 -1.01827290e-02  8.52514245e-03
  1.39193699e-01 -3.52312058e-01  2.05610707e-01  1.03424817e-01
  2.85562892e-02  2.17794642e-01 -5.53927906e-02  5.36087826e-02
  1.77774578e-02 -7.45638162e-02 -7.58890957e-02 -5.31346649e-02
 -2.83253472e-02  3.25692222e-02  6.95335269e-02  3.40979956e-02]