[-0.13190173  0.08175857  0.09600408 -0.16115777 -0.12738658 -0.05219723
 -0.03397729 -0.09718863  0.22653407 -0.23052175  0.0843748  -0.11233159
 -0.18951829  0.14705062 -0.15385284  0.20096111 -0.20185071 -0.18045415
 -0.07743485 -0.20616524  0.01867719  0.05336363 -0.04256323  0.12990995
 -0.09806101 -0.28275025 -0.08560256 -0.08442226 -0.03824591 -0.08543609
  0.11542875  0.05586904 -0.21108097  0.03437403 -0.01737109  0.09595529
 -0.00256383 -0.15187269  0.22809988  0.01487673 -0.24109487 -0.0449628
  0.12173313  0.26114959  0.14083137 -0.00502436 -0.06327782 -0.06136806
  0.26820588 -0.2633568  -0.00118116  0.12810227  0.0367735   0.11302504
  0.06712197 -0.15662186  0.13251883  0.13774285 -0.1885912   0.04601239
  0.05097205 -0.1841763   0.04941533 -0.03168614  0.21862864  0.06096628
 -0.07327787 -0.12909327  0.2590313  -0.1644654   0.02426328  0.15563315
 -0.07178988 -0.19176647 -0.18367136  0.06357384  0.44041514  0.19506453
 -0.01656582  0.06848411 -0.04910517 -0.04678269  0.04190888  0.17775461
 -0.02757865  0.00882435 -0.04408325  0.08387308  0.26403707 -0.01169478
 -0.05062771  0.29415342 -0.02063762  0.01086529 -0.03822024  0.04723386
 -0.17904846  0.05837608 -0.10402137  0.03675205  0.04744401 -0.00591632
 -0.03667906  0.05809338 -0.20215493  0.1267498  -0.07513925 -0.05926936
 -0.13206939  0.02048744 -0.07101994 -0.00329884  0.18253368 -0.24413267
  0.1494703   0.17184748  0.02194612  0.20540795  0.0509268   0.03135321
  0.08823223 -0.154782   -0.16486366 -0.07633222  0.1126838  -0.02830169
  0.03849472  0.0537814 ]