[-0.10783751 -0.01791783  0.08048874 -0.07217394 -0.02977437 -0.05309363
 -0.03891818 -0.02847138  0.11148655 -0.08640534  0.25434726 -0.01976416
 -0.21729368 -0.05452249 -0.03940167  0.01447469 -0.16932455 -0.02619878
 -0.07705587 -0.10799353  0.10585008  0.02836145 -0.00333474  0.03926904
 -0.21674263 -0.21863019 -0.09596802 -0.0562144   0.08681208 -0.06110834
  0.04841236  0.03920834 -0.13106003 -0.04772285  0.0265481   0.10629442
  0.01289731 -0.02287084  0.18671189 -0.00239863 -0.11210039  0.0729522
  0.01228351  0.32757133  0.18025683  0.07259022  0.03361832 -0.05638107
  0.14812933 -0.24283753  0.1574368   0.13961202  0.18895841  0.02650447
  0.17631514 -0.20077451 -0.00097392  0.21707585 -0.14247426  0.17366393
  0.0193872  -0.03973893  0.10311303 -0.07022292  0.12410906  0.04420986
 -0.12590213 -0.10681607  0.2206711  -0.11562368 -0.01227272  0.13833958
 -0.1064418  -0.16728631 -0.24450347  0.07530494  0.42180723  0.20434552
 -0.20603867  0.01008944 -0.07444033 -0.03905151  0.06948707  0.05204114
 -0.09562279 -0.02102603 -0.10322818  0.0251536   0.16589603  0.04762459
 -0.0491463   0.2454021   0.05920798 -0.0597702   0.06697454 -0.04161271
 -0.17669293 -0.00668432 -0.09407847 -0.04146646  0.03386779 -0.17023231
  0.05533061  0.11534037 -0.18215258  0.20287491 -0.0347463  -0.01590197
 -0.02204988  0.07814956 -0.07258815  0.02945742  0.17443229 -0.30507648
  0.14744842  0.14608337  0.10520587  0.174458    0.04923139  0.1002446
  0.02474237  0.02328543 -0.08230333 -0.08568835 -0.06262244 -0.0516057
  0.12082536  0.07717779]