[-0.10350134  0.11524366  0.0778299  -0.05096756 -0.13058971  0.03842257
  0.05802348 -0.13486919  0.05749675 -0.16580024  0.19678745 -0.08083162
 -0.33317393 -0.10237192  0.04497306  0.1745684  -0.15839864 -0.17031339
 -0.18409863 -0.10622888 -0.03460217  0.03684193 -0.0356856   0.0030006
 -0.13265558 -0.29638863 -0.03620458 -0.00837347 -0.04167174 -0.09632068
  0.04381099  0.20424289 -0.09399008 -0.00804193  0.03315724  0.07107104
 -0.03102229 -0.0232836   0.13740772 -0.00603103 -0.20069547  0.00834206
  0.06729689  0.32543847  0.1788794   0.00087137 -0.01925955 -0.05570686
  0.16014008 -0.31116581  0.01285421  0.12708314  0.10037395  0.06415499
  0.09442464 -0.16774672  0.01798287  0.13341188 -0.20380221  0.05045461
  0.06645285 -0.19060545 -0.00795306 -0.1307971   0.15582639  0.09575254
 -0.12582061 -0.10762232  0.20930074 -0.12709701 -0.11225394  0.00884947
 -0.10291994 -0.16176383 -0.31165847  0.01723432  0.37111405  0.21125254
 -0.20574789 -0.02580802 -0.02429096  0.00227908  0.07945549  0.11195438
 -0.09871234 -0.06509499 -0.05378751  0.00411578  0.19252476  0.00054154
 -0.08642124  0.27239144  0.05688576 -0.02472177  0.06441207 -0.0458074
 -0.06648678 -0.03133446 -0.20029698  0.0034257  -0.06266052 -0.19760805
  0.00108159  0.09456539 -0.14415823  0.25476569  0.01713993  0.06044792
 -0.05221798  0.00922572 -0.09812132  0.05173916  0.14958782 -0.28869194
  0.15641293  0.21403348  0.07356876  0.15673159  0.11157764  0.06816263
  0.01535239 -0.04227403 -0.13097113 -0.14251421  0.14277939 -0.04954166
  0.04333942  0.08313198]