[-0.19773176  0.1201902   0.08896562 -0.06819501 -0.08562459 -0.03280277
 -0.01128721  0.02106432  0.13853435 -0.10134991  0.20126027 -0.0211736
 -0.18496616 -0.05362649 -0.13380754  0.13359499 -0.03845649 -0.15202875
 -0.12353657 -0.1647995   0.09760863  0.08371395 -0.12004292  0.01249265
 -0.15945633 -0.25229993 -0.08443658 -0.07617305 -0.00611344 -0.19149902
  0.0342446   0.01544269 -0.13321532 -0.07041125  0.00065489  0.0694349
 -0.02449344 -0.03923352  0.14930685  0.04201729 -0.08548986  0.07802746
  0.08056156  0.39356649  0.12436623  0.04233282 -0.02601293 -0.00884511
  0.12326944 -0.31040931  0.11476823  0.13149171  0.05963026  0.10503036
  0.19365235 -0.09449185  0.00443598  0.17419088 -0.19361393  0.12623501
  0.01049401 -0.04106791 -0.07341482 -0.11996815  0.12362605  0.13416529
 -0.09401017 -0.14236319  0.14965324 -0.16116503 -0.03493782  0.06647509
 -0.07090167 -0.13075793 -0.23606943  0.17704536  0.4184368   0.25569376
 -0.14471884  0.02665892 -0.02914135 -0.01740957  0.09709258 -0.05098707
 -0.07482004 -0.06423607 -0.07115167  0.03897879  0.15859744  0.07322778
 -0.07334058  0.18209343  0.02251249 -0.0456985   0.00873985 -0.0082335
 -0.15640971 -0.04216952 -0.09004589 -0.01702553  0.02801632 -0.09442532
 -0.03209048  0.10448156 -0.09771424  0.12235402 -0.0252083  -0.00594166
 -0.10305073  0.11035821 -0.15609854  0.01100876  0.11114388 -0.20146777
  0.18560527  0.1489899   0.00623053  0.11019261  0.13721244  0.01556345
  0.04049749 -0.01028129 -0.08173496 -0.12559569  0.04983569 -0.00805125
  0.04714806  0.03149315]