[-1.18537061e-01  5.66745661e-02  3.70687470e-02 -6.76448047e-02
 -1.06161222e-01 -1.56676359e-02 -3.62206735e-02 -8.61243680e-02
  1.01780906e-01 -4.92756516e-02  2.67527640e-01 -1.69205517e-01
 -2.42192507e-01 -8.10896754e-02 -6.73851324e-03  1.08877532e-01
 -1.46776125e-01 -8.01220834e-02  1.20233744e-04 -7.53589794e-02
  3.62295397e-02  3.43045220e-02  5.40918261e-02  6.88103214e-02
 -9.23951268e-02 -4.75372344e-01 -5.99510148e-02 -1.14456549e-01
 -3.99983302e-03 -9.74972248e-02  1.68763660e-02  1.43326089e-01
 -1.41580522e-01 -6.49851710e-02  2.60803774e-02  5.72023392e-02
 -2.76215393e-02 -7.69717395e-02  1.87475368e-01 -1.22743333e-02
 -1.47008762e-01 -3.85268480e-02  1.07256249e-01  3.05252850e-01
  1.48383677e-01  8.40393677e-02 -1.03764441e-02 -4.01833095e-03
  1.35887176e-01 -2.63574719e-01  1.08725235e-01  1.54408813e-01
  6.90170452e-02  6.70171529e-03  1.32605225e-01 -3.68852913e-02
  2.50944737e-02  9.59580392e-02 -1.87901646e-01  6.33876622e-02
  1.19881004e-01 -4.67358157e-03 -6.12789067e-03 -1.08699381e-01
  1.96795389e-01  1.02606125e-01 -9.54167098e-02 -2.52324641e-02
  8.40052739e-02 -8.99026394e-02 -9.24747363e-02  1.48683423e-02
 -1.42590106e-01 -2.19279289e-01 -2.29461566e-01  8.41062218e-02
  3.10016692e-01  1.78817943e-01 -1.59277797e-01 -3.35973362e-03
  2.23858692e-02 -1.73375700e-02  1.34989738e-01  4.93271537e-02
 -3.83244641e-02 -7.27504417e-02 -9.76374149e-02  3.26923057e-02
  1.53433993e-01  7.14477757e-03 -6.24718033e-02  2.65390038e-01
 -5.09155728e-02  4.58786637e-03  3.86048518e-02  8.72317478e-02
 -1.22304045e-01  2.80688442e-02 -1.67312145e-01 -1.53590711e-02
  1.41371295e-01 -2.98906416e-02 -2.38466915e-02  9.62781012e-02
 -2.10321650e-01  1.41480982e-01 -4.44255285e-02  6.23500813e-03
  3.98787521e-02 -4.92301993e-02 -7.41684884e-02  2.68753190e-02
  9.79204029e-02 -2.10328296e-01  1.41558573e-01  1.06643505e-01
  5.47977835e-02  1.68883935e-01  6.18246309e-02 -1.51742343e-02
  4.20832820e-02 -9.13939774e-02 -1.64099574e-01 -1.37024641e-01
  9.72576514e-02  3.48250382e-02  1.52810710e-02  1.28950672e-02]