[-0.01908573  0.02189106  0.04150427 -0.05938858 -0.1305899   0.01741742
 -0.00204693 -0.05839984  0.1591913  -0.15195945  0.22271247 -0.0174599
 -0.26865408  0.00576013 -0.02286393  0.12582408 -0.23287337 -0.26982936
 -0.02726375 -0.01322275  0.0486894   0.0486699   0.00058451  0.07139601
 -0.13722175 -0.42533612 -0.12137125 -0.00062117  0.0376684  -0.07791243
  0.08601483  0.19077872 -0.17073645  0.085142    0.05610278  0.08366435
  0.01728048 -0.13326676  0.22100049  0.04506376 -0.29819512 -0.02846414
  0.11936811  0.33968192  0.24639909 -0.01832312 -0.0074505   0.00606935
  0.08957241 -0.3087247   0.07583142  0.21661994  0.16287805  0.04793397
  0.08032065 -0.15214643 -0.01490833  0.11433663 -0.19885109  0.02781415
  0.01741499 -0.11991395  0.10135447 -0.12497722  0.16602167  0.05076441
 -0.1055546  -0.17676206  0.24586076 -0.22102624 -0.10196254  0.12867638
 -0.17493339 -0.19834289 -0.26541299 -0.05252845  0.40264037  0.16413862
 -0.06695817  0.12436992 -0.02298746 -0.0580712  -0.02591719  0.14317457
  0.01151641 -0.03860626 -0.13066693  0.0808406   0.28981715 -0.000572
 -0.08834843  0.24274707 -0.03642428 -0.04213501  0.04653495  0.04013182
 -0.00540321  0.03725694 -0.16650841  0.02587103 -0.14613622 -0.0580679
 -0.05092569  0.11112387 -0.17631234  0.13149895 -0.002185   -0.01075736
 -0.04355705  0.01062695 -0.10454722 -0.01453419  0.13030592 -0.38575831
  0.15679279  0.16379617  0.07351903  0.15999621 -0.01896629  0.0628202
  0.03497352 -0.1777433  -0.20113438 -0.09677676 -0.00614089 -0.04318792
  0.01575239  0.07767547]