[-0.09663387  0.05373745  0.06442739 -0.03730416 -0.09670748 -0.01914259
 -0.05566439 -0.12688023  0.18106833 -0.09543209  0.1707947  -0.04344562
 -0.2922411   0.08736429 -0.02623316  0.11110114 -0.20038109 -0.0937206
 -0.01908351 -0.03875651  0.06006733  0.00392736  0.10277563  0.14598455
 -0.15619817 -0.37219328 -0.05508347 -0.06520628 -0.0094017  -0.0285344
  0.04549796  0.05508849 -0.21677646  0.04637326  0.01008956  0.06730893
 -0.01755437 -0.11237303  0.19999678 -0.01491681 -0.21747865 -0.07963953
  0.07840237  0.20424758  0.20489778  0.05811147  0.04458332 -0.10421893
  0.06960386 -0.2474007   0.08707756  0.19889128  0.01354599  0.00674974
  0.08652683 -0.18033394 -0.02804926  0.09565046 -0.12453642  0.02500893
  0.05776819  0.09935531  0.01936002 -0.12348165  0.23870368  0.1160331
 -0.1564099  -0.04467358  0.19725494 -0.20681471 -0.05120307  0.0467171
 -0.16005298 -0.2297139  -0.20522246 -0.0603534   0.46255177  0.14370549
 -0.13556333  0.04309986 -0.07048164 -0.0639187   0.02195625  0.18344638
 -0.01138864 -0.00061477  0.00754717  0.07338671  0.19491354  0.0360759
 -0.01262003  0.27584195  0.015354   -0.07271426  0.02977367  0.03446344
 -0.10442387 -0.00175087 -0.15659672 -0.04648947 -0.07118081 -0.0062763
  0.00795044  0.12490035 -0.23753814  0.16012341  0.02089909 -0.04326834
  0.07916618  0.10374237 -0.08976613 -0.10519867  0.1346525  -0.28019255
  0.11559536  0.12672961  0.02289629  0.1582367  -0.05932768  0.19013163
  0.05875407  0.02523884 -0.1532844  -0.06232339 -0.00963915 -0.07191645
  0.026017    0.0252247 ]