[-7.25655258e-02  1.11114077e-01  3.17631103e-02 -4.94122319e-02
 -1.36325881e-01 -1.01755999e-01 -5.56936860e-03 -1.10697113e-01
  2.87857145e-01 -1.16628066e-01  1.56113237e-01 -4.00234759e-02
 -2.76771873e-01  8.51955786e-02 -1.32136092e-01  1.49913400e-01
 -1.96040645e-01 -1.46619245e-01 -6.53316304e-02 -1.03052333e-03
  8.81925821e-02 -7.37498235e-03  6.56203255e-02  1.15110360e-01
 -9.38881934e-02 -3.19545478e-01 -9.86310765e-02 -9.52695012e-02
  6.03846088e-02 -7.89817423e-02  6.21294044e-02  1.35770798e-01
 -2.10110337e-01 -2.85625737e-02  2.05580071e-02  7.77617618e-02
 -2.67694592e-02 -1.00868940e-01  2.19112381e-01 -3.32427807e-02
 -3.21302712e-01 -1.10658146e-01  8.66399556e-02  2.46810451e-01
  1.27388269e-01  1.05919249e-01  2.55708881e-02 -1.47973746e-01
  8.09642226e-02 -2.81008303e-01  9.42305773e-02  2.20632881e-01
  6.61741570e-03  7.26750642e-02  7.68979564e-02 -2.39141285e-01
  1.25208572e-01  9.44742262e-02 -2.01021925e-01  4.05543782e-02
  1.89027801e-01 -6.36257827e-02  4.98398319e-02 -3.11303996e-02
  2.60998428e-01  9.43330601e-02 -1.13405831e-01 -4.65908721e-02
  1.93630829e-01 -2.53926218e-01 -2.06963625e-03  1.03758857e-01
 -9.19737741e-02 -2.25097597e-01 -2.52170414e-01 -7.56750330e-02
  4.47357118e-01  2.20389411e-01 -2.48367731e-02  7.53119215e-02
 -9.56697166e-02 -9.18563083e-03  6.93221316e-02  1.57404810e-01
 -1.01252690e-01  2.61287466e-02 -1.20634153e-01  4.70706597e-02
  2.27520257e-01 -1.03813261e-02  1.92534197e-02  2.65657634e-01
 -3.31135467e-04 -7.14675486e-02 -3.45450342e-02  3.55791561e-02
 -1.37039840e-01 -1.44481249e-02 -1.23865314e-01  8.18345696e-04
  4.01841849e-03 -1.99799128e-02 -5.24666160e-02  9.35730115e-02
 -2.15496719e-01  6.55321628e-02 -2.57133637e-02 -5.49628288e-02
 -3.06832492e-02 -2.72484887e-02 -8.49333629e-02 -6.90283775e-02
  1.49693236e-01 -2.20261410e-01  2.29619339e-01  1.27049491e-01
  3.43152806e-02  1.68003678e-01  5.55237830e-02  1.36459887e-01
  2.44755559e-02 -1.66775510e-01 -1.50186196e-01 -6.94788620e-02
  8.18162188e-02 -7.30481073e-02  8.40282664e-02 -4.89870552e-04]