[-8.40280876e-02 -1.86879076e-02  7.19699785e-02 -6.51834011e-02
 -1.14861004e-01 -4.95365914e-03  8.27697664e-02 -9.51107740e-02
  1.45053416e-01 -1.07488118e-01  1.38084754e-01 -1.76306039e-01
 -2.23476231e-01  1.24618836e-01 -4.40465659e-02  1.36764705e-01
 -8.59484822e-02 -1.78557605e-01 -7.74245560e-02 -8.44617933e-02
  4.25697975e-02  2.26781555e-02 -1.13281958e-01  1.12161554e-01
 -1.49225920e-01 -2.48592615e-01 -4.94736061e-02 -7.96388760e-02
 -4.11537290e-02 -5.03794290e-02  1.03971682e-01  1.64278656e-01
 -1.72777802e-01  5.06703705e-02  1.66381337e-03  2.67700832e-02
 -2.81831026e-02 -1.10833503e-01  2.55132943e-01  3.48528475e-02
 -2.50546485e-01  4.48476970e-02  9.12907124e-02  2.80333281e-01
  1.37502223e-01 -6.43406715e-03 -2.54121441e-02 -6.76752999e-02
  1.47434518e-01 -3.00957859e-01 -2.98557915e-02  1.82102844e-01
  5.99991195e-02  1.13414843e-02  2.60328799e-02 -1.21961251e-01
  6.57320693e-02  7.88736045e-02 -2.83723891e-01  1.71421021e-01
  1.05702899e-01 -1.38711050e-01  4.09630127e-03 -8.89512450e-02
  1.76941246e-01  7.62455314e-02 -9.08094570e-02 -1.38201714e-01
  1.97670594e-01 -1.99425653e-01 -5.75930141e-02  1.48898259e-01
 -1.50970712e-01 -2.49287069e-01 -2.42404208e-01  4.81265746e-02
  4.07338619e-01  1.49077892e-01 -1.34826332e-01  6.62383214e-02
 -1.01775657e-02  4.64087632e-03  1.39172450e-01  1.48013324e-01
  4.18786183e-02 -1.31713912e-01 -8.39122310e-02  2.85462141e-02
  2.89173543e-01 -1.94363315e-02 -5.61802760e-02  2.69819766e-01
  2.65492313e-03 -9.66511965e-02 -7.17279986e-02  4.00591902e-02
 -9.91623998e-02 -3.36895278e-03 -1.11994550e-01 -1.54066198e-02
  3.83974053e-04  3.42048220e-02  1.49677135e-02  1.47957295e-01
 -1.86472088e-01  1.47115961e-01 -9.02697667e-02 -4.48635295e-02
 -5.54203093e-02 -2.30686441e-02 -8.01296085e-02  1.50417341e-02
  1.52615279e-01 -2.24250928e-01  9.81915742e-02  1.05948441e-01
  3.93173136e-02  4.28290106e-02  1.83006506e-02  1.96853839e-02
  5.26145883e-02 -1.64497644e-02 -2.42119908e-01 -5.20565771e-02
  8.35683420e-02 -3.14818621e-02  2.20667552e-02  2.73253098e-02]