[-0.15672004  0.07100686  0.01646577 -0.06217871 -0.03650586 -0.05246728
  0.00126193 -0.0512704   0.17071056 -0.09506756  0.23052323 -0.02214959
 -0.20481181 -0.02275638 -0.08019409  0.06870422 -0.11844671 -0.03981315
 -0.15354355 -0.11661714  0.1159429   0.07317545 -0.01471297  0.11502217
 -0.10953386 -0.2678366  -0.08598977 -0.08940947  0.1002294  -0.07189336
 -0.05005444  0.00308899 -0.10189666 -0.10526071  0.05072638  0.06876717
 -0.00638164 -0.10020451  0.20964363  0.00608098 -0.08016888  0.08992471
  0.08865938  0.29505357  0.23182869  0.05616774 -0.02176572 -0.12763292
  0.1838499  -0.2565271   0.03493333  0.14585945  0.08126634  0.08558685
  0.13181522 -0.17151017  0.02860042  0.13377465 -0.17456384  0.08227181
  0.03335869 -0.06730274 -0.02762667 -0.07914527  0.13696167  0.08413525
 -0.15884376 -0.09478804  0.10999934 -0.19567588 -0.00501574  0.04328489
 -0.10829501 -0.16102907 -0.21368656  0.12161642  0.44268569  0.27256829
 -0.14990917  0.0671138  -0.08737501 -0.00625331  0.11656243  0.03090114
 -0.13709117 -0.08963742 -0.07989468  0.02990597  0.13754092  0.0822988
 -0.02205165  0.26180738  0.0279664   0.05307329  0.06282301  0.02598014
 -0.21615174 -0.04041045 -0.11564295  0.00507262  0.05376871 -0.1082844
  0.08911474  0.0810882  -0.15610522  0.11098636 -0.04800419  0.00869073
  0.03386888  0.03565764 -0.13914521  0.01964263  0.1229956  -0.21149968
  0.15896069  0.12020729  0.09805916  0.16838263  0.17517999  0.06462669
  0.02203983  0.03706895 -0.10576594 -0.05931085  0.0445155  -0.01214197
  0.11719295 -0.00922952]