[-0.15083812  0.07220072  0.08302951 -0.11965146 -0.18901834 -0.06998622
 -0.00813086 -0.10984597  0.17429493 -0.12268935  0.14735557 -0.04032633
 -0.17044902  0.05424697 -0.11785305  0.22183311 -0.13808079 -0.23624937
 -0.06715799 -0.11344692  0.00126829  0.09817731 -0.04764046  0.10576712
 -0.15723015 -0.26118264 -0.04241493 -0.05831857 -0.03647707 -0.11591579
  0.0783149   0.2148575  -0.13563938 -0.01405863  0.04554032  0.09096793
  0.0081346  -0.07773889  0.22989914  0.0774557  -0.31689906 -0.02004404
  0.14135714  0.3640067   0.22032186 -0.02220205  0.01313375 -0.1184167
  0.18288241 -0.30034325 -0.00043641  0.13684025  0.05438863  0.03551285
  0.05872072 -0.1823291   0.05571601  0.05572176 -0.21878585  0.01962047
  0.09044705 -0.14941001 -0.04757594 -0.17682564  0.19955742  0.0718779
 -0.12360962 -0.13784042  0.2333685  -0.17251229 -0.15573251  0.08779611
 -0.10886981 -0.13472608 -0.36065483 -0.04023235  0.37931493  0.1472895
 -0.09124261  0.14839536  0.00960415 -0.01747242 -0.0569263   0.22963765
 -0.0738102   0.04295183 -0.00195865  0.03106479  0.17918669  0.02910044
 -0.01236079  0.23348531 -0.00285202  0.00631305  0.00959028  0.13445826
 -0.15218061  0.02817288 -0.09921385  0.00316419  0.02766171 -0.02421502
  0.06777624  0.17568965 -0.2450859   0.25513992 -0.09981341  0.03899235
 -0.05264129 -0.00229111  0.04014042  0.03365574  0.13759945 -0.22561741
  0.10664606  0.16073118 -0.01304964  0.13428341  0.09618399  0.0477035
 -0.01683498 -0.01639752 -0.24257927 -0.06576018  0.05864108 -0.14617622
  0.03400261  0.13097046]