[-0.14921066  0.01488762  0.0854069  -0.01531793 -0.12998173 -0.05039243
 -0.05363682 -0.06703337  0.13128363 -0.13130729  0.2006321  -0.05236714
 -0.10968095 -0.05219619  0.02057886  0.20556746 -0.16522041 -0.12034684
 -0.0744213  -0.07128638  0.10727587  0.07479435 -0.12185392  0.04979524
 -0.18265896 -0.31470034 -0.04657616 -0.06967277  0.02403466 -0.05596327
 -0.00258518  0.06376502 -0.13049029 -0.04948761  0.04496747  0.137114
 -0.00609474 -0.0549502   0.16500738  0.01941598 -0.29703352  0.04451954
  0.07201995  0.29865754  0.19609919  0.03843754  0.03827363 -0.02325315
  0.17357546 -0.28384221 -0.00737306  0.12522051  0.0626953   0.04131311
  0.05481113 -0.13378696  0.01442547  0.12819742 -0.19827072  0.06788532
  0.08128469 -0.14467692  0.04820407 -0.02536896  0.23024011  0.07791098
 -0.13064197 -0.13159277  0.13083085 -0.17665593 -0.11864132  0.03847236
 -0.14143127 -0.16036506 -0.42654201 -0.00863571  0.49993217  0.06294581
 -0.19352558  0.05622963 -0.01956024  0.00155322  0.17460348  0.19539727
  0.05898631 -0.03531391 -0.07279325 -0.01033048  0.29735819 -0.01026353
 -0.00381519  0.2099708   0.04006203 -0.00724832 -0.01807813  0.06676545
 -0.07617457 -0.04866841 -0.0299353  -0.01311988  0.01237886 -0.01977198
  0.03921071  0.17516945 -0.22526032  0.22320999 -0.02073679  0.05986813
 -0.00565138  0.04419247 -0.06250608 -0.01719166  0.12645224 -0.19611697
  0.14295571  0.21656175  0.01504001  0.12128579  0.05955398  0.03088399
 -0.02046679  0.03362432 -0.21107177 -0.0658111  -0.01262161 -0.06215575
  0.05784683  0.06498958]