[-0.06895803  0.13475393  0.03800507 -0.05215259 -0.12149949  0.05964296
  0.00084579 -0.04951876  0.09970419 -0.11332953  0.15589495 -0.05204123
 -0.2231209   0.01538363 -0.00565661  0.18271272 -0.08795456 -0.14697658
 -0.13753314 -0.17399697  0.03073099  0.11399362 -0.07301407  0.01941735
 -0.06441845 -0.34180933 -0.00550941 -0.02013842  0.04238064 -0.11030373
 -0.028332    0.04059511 -0.14384077  0.01255635  0.05344705  0.00247071
 -0.10574225 -0.08372425  0.18410695  0.09890811 -0.15468845 -0.07472966
  0.09233799  0.28667334  0.15921082  0.02319397  0.06260654 -0.08225898
  0.08849226 -0.3018451   0.10365423  0.13823992  0.03358327  0.14090085
  0.05265782 -0.18881655 -0.06275874  0.11138967 -0.13408299  0.10231571
  0.07319009 -0.11618833 -0.11341058 -0.10133145  0.24486083  0.18697482
 -0.10400565 -0.18661414  0.20402414 -0.16065642 -0.14827399 -0.04347585
 -0.07409302 -0.11085431 -0.30887708  0.08235163  0.3318806   0.14180325
 -0.15997353 -0.05272898 -0.00388376  0.02967535  0.12135802  0.14010836
 -0.09747815 -0.06830499  0.01016581  0.0376786   0.21159957 -0.01351605
 -0.10002109  0.17163859 -0.00168018 -0.0028638   0.02223798  0.107859
 -0.10621995 -0.02472611 -0.12134125 -0.00975195  0.01616181 -0.08490182
  0.0133382   0.21626826 -0.1755286   0.20768994 -0.05906797 -0.02721647
 -0.01404104  0.01653963 -0.06933973 -0.03322873  0.09638216 -0.16365591
  0.18517475  0.20668221  0.05455188  0.15560016  0.07330915  0.08321272
  0.0758147  -0.03040451 -0.20658734 -0.08282465  0.03357931  0.03143815
 -0.0893466   0.06473569]