[-0.06960994  0.14339203  0.00162281 -0.03715197 -0.09715455  0.03341819
 -0.0330247  -0.10406568  0.16701208 -0.1099551   0.18846737  0.01802171
 -0.20546408  0.01928682 -0.08499814  0.09339403 -0.15524115 -0.10990427
 -0.08742946 -0.01116446 -0.01188187  0.05447621  0.01901006  0.08115853
 -0.06724615 -0.29091418 -0.08075082 -0.06873904  0.08514372 -0.14356846
 -0.01874696  0.04870828 -0.1249721   0.0140756   0.03565095  0.01852327
 -0.06842922 -0.03527038  0.19747131  0.0762486  -0.14073445  0.03057983
  0.03400996  0.36539108  0.19864303  0.03499145  0.03746882 -0.07138652
  0.1030068  -0.22607544  0.03614007  0.14781523  0.17290296  0.05578572
  0.11396462 -0.21637328  0.01567596  0.11864369 -0.10506243  0.1353126
  0.06715459  0.02030398  0.02162544 -0.02489256  0.23072989  0.05201351
 -0.14038041 -0.07375852  0.12107207 -0.14617644 -0.00926818  0.09976941
 -0.11720996 -0.20217437 -0.14171904  0.01116983  0.4376381   0.22209334
 -0.13004085 -0.01079735 -0.07188823 -0.02184637  0.0177742   0.04803919
 -0.20517018 -0.03678324 -0.06290821  0.05036288  0.19258592  0.06955637
 -0.04067203  0.20116565 -0.00253215 -0.04495859 -0.00629005 -0.03744558
 -0.09235252 -0.01286064 -0.07570228 -0.05059792 -0.04756824 -0.18851076
  0.01407249  0.11648193 -0.25562188  0.17651783 -0.01107993  0.01226039
  0.01038779  0.11264195 -0.11304902  0.0565649   0.17363565 -0.30345637
  0.1995513   0.176844    0.07975668  0.11001779  0.03660666  0.06662418
 -0.00165721 -0.00429318 -0.07682668 -0.10143895  0.01270747 -0.08805385
  0.09360495 -0.00773067]