[-5.67932390e-02 -1.99282076e-03  9.54117179e-02 -1.19010560e-01
 -3.13285217e-02 -9.17324424e-02 -4.15578336e-02 -6.46682978e-02
  1.74140289e-01 -2.59017199e-02  8.71845335e-02 -7.97923878e-02
 -2.98107535e-01 -2.10979022e-04 -4.20970172e-02  1.38201728e-01
 -1.45586073e-01 -1.57469094e-01 -1.21273927e-01 -2.15042569e-02
  1.61104109e-02  8.52819607e-02  1.76998843e-02  9.03044492e-02
 -1.11292131e-01 -2.51444519e-01 -8.40531811e-02 -7.23085552e-02
 -4.48094383e-02 -9.73190442e-02  1.19870596e-01  1.17351755e-01
 -2.04120249e-01  3.03677283e-03  9.18171629e-02  1.06525719e-01
 -5.10027558e-02 -1.50312513e-01  1.68225408e-01  2.05813311e-02
 -2.55479991e-01 -9.01378319e-02  7.40780607e-02  2.11577490e-01
  1.82390183e-01  3.99814034e-03  1.94401331e-02 -5.85583746e-02
  1.47847697e-01 -3.56671959e-01 -3.50041464e-02  1.91406325e-01
  3.01307328e-02  5.22081740e-02  1.26627892e-01 -1.89808071e-01
  1.04468092e-01  1.65866345e-01 -2.18380556e-01  1.14700861e-01
  8.40809494e-02 -1.32759854e-01  6.22156169e-03 -3.63742486e-02
  1.35222271e-01  1.35813449e-02 -1.88692316e-01 -1.20900854e-01
  1.48359925e-01 -2.03339577e-01  4.75578196e-02  2.22859755e-01
 -8.25312585e-02 -2.39265949e-01 -2.13394910e-01 -4.52856235e-02
  4.65160340e-01  1.03753239e-01 -1.05540626e-01  7.19136819e-02
 -7.02328011e-02  1.98761234e-03  7.85608590e-03  1.47587582e-01
 -3.43649276e-03  9.06552933e-03 -9.55121964e-02  9.93683003e-03
  2.26760671e-01 -1.38675543e-02  4.17664647e-02  2.70472139e-01
 -2.93961093e-02 -4.37635649e-03 -4.08687443e-02  8.80787428e-03
 -5.04966676e-02 -1.02557326e-02 -3.03232446e-02  6.82366714e-02
 -5.21957166e-02 -6.66908547e-02 -8.86442326e-03  2.39330102e-02
 -7.89690688e-02  1.11575089e-01  1.08362306e-02 -1.36527698e-02
 -4.80206683e-02 -2.15542521e-02 -6.66036829e-02 -5.18265069e-02
  1.49940610e-01 -3.42973202e-01  1.36432782e-01  1.53855383e-01
 -8.18869099e-03  9.50689539e-02 -3.13305743e-02  1.38419345e-01
  3.33301723e-02 -6.76774010e-02 -9.77635160e-02 -7.68164471e-02
 -3.33772041e-04 -2.74274051e-02 -1.94866844e-02 -4.32343520e-02]