[-0.10528405  0.00607089  0.06056935 -0.03147119 -0.16501856  0.0144187
  0.04796963 -0.06799699  0.10095613 -0.0362302   0.14066799 -0.07254642
 -0.23352203  0.00141296 -0.0120936   0.09748186 -0.0806994  -0.11379391
 -0.05757415 -0.05550355 -0.01166278 -0.02846197 -0.00716967  0.12726383
 -0.11680057 -0.32699046 -0.1006463  -0.0764074  -0.0416861  -0.00559742
 -0.03953265  0.1328613  -0.13349949 -0.03849363  0.02769617  0.07113767
 -0.10964154 -0.0947064   0.27374667 -0.02452868 -0.17843658 -0.01253118
  0.10001297  0.27582142  0.17224433  0.04559383  0.01387979  0.03699833
  0.15285489 -0.28974363  0.06498171  0.15551382  0.06367823  0.05267727
  0.05831409 -0.12795639  0.03893467  0.13174152 -0.23237884  0.07739342
 -0.00524224 -0.18304588 -0.02679387 -0.11747589  0.25133684  0.22916956
 -0.0516455  -0.14479703  0.19976728 -0.20809025 -0.08256787  0.04140906
 -0.12298549 -0.17244358 -0.2346926   0.05971859  0.3805761   0.2123007
 -0.12277778  0.06395099 -0.00422339 -0.03180178  0.10303933  0.07820375
 -0.10361731  0.0166527  -0.06901768  0.01664288  0.23592681  0.01225132
 -0.05882984  0.25010669  0.03321107  0.01515833  0.10765395 -0.03625353
 -0.02489823  0.00200032 -0.17781867  0.04544499  0.08504979 -0.12121223
  0.0857651   0.05586152 -0.2190555   0.12420732 -0.06093754  0.01000254
 -0.03908699 -0.05283101 -0.17094961  0.06634676  0.18825103 -0.28791913
  0.19562025  0.07065534  0.02896651  0.1423445   0.08985644  0.02131016
  0.02034894 -0.07861574 -0.15539241 -0.05630744  0.17940465 -0.03907263
  0.13323089  0.09575083]