[-0.06519121  0.13034639  0.13040389 -0.10117536 -0.15452631 -0.01369601
 -0.0533526  -0.09209307  0.09592491 -0.17979477  0.23298343 -0.07644735
 -0.16601653  0.0603078  -0.08549947  0.225546   -0.19361112 -0.16662394
 -0.03965751 -0.11064288  0.02722484  0.04170522 -0.03215018  0.05276655
 -0.07201    -0.31460291 -0.08764482  0.06423408  0.14353272 -0.06087149
 -0.02698746  0.12679954 -0.12838304  0.07476722  0.02531212  0.13269892
 -0.05787679 -0.14940904  0.16694014  0.0376341  -0.24018018  0.01283397
  0.13271604  0.29324797  0.26460624 -0.00041416  0.05501916 -0.07828986
  0.09280229 -0.27682102  0.01338014  0.16128965  0.00062057  0.07837629
  0.06245208 -0.20941995 -0.03378733  0.14858308 -0.10219527  0.03669036
  0.06686278 -0.13594766  0.03840359 -0.13173506  0.24913068  0.15297133
 -0.12336387 -0.22700575  0.26995969 -0.17984402 -0.12766127  0.03556056
 -0.11009515 -0.0749849  -0.30177814  0.02063881  0.34521472  0.13268156
 -0.05964363  0.11507079  0.01718771 -0.00589914  0.06518547  0.20800187
 -0.05773365 -0.05697776 -0.11325797 -0.01976659  0.24121104 -0.02662256
 -0.02812152  0.18353827 -0.03414965 -0.0007502   0.01476742  0.10525373
 -0.18921126  0.0325782  -0.17674327 -0.03883185 -0.05541808 -0.08571314
 -0.02626885  0.21295919 -0.15121333  0.15526286 -0.09032008  0.02025485
 -0.04132764  0.01044319 -0.03936923  0.0009619   0.11003298 -0.23560882
  0.15875131  0.20135099  0.06556404  0.13423206  0.18990228  0.1133868
  0.06882404 -0.05576897 -0.16828692 -0.06114439 -0.03366328 -0.08411763
 -0.03374469  0.0998239 ]