[-0.09689022 -0.00044691  0.02529278 -0.06291113 -0.11555417  0.0718194
  0.01964122 -0.03650605  0.15225023 -0.1205467   0.20600398 -0.05696495
 -0.24896513 -0.05408123  0.03985355  0.13244893 -0.1322193  -0.24748357
 -0.0600865  -0.03818876  0.00836168 -0.00744971  0.0298943   0.09430622
 -0.15974517 -0.34577769  0.02572146 -0.0871466   0.00762579 -0.1572049
  0.06835616  0.2002811  -0.19520596  0.04089864  0.03959104  0.16166791
 -0.01913122 -0.07403938  0.2836926   0.04305644 -0.30016851 -0.04010722
  0.08277953  0.29122815  0.2784279   0.00637643 -0.03489064 -0.04185968
  0.13007137 -0.36709666  0.09833718  0.21894419  0.01566509  0.09043711
  0.07637637 -0.17850968  0.02455309  0.05972641 -0.1639307   0.04818703
  0.06086632 -0.08655488  0.07901946 -0.0987967   0.24311535  0.06312889
 -0.09995291 -0.16370542  0.21261141 -0.18152687 -0.11169907  0.19877514
 -0.13158402 -0.17298125 -0.21438918  0.01577504  0.32400519  0.16311905
 -0.14036515  0.05828213 -0.08644757 -0.06920709  0.02031749  0.15117276
  0.08809661 -0.09170838 -0.06342139 -0.04976651  0.28095445  0.04532072
 -0.0418291   0.27558017  0.00181845 -0.09258857  0.06208097  0.07606434
 -0.0731656   0.0200025  -0.18823472 -0.08984198 -0.08487312 -0.0752117
 -0.00319814  0.13163421 -0.24598093  0.18795343 -0.07868585  0.01841138
  0.01012616 -0.00671418 -0.03777476  0.00586221  0.12787095 -0.34952092
  0.20938152  0.1450627   0.10727691  0.12236121  0.05716818  0.12765066
  0.0466483  -0.06444421 -0.17722587 -0.08380964 -0.01566849  0.00449425
 -0.02693272  0.08890335]