[-1.79247232e-03 -3.59783173e-02 -1.30940741e-03 -7.24447146e-02
 -1.58357039e-01  4.12749127e-02 -4.44583893e-02 -1.31426767e-01
  1.31576702e-01 -1.11177452e-01  1.94958419e-01 -5.13809510e-02
 -3.53372991e-01  4.88325991e-02 -5.11765890e-02  1.87257767e-01
 -1.41455993e-01 -1.63004935e-01 -8.26782137e-02 -3.76741961e-02
 -6.02827594e-02  5.58809862e-02  1.18789166e-01  1.36096120e-01
 -1.18359372e-01 -4.15119290e-01 -4.49780375e-02 -1.04835019e-01
 -5.53929806e-02 -1.13891875e-02  4.17672321e-02  1.45542383e-01
 -1.54583290e-01  5.44299781e-02  3.62453610e-02  2.12644208e-02
 -1.12658553e-01 -1.75263554e-01  2.01481864e-01  5.07266186e-02
 -2.52996385e-01 -8.73880461e-03  4.07222137e-02  2.34934121e-01
  1.43312961e-01 -2.59465314e-02  1.26610920e-01 -8.58058333e-02
  6.02486506e-02 -3.28194648e-01  5.63082732e-02  1.23395532e-01
 -2.62962701e-03  4.57364060e-02  7.86221623e-02 -1.37194246e-01
  1.77249350e-02  1.76377609e-01 -1.48061439e-01  7.31088892e-02
  4.83987555e-02  3.77814211e-02  6.52179867e-02 -1.02475837e-01
  2.95853019e-01  1.34985432e-01 -1.64297566e-01 -7.27408454e-02
  1.77717626e-01 -1.55988589e-01 -1.07406765e-01  8.24656412e-02
 -1.51703864e-01 -2.23735705e-01 -2.13879973e-01  1.55341197e-02
  4.21668172e-01  1.56603619e-01 -9.65923294e-02  1.96939036e-02
 -4.65997607e-02  1.18715689e-05  1.55760543e-02  1.61581770e-01
  1.66489929e-03 -6.39154390e-02 -4.95953709e-02  2.82848980e-02
  2.33164787e-01 -1.00746341e-02 -6.25082999e-02  3.43263984e-01
  1.38918348e-02 -1.64369158e-02  5.56999780e-02  1.20531335e-01
 -9.40547287e-02  1.89877264e-02 -1.09044984e-01  1.71283241e-02
 -1.82469524e-02  6.69485750e-03  4.05257866e-02  8.48861262e-02
 -1.13204703e-01  1.73157200e-01 -7.94113576e-02  8.74189474e-03
  8.88390094e-02  6.76071495e-02 -3.87378633e-02 -7.01131821e-02
  9.37160254e-02 -3.11123818e-01  1.44949183e-01  1.08312130e-01
  1.24134146e-01  1.26455486e-01 -1.56328343e-02  6.17481843e-02
  1.19980909e-02 -6.07578866e-02 -2.08579287e-01 -7.67825097e-02
  7.66927004e-02 -2.12678127e-02 -2.28107180e-02  6.58522174e-02]