[-0.04352727  0.03373887 -0.00438942 -0.11072773 -0.13248077  0.04336169
  0.02649652 -0.0725527   0.06204311 -0.06269506  0.1954923  -0.11715745
 -0.36912504 -0.10554971  0.01287279  0.08603828 -0.04559233 -0.10332148
 -0.17019399 -0.01501197  0.0216539   0.03949935  0.05309348  0.04012375
 -0.10726129 -0.27094004 -0.078375   -0.17508717  0.02211607 -0.11256754
 -0.02025989  0.11853279 -0.11132688 -0.06171023 -0.02656292  0.0127693
 -0.09781399 -0.08548684  0.16665432 -0.03422836 -0.12494456 -0.10043833
  0.01248186  0.24656893  0.13083009 -0.06820986  0.11437156 -0.01968966
  0.02266965 -0.25987872  0.06336752  0.09416306  0.1710583   0.13619265
  0.06852132 -0.10198155  0.08423299  0.14624931 -0.19314273  0.16024135
  0.07964694 -0.05889781 -0.07597126 -0.05263971  0.24761797  0.06672435
 -0.11949883 -0.15038282  0.14960214 -0.13889651 -0.09300807  0.12231386
 -0.17605776 -0.14707968 -0.17618676  0.01956432  0.34851822  0.16077936
 -0.23604034 -0.03399968 -0.12832837 -0.06292149  0.04246252  0.02177455
 -0.01246193 -0.03984487 -0.10020922  0.05474626  0.20791046 -0.15008436
 -0.03657088  0.23557879  0.09093778 -0.03718143  0.0543435  -0.00643152
 -0.00296335 -0.00311082 -0.05353063  0.06012956  0.05203782 -0.19059692
 -0.04618442  0.01498808 -0.06876761  0.23285374  0.02630498  0.0117861
 -0.00672126 -0.083991   -0.11971199 -0.01658295  0.22332199 -0.23466966
  0.16146025  0.14481761  0.11080812  0.06818299  0.00429118  0.09893282
  0.03439872 -0.0276284  -0.15531242 -0.0952004   0.13537985 -0.02044297
 -0.02261195  0.03664784]