[-0.08529509  0.15870267  0.0906414  -0.03586585 -0.02525619 -0.04082259
 -0.12300047 -0.05287615  0.11817506 -0.0448448   0.1289271   0.00222193
 -0.14127307  0.03677554 -0.02136064  0.09405062 -0.1270263  -0.13732748
 -0.04368909 -0.09621339  0.06406004  0.11138098  0.04726856  0.06789916
 -0.17017625 -0.27191812 -0.06852233 -0.16426839 -0.0081644  -0.11610527
  0.00156213  0.00071587 -0.10554992  0.01409186  0.01395763  0.05405698
  0.10087077 -0.02816608  0.20408778 -0.00483076 -0.16780111  0.01594854
  0.07607809  0.28782883  0.21566373  0.02590272 -0.00967679 -0.06563274
  0.07377822 -0.14689234  0.16423465  0.13211435  0.03982135  0.12789121
  0.01368739 -0.1210581   0.05714774  0.0667709  -0.14371891  0.0630592
  0.09397097  0.00578188  0.01629966  0.04075821  0.25784221  0.0761747
 -0.12758909 -0.10753976  0.02295405 -0.15176462 -0.12349717  0.00181563
 -0.17400727 -0.10431714 -0.25227481  0.09949102  0.40317026  0.10998055
 -0.25293428  0.08521604 -0.06162588 -0.05965747  0.10350832  0.10202301
 -0.10580504 -0.00336201 -0.05050872  0.05772123  0.22777803  0.04562294
 -0.08496258  0.19659594 -0.00591155  0.03766726  0.07878076  0.10855464
 -0.08159938  0.00489693 -0.125154   -0.02691001  0.06947662 -0.01686473
 -0.05240587  0.16355594 -0.2115133   0.1745754   0.02937133 -0.01715981
  0.02980257  0.1533927  -0.12741968 -0.12332051  0.19469409 -0.12775466
  0.16882052  0.14423044  0.07823163  0.13340051  0.10937133  0.1389108
  0.03621271  0.07055103 -0.13150091 -0.0141672   0.11101014  0.01629612
  0.1052843   0.09904532]