[-0.04721572  0.14678302  0.0415992  -0.07028905 -0.11328126  0.08766497
 -0.01991824 -0.09782478  0.22670795 -0.12896201  0.25656438 -0.0008174
 -0.28472129 -0.00269437 -0.01003952  0.23048887 -0.12668297 -0.12272441
 -0.15189146 -0.05116834 -0.01625946  0.03530315  0.01603742  0.03486158
 -0.10790922 -0.35357031  0.02891533 -0.01122831 -0.06685615 -0.02572304
  0.00449939  0.11632294 -0.16234468  0.05297384  0.03728537  0.06918131
 -0.14581576 -0.08947958  0.26911709  0.00717524 -0.25623402  0.0037076
  0.04362009  0.20275956  0.21095054 -0.03164115  0.04132086 -0.05480302
  0.14196073 -0.29389802  0.0248261   0.23930874  0.02664759  0.04893818
  0.05726148 -0.18195075 -0.03798234  0.19061556 -0.14811091 -0.04662084
  0.03874204 -0.0845675  -0.06997319 -0.08237685  0.15472299  0.13681336
 -0.13254417 -0.20044184  0.18108082 -0.11072966 -0.02912195  0.09516981
 -0.19974749 -0.27164403 -0.23096678  0.04965067  0.36143443  0.1267077
 -0.12329698 -0.01279027 -0.03595967 -0.03329625  0.04783631  0.10261306
  0.06889497 -0.17120156 -0.07510278 -0.00743461  0.22027731 -0.06241033
 -0.03667699  0.27409214  0.02564977 -0.0798824  -0.11682282  0.05186442
 -0.08174258  0.06960242 -0.13205217 -0.00574889 -0.03763109 -0.00040459
 -0.02322277  0.11765242 -0.21027169  0.1537987  -0.02702494  0.05918793
  0.04409786 -0.00424971 -0.08005141 -0.08208896  0.12875378 -0.23561816
  0.17371564  0.17036203  0.03184025  0.11700225  0.06613316  0.07803696
  0.09986426 -0.02665355 -0.25572082 -0.10132714  0.02112252  0.0133364
 -0.06544293  0.03897458]