[-0.13782707  0.05767844  0.05932087  0.0038431  -0.14461128 -0.02437325
 -0.01439103  0.01781265  0.0790204  -0.09396559  0.13877876 -0.04136981
 -0.16732271  0.039208   -0.03965311  0.10270184 -0.1418775  -0.12240873
 -0.10749099 -0.1435302   0.0685544   0.11223075 -0.06803229  0.13642858
 -0.12264032 -0.31867754 -0.04280859 -0.05360097  0.08040609 -0.1104345
 -0.03600625  0.05645855 -0.08939779  0.01778463  0.06454761  0.08044255
 -0.04623657 -0.06327715  0.24657652  0.04965599 -0.11742921  0.03520454
  0.04868527  0.35776886  0.22262765  0.07693171  0.00680689 -0.06827705
  0.2311521  -0.23531091  0.06407139  0.19594446  0.10147059  0.084144
  0.05722919 -0.15186413 -0.02415206  0.12010982 -0.12513612  0.10466631
 -0.01125071 -0.17826425  0.0159164  -0.14532304  0.17833517  0.02873817
 -0.11244567 -0.11971162  0.13180098 -0.23355676 -0.10905798  0.0208547
 -0.1069052  -0.10824635 -0.28856203  0.05739488  0.42658752  0.19787025
 -0.17142428  0.03542291  0.02303556 -0.04934122  0.10155374  0.18193397
 -0.15146244 -0.07034134 -0.08460554  0.05119697  0.22540264  0.03667317
 -0.04905387  0.17026576  0.04669195  0.08992799  0.05500357 -0.02184655
 -0.1691781  -0.04864167 -0.06351755  0.00192556 -0.03481058 -0.07820926
  0.03713182  0.11302584 -0.14029306  0.20445122 -0.06375397  0.01456419
 -0.05610665  0.04323513 -0.14337328 -0.00754524  0.13647801 -0.17830719
  0.11825453  0.14672187  0.08659101  0.1820365   0.09666269  0.08226302
 -0.02385332  0.03917691 -0.15506126 -0.03846153  0.08298331 -0.02519283
  0.10123407  0.02999355]