[-0.0890407   0.0543196   0.0346049  -0.06189363 -0.1471471  -0.01510972
  0.02551728 -0.0733408   0.18715833 -0.06919295  0.1547309  -0.07594493
 -0.2312656   0.02112667 -0.08430881  0.1191968  -0.14732006 -0.09077942
 -0.12186155 -0.12082353  0.0073961   0.04743476  0.02045204  0.00785254
 -0.04554229 -0.26488456 -0.04974082 -0.08716866  0.09712145 -0.16584606
 -0.01651987  0.02246461 -0.15719669 -0.07689598  0.01784851  0.03922405
 -0.08199147 -0.08577907  0.18843544  0.04814517 -0.14274177 -0.04244796
  0.06265584  0.30043641  0.07321052  0.13761255 -0.04342214 -0.07786531
  0.2048988  -0.34920317  0.15746585  0.09451197  0.15954328  0.02287715
  0.12863655 -0.17076689  0.02029933  0.04612523 -0.20171885  0.1169687
  0.11649931  0.01408085 -0.07678296 -0.11475276  0.21859284  0.16241236
 -0.09251211 -0.02199321  0.14190021 -0.12568012 -0.03949716  0.01433069
 -0.02615405 -0.15003601 -0.21819352  0.02055017  0.43069804  0.12495766
 -0.10712869 -0.05612078 -0.05411353 -0.00933204  0.03653533  0.03203185
 -0.19570377  0.04076978 -0.04867347  0.04334261  0.15509088 -0.09730984
 -0.04456416  0.2080256   0.0247862   0.02149091 -0.01684441  0.01597234
 -0.10120857 -0.01064228 -0.10193183 -0.00323074  0.13958712 -0.1079096
  0.01545634  0.05412265 -0.2287036   0.13875929  0.00907187 -0.06677602
  0.02728061 -0.01371072 -0.13192874 -0.01915201  0.14729644 -0.25990161
  0.18505931  0.16383705  0.01233751  0.15197228  0.02556938  0.03712066
  0.0675534  -0.02307184 -0.08262286 -0.13705298  0.07903024 -0.00226266
 -0.02968442  0.06581134]