[-0.07142331  0.00533008  0.03430327 -0.10351603 -0.04118939 -0.1075139
 -0.0442011  -0.16409554  0.15247382 -0.23271909  0.16220842 -0.05712444
 -0.12997793  0.0549967  -0.07059215  0.1223601  -0.16409093 -0.12935224
 -0.04819044 -0.07169509  0.0403581  -0.00196231  0.05328656  0.16839425
 -0.10346833 -0.2935611  -0.11654159 -0.18685788 -0.00343815 -0.05311515
  0.02563467  0.00567017 -0.17755121  0.06295114  0.01855307  0.052687
  0.00075764 -0.0218734   0.2110191  -0.00085724 -0.26884815 -0.01438875
  0.01015671  0.23931924  0.18321638  0.01928407 -0.02601347 -0.07861836
  0.14962272 -0.19490182  0.03039864  0.11087412  0.05731065  0.00350924
  0.0505639  -0.11243983  0.08302499  0.09283994 -0.19693087  0.09822761
  0.06392322 -0.12557736 -0.00115565  0.00193556  0.26024377  0.07456386
 -0.19237827 -0.07698691  0.19835086 -0.24573825  0.00580155  0.09861541
 -0.12592414 -0.20961039 -0.21643071 -0.03326587  0.51139641  0.16796143
 -0.15397835  0.05638129 -0.11639246 -0.00969028  0.08378296  0.19154789
 -0.03292932  0.02308949 -0.04577826  0.00136391  0.19162999  0.00404386
 -0.05576516  0.22855794 -0.09189865  0.02186549  0.01525486  0.02750044
 -0.15688528 -0.07590681 -0.09838626 -0.04015235 -0.08342746 -0.07246315
 -0.06407163  0.11690821 -0.22228147  0.18924859 -0.05900101 -0.06118183
 -0.01706149  0.14373636 -0.0739502  -0.09685955  0.13021702 -0.23385994
  0.1588417   0.19221726  0.09011573  0.15467942  0.00953661  0.06709041
 -0.01213647 -0.01495204 -0.20368771 -0.07488236  0.0327091  -0.06415465
  0.10357647 -0.03807506]