[-0.15911867  0.03176472  0.00888055 -0.10160583 -0.12445307  0.00539555
 -0.05396479 -0.01961231  0.13122778 -0.04500757  0.26392239  0.02118522
 -0.19884804 -0.07240756  0.00258279  0.10569429 -0.12853011 -0.12474909
 -0.05408248 -0.0625676   0.06842899  0.08156414 -0.06691311  0.09156922
 -0.17095816 -0.38592267 -0.03569987 -0.0756392  -0.02682473 -0.10333425
  0.04139571  0.13299945 -0.13475482 -0.01693805  0.01036869  0.07878269
 -0.03742236 -0.04069409  0.23228267  0.0455357  -0.19053942  0.05994858
  0.02901259  0.34175187  0.21853176 -0.0528709   0.05198115 -0.06954688
  0.18907015 -0.25641495  0.05393104  0.2114405   0.095851    0.04909092
  0.04241849 -0.04926221 -0.05463784  0.16553459 -0.23597994  0.05320113
  0.00774853 -0.08848685 -0.0622493  -0.2170361   0.13297912  0.12946616
 -0.12644158 -0.18745993  0.14253773 -0.15078178 -0.19238675  0.02704444
 -0.1684366  -0.19696689 -0.33633459  0.06384051  0.21758907  0.15096654
 -0.21515842  0.08914697 -0.03908993 -0.05156677  0.01262984  0.06243235
 -0.01072106 -0.031425   -0.03224979  0.03877253  0.23457517  0.03959911
 -0.01444624  0.25731373  0.03179107  0.01354197  0.06373341  0.1047858
 -0.10260339 -0.0188661  -0.15375185  0.0064618   0.01504899 -0.05862169
  0.05659073  0.11236998 -0.21373229  0.28941455 -0.02997155  0.06687825
  0.00638137 -0.02769643 -0.07760938  0.01316313  0.16218898 -0.19196562
  0.20920616  0.10659387  0.11624593  0.15029171  0.10012181  0.00050165
 -0.07675698 -0.02471456 -0.22707064 -0.05400585  0.06882417 -0.01140653
  0.03403662  0.07141187]