[-9.35612544e-02  6.75017908e-02  5.59964329e-02 -2.18069414e-04
 -1.53455049e-01  9.13869590e-02 -1.01864927e-01 -1.01364695e-01
  9.07937661e-02 -2.04367504e-01  1.66699827e-01 -4.90715029e-03
 -2.49505892e-01  1.13904495e-02  1.95566583e-02  1.50064379e-01
 -1.35793224e-01 -1.51764944e-01 -1.91109389e-01 -1.16190538e-01
  3.90312783e-02  8.36421773e-02 -2.44616568e-02  7.90982507e-03
 -1.00788787e-01 -3.51540536e-01 -7.87731409e-02 -4.14246917e-02
  1.22856505e-01 -9.63730738e-02 -6.88696876e-02 -9.37483609e-02
 -1.27631173e-01  3.72314230e-02 -1.27222296e-02  3.68973240e-02
 -3.69521119e-02 -1.21964954e-01  1.63810879e-01 -1.79586820e-02
 -2.29795471e-01  7.20770145e-03  2.51143072e-02  1.68749705e-01
  1.37176305e-01  1.90334730e-02  6.27545491e-02 -5.35787754e-02
  1.07472405e-01 -3.01276416e-01  9.16386172e-02  1.36128172e-01
  1.07976750e-01  1.06736638e-01  1.43226296e-01 -1.82275683e-01
 -2.09636036e-02  2.23445088e-01 -9.20397863e-02  1.78197160e-01
  6.29416108e-02 -6.16995543e-02  2.13542972e-02 -7.28658661e-02
  1.77069589e-01  1.52260169e-01 -7.95191303e-02 -2.26047754e-01
  1.68346867e-01 -1.89582229e-01 -1.18449777e-01  7.49748722e-02
 -4.50054854e-02 -1.76710799e-01 -2.71747977e-01 -1.12126265e-02
  4.10740465e-01  2.19305024e-01 -2.10601747e-01 -3.55853364e-02
 -4.34774905e-02 -2.02575140e-02  1.20798215e-01  3.36934924e-02
 -7.41878301e-02 -4.82966714e-02 -1.04853831e-01  1.07037229e-02
  2.96724439e-01  3.54357623e-02 -1.86276510e-02  2.83261627e-01
  3.99099961e-02  1.86783932e-02  3.84012349e-02  9.64112431e-02
 -8.43432844e-02 -4.67104875e-02 -2.90585086e-02  1.01327188e-02
  5.82267530e-02 -1.50697753e-01  1.04082571e-02  8.58177394e-02
 -1.67313635e-01  2.38749593e-01 -8.57507885e-02  6.91098869e-02
  2.11098958e-02  7.85559863e-02 -1.18586674e-01  6.14332557e-02
  2.22132668e-01 -2.66164958e-01  2.01869026e-01  2.43277416e-01
  5.05224094e-02  1.26982510e-01  6.94574788e-02  9.21859592e-02
  1.28161721e-03 -6.49740323e-02 -2.36805320e-01 -1.49429202e-01
 -2.01440752e-02 -1.07348427e-01 -3.11235934e-02  1.29481673e-01]