[-0.0333131   0.06636989  0.06998377 -0.10939227 -0.11182228  0.01271336
 -0.04294271 -0.08485774  0.18488239 -0.26532015  0.19745062 -0.15341829
 -0.1858301   0.13673504 -0.10153511  0.21647802 -0.13510165 -0.2306824
 -0.13600348 -0.12845989  0.02036831  0.04963509 -0.05070078  0.08849852
 -0.14752792 -0.32617688 -0.10263744 -0.06427962 -0.0076231  -0.08536498
 -0.03530965  0.09906575 -0.05195428  0.07129145  0.08760611  0.0634401
 -0.02743274 -0.18669964  0.26783806  0.04482702 -0.22806323  0.00555187
  0.11883129  0.32340887  0.13486622 -0.05826402  0.04037575 -0.07160345
  0.17786621 -0.27830926  0.00339545  0.19589533  0.14410721  0.13997421
  0.09268293 -0.07114846  0.05274642  0.1670565  -0.15998685  0.0551215
  0.09274559 -0.11156868 -0.00933405 -0.1421106   0.20313491  0.12303233
 -0.14995429 -0.14976481  0.20737541 -0.12607828 -0.10222126  0.04141722
 -0.18391708 -0.2026179  -0.17978381 -0.03652557  0.39647248  0.22205622
 -0.07841767  0.08965676 -0.05770089 -0.02163088 -0.01875443  0.12919879
 -0.03627241 -0.0212876  -0.00944893  0.10384066  0.2813611  -0.0730456
 -0.03746299  0.19456138 -0.02032515 -0.02496562 -0.05763121  0.04432074
 -0.11020068  0.00440452 -0.09304478  0.04879016 -0.05929213 -0.01627382
 -0.01641406  0.07252596 -0.252931    0.18391386 -0.05715771 -0.0360349
 -0.05237934  0.06502116 -0.06639967  0.02326863  0.15462853 -0.27962169
  0.06098515  0.20920677  0.11211716  0.13441019  0.05093265  0.00176123
  0.08883113 -0.09407242 -0.22454023 -0.13044165  0.03399088  0.02879426
 -0.03607342  0.06610743]