[-3.94568965e-02  9.72680934e-03 -2.48930417e-02 -1.80257782e-02
 -1.36301756e-01 -3.77885848e-02 -1.00810602e-02 -1.27107173e-01
  1.79151207e-01 -8.55123699e-02  2.81336725e-01 -2.14072224e-02
 -1.82801813e-01 -7.41593465e-02 -1.35104749e-02  3.46410759e-02
 -1.77732766e-01 -8.29763189e-02 -6.78952485e-02 -1.01493023e-01
  1.32879065e-02 -6.44711405e-02  2.12911814e-02  1.24186784e-01
 -8.84126276e-02 -2.82738745e-01 -1.30472124e-01 -1.31259233e-01
  1.55153841e-01 -9.63311419e-02 -5.12987897e-02  3.62388007e-02
 -1.98477432e-01 -1.34815037e-01  5.58597781e-03 -1.13597037e-02
 -1.00110210e-01 -1.45259768e-01  2.41354570e-01 -6.51465729e-02
 -1.10989317e-01 -1.75694562e-02 -1.85714103e-03  2.10079744e-01
  7.50063956e-02 -1.03590814e-02  1.15528181e-01 -8.51088464e-02
  1.78856939e-01 -1.77072987e-01  6.90715089e-02  2.36097097e-01
  1.33633688e-01  5.73096201e-02  1.64396167e-02 -1.89634547e-01
  2.26634461e-02  1.81802377e-01 -1.87314197e-01  1.47245750e-01
  4.10092250e-02 -3.71977910e-02  1.18839182e-02 -3.02061974e-03
  1.73317686e-01  1.21899992e-01 -8.47399309e-02 -1.89761564e-01
  1.42879516e-01 -1.52429804e-01  1.88694783e-02  1.22269005e-01
 -1.49675339e-01 -2.85578460e-01 -1.90523803e-01  9.95111763e-02
  4.71973628e-01  1.32288173e-01 -1.07229829e-01  4.99391705e-02
 -1.45983145e-01 -1.17835507e-01  5.01282625e-02  1.24859668e-01
 -5.57235628e-02  8.28560442e-04 -1.28208175e-01  7.97965601e-02
  1.83237493e-01 -4.31163684e-02 -2.30313763e-02  2.22707927e-01
  2.78990939e-02 -1.55643094e-03  4.96563315e-02  8.64253268e-02
 -1.44335642e-01  4.20051590e-02 -2.27994490e-02  6.51155561e-02
  4.79257554e-02 -1.00995533e-01 -9.21978150e-03  1.23859178e-02
 -1.15260139e-01  1.45309091e-01 -2.75917575e-02 -2.80918926e-02
 -7.70904049e-02 -9.83428955e-02 -7.53844827e-02 -4.89426292e-02
  1.31800964e-01 -3.06761622e-01  1.99319005e-01  1.16263933e-01
  9.38534662e-02  2.35388726e-01  1.97282061e-05  6.65543303e-02
  6.15536273e-02 -9.70153138e-02 -1.02945954e-01 -5.81803136e-02
  9.37001035e-03 -6.25341851e-03  2.98025087e-03 -2.23298129e-02]