[-0.10280637  0.14046183  0.06143885 -0.11829121 -0.1526172  -0.03402491
 -0.16623965 -0.10136248  0.14302351 -0.07754248  0.14691286 -0.05954284
 -0.25261813  0.10470837 -0.05572693  0.20824677 -0.15922843 -0.13520993
 -0.07592101 -0.1085958   0.05979175  0.09251414  0.01762109  0.17326607
 -0.08635198 -0.32446283 -0.03983072 -0.01077549 -0.0484058  -0.1284778
  0.00545946  0.11176766 -0.24401447  0.04719454  0.03615829  0.19676021
 -0.02199174 -0.09677746  0.18182305  0.10284735 -0.22967513 -0.03133024
  0.13309395  0.27429467  0.26026931 -0.00059403  0.05942108 -0.10043542
  0.14420927 -0.28024554  0.05728962  0.19050634  0.0654478   0.05963907
  0.08084887 -0.25581312  0.04615003  0.06013381 -0.11618212  0.02112641
  0.13657558 -0.08775755 -0.01092616 -0.11213605  0.28358391  0.09650756
 -0.11304878 -0.13291392  0.18434098 -0.14271802 -0.08243599  0.10966776
 -0.15133679 -0.14923716 -0.34665751 -0.01497853  0.36518687  0.08158603
 -0.1285847   0.10630929 -0.02052917 -0.03299313 -0.03144947  0.15087357
 -0.07266289  0.07871158 -0.07620899  0.14113437  0.27779573  0.001632
  0.04371665  0.27061129  0.01401013  0.01396778  0.03809232  0.09879351
 -0.10434419 -0.05358613 -0.17790616  0.01477589 -0.07053193 -0.07980739
 -0.0344221   0.09116778 -0.27174738  0.12189493 -0.03368105 -0.06195294
 -0.13680774 -0.01836723 -0.1347318   0.00233576  0.20149496 -0.25863528
  0.14265825  0.16344766  0.07901235  0.11918758  0.06503211  0.11879522
  0.00952321 -0.08651625 -0.14843866 -0.034222    0.03435457 -0.06162548
 -0.00531287  0.10471665]