[-0.0765716   0.15412855  0.10578419 -0.02782699 -0.12753391 -0.06450393
 -0.07266074 -0.0526497   0.06907231 -0.03702268  0.25549158 -0.09798905
 -0.16037874 -0.00547528 -0.06214924  0.15067682 -0.10490054 -0.14135982
 -0.0645427  -0.06846332  0.02411277  0.05837832 -0.01648045  0.03939561
 -0.07074589 -0.30662555 -0.07953857 -0.11220028 -0.00431017 -0.16881643
 -0.02808175  0.01565503 -0.1846762  -0.06108934  0.05073078  0.01286973
 -0.03327134 -0.04380664  0.20244342  0.07573615 -0.15203349  0.06013738
  0.07136486  0.30534106  0.11740282  0.08848456 -0.03807029 -0.02773141
  0.05424409 -0.21588941  0.13706091  0.20535509  0.17865182  0.05534605
  0.03877938 -0.06012277  0.03984725  0.02864838 -0.22587542  0.02720729
  0.18422194  0.00873661 -0.02875292 -0.08923604  0.24538381  0.17619063
 -0.10267083 -0.05678661  0.0521166  -0.14445874 -0.06933358 -0.02062237
 -0.10416573 -0.1162779  -0.2054742   0.07611701  0.37807     0.14302675
 -0.19470662 -0.02051319 -0.07338325 -0.02224041  0.02152011  0.01337487
 -0.1469204   0.01788514 -0.03133867  0.02596303  0.13161547 -0.00307286
 -0.00779179  0.19531219 -0.01982409 -0.00853355  0.05289239 -0.02626736
 -0.06650622 -0.06881428 -0.04041284  0.01353942 -0.07715494 -0.10395526
 -0.02965143  0.10630152 -0.19854021  0.09500061 -0.03678276 -0.04277054
 -0.03668949  0.13066404 -0.08548929 -0.13666737  0.0972869  -0.18433966
  0.15274765  0.11307722 -0.03459921  0.08163946  0.07260807  0.13191038
 -0.03450453 -0.00160149 -0.08414146 -0.11002953  0.06546681 -0.00118343
  0.06754791  0.02929785]