[-0.13056453 -0.00262104  0.12507221 -0.07799994 -0.07856099  0.02647897
 -0.01005524 -0.06606378  0.11546873 -0.13431327  0.15659684 -0.13430068
 -0.17688644  0.08059637 -0.08868681  0.20954463 -0.16152263 -0.11788814
 -0.11407716 -0.05224435  0.03259625  0.12564275 -0.11904214  0.10772265
 -0.15418519 -0.28756744 -0.04571295 -0.09911937 -0.05327173 -0.10020755
 -0.02664599  0.10565849 -0.07921465  0.03332588 -0.00326736  0.06288734
 -0.03028447 -0.10560587  0.20524244  0.09791023 -0.30824032  0.01407585
  0.08757322  0.31486049  0.22133879 -0.01251837 -0.03331947 -0.03328494
  0.19084774 -0.35639209 -0.06816859  0.13820058  0.08327029  0.12294949
  0.01268135 -0.09728248  0.02543449  0.05040447 -0.1759391   0.06341557
  0.10119836 -0.234909    0.09898889 -0.08177328  0.16784844  0.08271766
 -0.12042271 -0.09488944  0.12281592 -0.18655385 -0.08329184  0.05586573
 -0.09639663 -0.17397749 -0.28166601  0.0252427   0.35487899  0.14843924
 -0.1239579   0.03341249 -0.05347681 -0.00703801  0.10097642  0.18343742
  0.03598027 -0.03642969 -0.01275318  0.00920598  0.26756501 -0.06725431
  0.06150906  0.24636583 -0.01883967 -0.02011495 -0.00516913  0.09623217
 -0.12962836  0.04500914 -0.00325686  0.10855023 -0.01567165 -0.02126935
  0.12250559  0.09689824 -0.18181857  0.23751289 -0.08238088  0.00121028
  0.02776649 -0.01190967 -0.03290671 -0.0061694   0.17198886 -0.17829442
  0.09003334  0.14919579 -0.00963712  0.11784908  0.05145451  0.09927086
 -0.0675272   0.01899455 -0.19360828 -0.0453395   0.09987448 -0.03060495
  0.00836974  0.02125758]