[-1.13159053e-01  6.51866272e-02  1.04713701e-01 -1.21179670e-01
 -1.44850284e-01  3.97218354e-02 -5.71377762e-02 -1.28176928e-01
  2.31906876e-01 -1.74980834e-01  2.37340793e-01  3.27132680e-02
 -1.51723385e-01  7.45722726e-02 -7.13786483e-02  2.17953935e-01
 -1.91262692e-01 -1.06598735e-01  1.18137579e-02 -7.33411014e-02
  3.61778960e-02  6.27906770e-02  3.94361056e-02  8.32934398e-03
 -2.17810214e-01 -2.99781352e-01 -1.10289790e-01 -1.51930247e-02
 -1.05610704e-02 -2.65189558e-02  8.02636147e-02  9.80350375e-02
 -1.54393688e-01  1.06594548e-01  4.77556624e-02  1.39808983e-01
 -4.61943001e-02 -1.48125976e-01  1.79297462e-01  6.38205409e-02
 -2.73944914e-01 -8.31240788e-02  6.56888559e-02  2.69458115e-01
  1.33764699e-01 -7.04722628e-02  3.40023488e-02 -5.49113899e-02
  1.02842547e-01 -2.52041519e-01  1.96050778e-02  1.01864263e-01
  1.66304521e-02  4.60569598e-02  9.61741246e-03 -1.03788301e-01
  6.43703192e-02  1.59651548e-01 -1.69839084e-01 -1.85162369e-02
  1.23248443e-01 -8.57661292e-02 -2.46974546e-03 -8.90104398e-02
  2.34290585e-01  1.53179348e-01 -2.00047016e-01 -1.48484528e-01
  1.11984216e-01 -1.02134496e-01 -8.05499256e-02  8.01132321e-02
 -1.85618907e-01 -2.34231114e-01 -3.07679325e-01  1.07786432e-03
  5.33615530e-01  1.80265203e-01 -9.08426866e-02 -4.98531107e-03
 -3.90867330e-02 -1.28067024e-02  4.31792140e-02  2.36157700e-01
 -2.98966095e-03  4.19217460e-02 -4.13129926e-02  5.81338257e-02
  2.47740865e-01 -3.29964235e-02 -9.53802913e-02  2.46846646e-01
 -1.32255564e-02  3.56358774e-02 -1.07767180e-01  6.82619959e-02
 -9.53451395e-02  1.88720021e-02 -8.82482678e-02 -4.83130403e-02
 -5.98522052e-02  3.27644907e-02  1.07949702e-02  2.08656922e-01
 -2.16534659e-01  2.64733613e-01  5.48467133e-03 -2.14044824e-02
  1.83172598e-02  5.54264225e-02 -5.94357401e-02 -4.77006882e-02
  1.15888357e-01 -2.43610382e-01  7.25908056e-02  2.04594418e-01
  8.96271095e-02  1.71507269e-01  1.00285336e-01  7.16574341e-02
  2.50024721e-02 -5.67585230e-05 -1.78212211e-01 -3.75662372e-02
 -1.55019443e-02 -9.11258981e-02  7.60590732e-02  2.54100915e-02]