[-0.15004048  0.03965081  0.07615824 -0.03918151 -0.09867083 -0.07914838
 -0.06631815 -0.01510802  0.05999492 -0.10988557  0.15621874 -0.04358394
 -0.23626591  0.03191077  0.00516814  0.07700713 -0.13734978 -0.13578312
 -0.05907448 -0.16925988 -0.03132453  0.06886452 -0.02531144  0.06126628
 -0.11509218 -0.30084792 -0.10307362 -0.0888909   0.0831888  -0.1419486
  0.00504404  0.09235507 -0.06323516  0.01734428  0.06171075  0.10804114
 -0.03598858 -0.09672627  0.23104092  0.04789206 -0.13384889 -0.04281259
 -0.00131717  0.36457139  0.18907857  0.059289    0.03693168 -0.10180937
  0.19680317 -0.26912957  0.17046802  0.16913019  0.09634384  0.03518215
  0.13655387 -0.09961124 -0.01617077  0.05405286 -0.07035237  0.0867383
  0.0617935  -0.05880343  0.00732062 -0.16138661  0.13171577  0.05345045
 -0.08921365 -0.10636228  0.12705262 -0.22352691 -0.17681001  0.11062327
 -0.09987565 -0.12537216 -0.32589403  0.02259714  0.33519512  0.21360847
 -0.11765738  0.02470131  0.00897804 -0.06664056  0.12743701  0.13259391
 -0.14941472 -0.02980627 -0.0627521   0.05504018  0.30059421 -0.01711364
 -0.14222774  0.1173081   0.00661003  0.0943637   0.03153805  0.01166095
 -0.0663427  -0.09405125 -0.11582775 -0.05634689  0.1033071  -0.01479401
 -0.050934    0.14114845 -0.17556754  0.14962663 -0.02248016 -0.03188265
 -0.02562699  0.01016578 -0.17743918  0.01809019  0.17987819 -0.20303993
  0.11367743  0.196318    0.06999027  0.08780029  0.1232962  -0.02273379
 -0.00547076 -0.07262922 -0.13273111 -0.09975582  0.09506035  0.07518438
  0.04830984  0.00960181]