[-0.09586126  0.11496834  0.03933633 -0.128506   -0.22452857  0.06374559
 -0.05948973 -0.07654019  0.23028888 -0.16274905  0.1755328  -0.01051928
 -0.15923162  0.0363936  -0.06656807  0.19600306 -0.2541084  -0.08903768
 -0.06608051 -0.05523675 -0.01925086  0.10053102 -0.00446209  0.0675416
 -0.18045075 -0.39103028 -0.0384711  -0.08406576 -0.01506449 -0.06975534
 -0.00470648  0.08722861 -0.12344173  0.03106417  0.01683907  0.06702313
 -0.16029185 -0.14338282  0.17749687  0.08406664 -0.17165372 -0.01273528
  0.08924268  0.29183635  0.18267101 -0.01409402  0.05894015 -0.08080819
  0.18325381 -0.30110624  0.01307161  0.11339811 -0.04376834  0.07998202
  0.13811544 -0.1418781   0.01257528  0.0935817  -0.14313492  0.02289381
  0.0532916  -0.07037024 -0.09248166 -0.11711755  0.22837788  0.15481253
 -0.08514702 -0.11509928  0.20108458 -0.09781014 -0.11518168  0.00724221
 -0.10274131 -0.18448435 -0.23700273 -0.00144449  0.36405799  0.21895845
 -0.10966677 -0.01424089 -0.0079827  -0.03423606  0.04602638  0.13520995
 -0.04146726 -0.041551   -0.05736741  0.10859802  0.18905878 -0.04166394
  0.00482051  0.25304753  0.06797693 -0.04250971 -0.01045672  0.02614615
 -0.19479609  0.02024479 -0.17797159 -0.05195414  0.13372105  0.00587546
  0.00963783  0.14570619 -0.20453785  0.23502117 -0.00840101 -0.07931217
  0.00748218 -0.05702203 -0.0929134   0.04707556  0.15077521 -0.17872433
  0.15100701  0.11838821  0.08292712  0.20398687  0.06633693 -0.00775602
 -0.02722562 -0.05349262 -0.18167253 -0.10252915  0.0287587  -0.01241523
  0.00686887  0.0355145 ]