[-5.36468215e-02  4.59994301e-02  9.78098288e-02 -1.37371629e-01
 -1.62084684e-01 -1.42903328e-02 -8.69967043e-02 -9.71389487e-02
  9.80958864e-02 -1.86343879e-01  1.99822724e-01 -8.13914910e-02
 -5.99154904e-02  8.75682309e-02 -7.17950091e-02  2.30236739e-01
 -2.14395747e-01 -1.00015521e-01 -8.51906985e-02 -6.64740726e-02
 -1.09791374e-02  4.74765524e-02 -6.63966732e-03  7.40855858e-02
 -7.33830184e-02 -3.38512838e-01 -4.13802080e-03 -5.45594282e-03
  4.95962687e-02 -4.33100648e-02  3.25422734e-05  1.08865812e-01
 -2.12717637e-01  6.96390867e-02  5.25438599e-02  8.35981518e-02
 -2.03495808e-02 -3.40981074e-02  1.62341148e-01  5.45626041e-03
 -2.32878655e-01  4.03138548e-02  1.24059737e-01  2.42191032e-01
  2.28375271e-01  5.62661216e-02  3.18479091e-02 -1.50182635e-01
  1.77243978e-01 -2.67928720e-01  6.27704710e-02  9.67247784e-02
  2.16606725e-02  2.16883831e-02  4.45959866e-02 -1.38464555e-01
  2.13543735e-02  1.10960551e-01 -1.39214292e-01  4.25034501e-02
  9.52449143e-02  4.75376062e-02 -4.67645936e-04 -1.46090448e-01
  2.78189242e-01  9.33013782e-02 -1.27598301e-01 -1.59698322e-01
  1.48129642e-01 -1.39711320e-01 -6.99227229e-02  3.47639918e-02
 -1.37139738e-01 -1.70852467e-01 -2.99118400e-01 -3.42402682e-02
  3.57187331e-01  1.63214564e-01 -1.13375492e-01  6.74308240e-02
  1.75832445e-03 -4.72877920e-02  5.94820008e-02  1.49183422e-01
 -6.13788888e-02  2.65176222e-02  2.66099796e-02  1.02069482e-01
  2.56438851e-01 -2.20024940e-02 -2.44504632e-03  2.42102921e-01
 -2.26431377e-02 -3.10784318e-02 -9.17646438e-02  1.97347626e-02
 -1.30681127e-01  2.93315947e-02 -2.06582993e-01 -6.85664341e-02
 -4.33492400e-02  6.97283298e-02  2.86495537e-02  2.02184200e-01
 -2.81398058e-01  2.29842901e-01 -1.18951268e-01 -2.20360421e-03
 -4.28167358e-03  3.98221873e-02 -4.84028533e-02 -2.43863855e-02
  1.27128184e-01 -1.56679526e-01  1.17700338e-01  1.82557106e-01
  1.48503467e-01  9.16531533e-02  9.07218084e-02  1.43881217e-02
  6.34574294e-02  2.00669561e-02 -2.32111186e-01  1.19386446e-02
  7.21811131e-02 -1.28637046e-01  5.52307889e-02  6.89427778e-02]