[-0.04946625  0.11309717  0.0406994   0.0434496  -0.04501598 -0.02803945
 -0.0344608  -0.0470757   0.15196319 -0.05921162  0.18254745 -0.04217569
 -0.27539033  0.00215703 -0.01986566  0.12333078 -0.16996735 -0.06062523
 -0.08234432 -0.08265638  0.10529224  0.06107976  0.03843854  0.06227002
 -0.14551812 -0.34057796 -0.02487837 -0.10548114  0.00842605 -0.11136185
 -0.00491743  0.10613841 -0.1164282  -0.02269551 -0.01746265  0.0237175
 -0.05476345 -0.00721891  0.22267465  0.09840003 -0.17792341  0.04916038
 -0.06237106  0.33768767  0.21347016  0.06245475  0.05474329 -0.1050531
  0.10517246 -0.36936393  0.02972435  0.1723614   0.04195021  0.04686159
  0.05931566 -0.19956674 -0.04568133  0.05789176 -0.13024655  0.17220293
  0.04204489 -0.11434706  0.04472324 -0.04113938  0.18335974  0.04656015
 -0.11557066 -0.00140152  0.11006786 -0.16875742 -0.05235352  0.08415557
 -0.10553004 -0.25631887 -0.3376421   0.0593247   0.41488361  0.12593147
 -0.17480582 -0.03293157 -0.04588556  0.02560764  0.13791692  0.1079235
 -0.11431757 -0.06867786 -0.08946285  0.06329768  0.25668904 -0.06093268
 -0.08452573  0.29024184  0.00711731  0.07014754  0.02978029  0.06102646
 -0.05036059 -0.04795729 -0.1336261   0.01872483  0.05583476 -0.16010971
 -0.00769034  0.09107878 -0.19776888  0.09700293 -0.02303983 -0.04678385
  0.00771724  0.03180341 -0.19196628 -0.01085797  0.22687602 -0.20678057
  0.2068356   0.27439201  0.07805143  0.14225736  0.07081889  0.04289876
 -0.02732254 -0.02710111 -0.10918611 -0.03443373  0.07936686  0.05155944
 -0.01255725 -0.00377768]