[-1.63063809e-01  1.08114339e-01 -3.88997141e-04 -4.88388091e-02
 -1.81337073e-01 -5.58930077e-02 -1.00203874e-02 -1.04861334e-01
  1.40652895e-01 -7.49962553e-02  2.41240144e-01 -6.25509843e-02
 -2.56895185e-01 -1.30393460e-01  1.04486473e-01  1.41483009e-01
 -7.00897276e-02 -1.79774716e-01 -8.13262761e-02 -3.80391888e-02
  1.35776075e-02 -3.00008748e-02  5.90169318e-02  1.39254168e-01
 -5.99161349e-02 -4.06439334e-01 -1.03875861e-01 -4.03001830e-02
 -1.30340736e-02 -1.40211657e-01 -2.63722129e-02  8.56678858e-02
 -1.53733909e-01 -9.64203924e-02  4.38424200e-02  1.16228186e-01
 -1.59911036e-01 -3.66700813e-02  2.90988743e-01 -5.20798750e-03
 -2.43719488e-01 -3.27572748e-02  4.86968793e-02  2.93785423e-01
  1.70378551e-01  1.96621884e-02  2.59352606e-02 -3.88517827e-02
  1.78447053e-01 -2.38761976e-01  6.16476983e-02  2.20920205e-01
  1.80523887e-01  2.89946869e-02  6.40060902e-02 -1.04615495e-01
  2.29496174e-02  1.60919830e-01 -2.76125908e-01  4.70639952e-02
  9.08180326e-02 -1.70670167e-01 -2.27351971e-02 -1.28276065e-01
  2.22490236e-01  1.62879750e-01 -1.24360949e-01 -1.54271603e-01
  1.00120388e-01 -1.47026092e-01 -7.30934814e-02  1.35881484e-01
 -1.69072986e-01 -2.58219600e-01 -3.35336775e-01  4.16374058e-02
  3.57903928e-01  1.35362133e-01 -1.13650739e-01 -5.76862581e-02
 -4.01785597e-03 -6.27822280e-02 -1.88027415e-02  8.40256363e-02
 -1.42064616e-01 -2.83957832e-02 -1.21228330e-01  6.71248958e-02
  1.82770461e-01 -1.11606363e-02 -6.26114905e-02  2.00513110e-01
  3.03409770e-02  1.36821896e-01  1.60886999e-02  6.57322109e-02
 -6.84238076e-02 -2.75253430e-02 -1.47973463e-01  6.04327954e-02
 -6.48772195e-02 -1.34236470e-01  2.55007334e-02  3.86273116e-02
 -1.48034185e-01  1.69932410e-01 -1.48399528e-02  1.55520365e-02
 -1.77208677e-01 -2.72655003e-02 -1.62535056e-01  1.11555923e-02
  9.91988778e-02 -2.70056874e-01  2.21748665e-01  1.70533910e-01
  8.60531107e-02  1.26742750e-01  8.13683122e-02 -1.64161790e-02
 -2.30954513e-02 -9.99940783e-02 -1.28165111e-01 -3.92092466e-02
  1.23192348e-01 -1.10877752e-02  1.27989754e-01  4.41992283e-02]