[-1.16291270e-01  7.24552795e-02  4.96019088e-02 -4.16109711e-02
 -1.10481404e-01  5.76701872e-02 -7.19644427e-02 -7.54131600e-02
  1.23511195e-01 -2.32816152e-02  2.86258668e-01 -1.84133928e-02
 -2.43119419e-01 -7.01187178e-02 -2.11591255e-02  1.24854021e-01
 -1.38179436e-01 -1.11091770e-01 -1.04726674e-02  4.15271483e-02
  9.82489064e-02  1.04970992e-01 -1.20582946e-01  5.94080202e-02
 -1.19421743e-01 -3.67586315e-01 -5.75348958e-02 -9.98079181e-02
  8.74596369e-03 -8.85606110e-02 -5.09021841e-02  1.23763941e-01
 -5.00576943e-02  7.99532793e-03  9.25648212e-02  8.06309506e-02
 -1.03261560e-01 -2.71803867e-02  1.57189488e-01  3.48313712e-02
 -2.16600806e-01 -1.76939517e-02  2.86658704e-02  2.67326117e-01
  1.65933475e-01  4.25677747e-02  2.58141328e-02 -6.62991479e-02
  1.08576261e-01 -2.99722046e-01  6.44772202e-02  2.08904222e-01
  1.81552440e-01  1.21948354e-01  6.48562312e-02 -2.02090591e-01
 -7.71365315e-02  8.04840550e-02 -1.89494565e-01  8.97787139e-02
  1.97204463e-02 -1.49944082e-01 -1.77158229e-02 -1.33433193e-01
  1.15317285e-01  1.00333080e-01 -1.61854267e-01 -1.28296062e-01
  1.37978390e-01 -1.45372599e-01 -1.41878471e-01  7.04628825e-02
 -1.31086215e-01 -2.66218990e-01 -2.49455824e-01  7.62660056e-02
  3.30035776e-01  1.80127069e-01 -2.82808214e-01 -5.64961843e-02
  1.32246651e-02 -3.13158929e-02  5.30310050e-02  8.43430907e-02
  1.36671253e-02 -9.43930000e-02 -8.45292062e-02 -7.72897080e-02
  2.01135382e-01 -6.81918859e-02  3.22861522e-02  2.44821340e-01
  2.82655470e-03  6.92031980e-02  2.14102827e-02  9.55918357e-02
 -4.07922417e-02 -2.19475944e-04 -8.30123723e-02 -1.31707378e-02
 -3.42446007e-02 -7.55304024e-02  1.05970092e-02  1.14370726e-01
 -1.32363826e-01  2.44409293e-01  1.96663514e-02  1.64375138e-02
  4.14883206e-03 -2.01652423e-02 -8.51896927e-02 -4.03699689e-02
  1.78550214e-01 -2.12787002e-01  2.14942187e-01  1.51234314e-01
  9.91225541e-02  1.79671928e-01  5.09510785e-02  7.20820725e-02
 -2.02565417e-02 -1.02565572e-01 -1.75202340e-01 -1.11795671e-01
  6.41348585e-02 -2.34451499e-02 -8.92509967e-02 -1.78275183e-02]