[-0.16401139 -0.00366083  0.06745127 -0.12995248 -0.22846325 -0.03297283
 -0.04494752  0.01737785  0.17325705 -0.12598765  0.11304685 -0.05446922
 -0.13781641  0.09328996 -0.09037717  0.13310777 -0.10885908 -0.15865788
 -0.09846473 -0.1317317   0.04217612  0.13102792 -0.02313291  0.07672091
 -0.13639352 -0.31634232 -0.08830941 -0.08388256  0.0511875  -0.1116619
  0.04270107  0.07851726 -0.10942961  0.00772669  0.08327504  0.10324802
  0.02542405 -0.06266312  0.18060499  0.05055232 -0.23897016  0.05975315
  0.08551007  0.32989475  0.23292416  0.06874021  0.01038458 -0.10695511
  0.13739295 -0.22011404  0.06772982  0.16915463  0.007598    0.01736888
  0.11035746 -0.15895581  0.02602076  0.17704372 -0.19101135  0.05681549
  0.03059907 -0.09235669  0.01048618 -0.10534295  0.19611944  0.05251838
 -0.08734513 -0.19620995  0.22226438 -0.1712289  -0.06093847  0.10338318
 -0.17561527 -0.13626185 -0.21473433  0.0062892   0.43177328  0.17290847
 -0.10705616  0.13379167 -0.07212987 -0.00646296  0.02361091  0.11562342
 -0.01838611 -0.06928018 -0.06297556  0.0460554   0.2082983  -0.02222472
 -0.00986248  0.14840141  0.03424008 -0.05107298 -0.00115329  0.02687984
 -0.19738293 -0.00475799 -0.12402629 -0.09561382 -0.03222718 -0.0026118
  0.02057594  0.11232997 -0.24071899  0.20496686 -0.04991642 -0.0781728
 -0.12896267 -0.00809554  0.01348861  0.06021428  0.1710058  -0.23742342
  0.18996173  0.18714373  0.0955687   0.21616371  0.05928235  0.01501952
  0.02833417 -0.01419959 -0.15092693 -0.05168908 -0.01083504 -0.04425108
  0.07623301  0.09143542]