[-3.32152918e-02  2.34880373e-02  6.26268089e-02 -3.31385471e-02
 -1.30868256e-01 -2.35982239e-02 -9.26640704e-02 -8.89823884e-02
  1.15730025e-01 -1.29927948e-01  2.14812934e-01 -8.42899978e-02
 -2.46598303e-01  1.23572005e-02 -6.25681207e-02  2.13890225e-01
 -1.27242684e-01 -8.32297802e-02  3.23484614e-02  3.72782610e-02
  2.66929548e-02  2.00819820e-02  4.14622650e-02  7.64961615e-02
 -8.79659951e-02 -3.97295773e-01 -1.32457137e-01 -6.92376867e-02
 -1.19317904e-01 -7.49418214e-02 -1.08294159e-01  6.73702508e-02
 -1.39320135e-01  1.82740185e-02  4.25185338e-02  1.26455165e-03
 -2.12132707e-02 -7.95511305e-02  2.16505975e-01  8.51380602e-02
 -2.94799954e-01  6.88517513e-03  5.54701202e-02  2.84045637e-01
  1.31350398e-01 -2.52653211e-02  3.08400188e-02 -1.25439882e-01
  9.39996764e-02 -1.94162428e-01  5.45514226e-02  1.19503155e-01
  5.29137887e-02 -1.46155767e-02 -4.98022586e-02 -9.21637341e-02
 -2.75826994e-02  1.54719323e-01 -1.50413528e-01  2.91628074e-02
  8.87523219e-02 -9.10858288e-02 -4.15963903e-02 -8.55613649e-02
  2.51771748e-01  1.51611179e-01 -1.27450973e-01 -1.68994173e-01
  1.30778149e-01 -1.45711154e-01 -6.78979531e-02 -5.69812907e-03
 -1.58668533e-01 -2.37896949e-01 -2.86813915e-01 -4.59695607e-03
  3.87385160e-01  8.99725854e-02 -1.93047211e-01  8.09415653e-02
 -1.20119333e-01 -1.44870132e-02  1.18419625e-01  2.02420965e-01
  3.82544212e-02  6.92958385e-02 -3.46799754e-02  8.09671264e-03
  2.53688812e-01 -1.18082188e-01  1.27292536e-02  2.57976562e-01
 -6.14918768e-03  6.66082278e-02  3.86331491e-02  3.89298750e-03
 -5.22217304e-02  9.52071976e-03 -1.69048294e-01 -1.07083470e-04
 -7.22802207e-02 -7.17675090e-02  1.20575717e-02  1.11351609e-01
 -2.88766474e-01  1.08529568e-01  5.36369719e-02 -5.06472997e-02
  8.80296901e-02  5.27845994e-02 -8.83740410e-02 -1.54664263e-01
  1.14208952e-01 -2.82087952e-01  1.18987173e-01  1.58911750e-01
  1.27050593e-01  1.61700442e-01  7.84575716e-02  9.15245563e-02
  9.87243745e-03 -6.25095591e-02 -2.00919002e-01  3.85137089e-02
  1.21439897e-01  2.83640809e-02  1.67206805e-02  1.27085885e-02]