[-0.12823451  0.05991683  0.0077462  -0.05509788 -0.02040852 -0.04942459
 -0.07189147 -0.08093239  0.1657472  -0.08414582  0.20015649 -0.07038285
 -0.20229922 -0.0768685  -0.01002161  0.10070425 -0.12766176 -0.13371933
 -0.11003196 -0.14436749  0.00222389  0.07332454  0.00161427  0.07861874
 -0.23187251 -0.31221309 -0.09436513 -0.16329016 -0.00933724 -0.08745223
 -0.02362831  0.05354822 -0.18628074 -0.05906221  0.10306508  0.15531141
  0.0112734  -0.06370907  0.19945048  0.01747539 -0.03760916  0.01915415
  0.08585346  0.2767086   0.09479211 -0.00746935  0.0767692  -0.06349799
  0.18747379 -0.18911347  0.1108      0.11687621  0.13328664  0.0774809
  0.1939128  -0.169457    0.00675827  0.16564138 -0.11713275  0.11388549
  0.01285373  0.03546907 -0.11385839 -0.04429799  0.21331258  0.10628526
 -0.13155195 -0.11405538  0.19033262 -0.0414581  -0.02767087  0.08973252
 -0.12663057 -0.14251223 -0.20994771  0.07000349  0.45727929  0.09128393
 -0.2325276   0.05713189 -0.0750343  -0.06308078  0.01587212  0.01179718
 -0.09474917  0.02988941 -0.07626402  0.13227481  0.22516799  0.06220911
 -0.03273345  0.14853327 -0.00584023  0.05464084  0.0414871  -0.01412575
 -0.14401528 -0.06593592 -0.10194054 -0.03293788  0.11633242 -0.0467183
 -0.06453746  0.0749069  -0.1721772   0.14948009  0.03880861 -0.06050728
 -0.06161176  0.07726836 -0.11592703  0.06875619  0.14493017 -0.30050862
  0.18489672  0.07305172  0.02241715  0.15369067  0.02392747  0.00323175
  0.04387225 -0.00236231 -0.16312604 -0.1524401   0.03531681  0.01447546
  0.04901776  0.02722921]