[-0.12166036  0.0099901  -0.02181767 -0.09952206 -0.19573131 -0.02178669
  0.08211775 -0.04418645  0.1193143  -0.05023175  0.22451298 -0.10529885
 -0.25782132 -0.03122607 -0.05744974  0.11072376 -0.03388926 -0.13934873
 -0.11237531 -0.06166726  0.06103429  0.02156593 -0.091112    0.12480086
 -0.09842697 -0.28179821 -0.09646495 -0.16482443  0.01270747 -0.14884396
  0.02193219  0.03470538 -0.10698772 -0.0676962   0.00854531 -0.01111333
 -0.10291702 -0.10483451  0.22396345 -0.00356824 -0.23583031 -0.05426174
  0.08154146  0.27473694  0.1608226  -0.01040597  0.04493712 -0.08194252
  0.09709984 -0.27069321  0.00188319  0.11558287  0.1283666   0.07267532
  0.03165007 -0.10164052  0.04219127  0.16919015 -0.31778461  0.12741761
  0.00551857 -0.15353656 -0.062475   -0.01690357  0.23218454  0.11443764
 -0.12865008 -0.14906311  0.23577921 -0.25181988 -0.10479309  0.09761162
 -0.05952508 -0.25704172 -0.2256127   0.07963547  0.42590719  0.16167501
 -0.1866776   0.06429426 -0.0778446  -0.06850714  0.09962676  0.09654316
 -0.02724826 -0.06801328 -0.10672612  0.00285512  0.25501391 -0.09877069
  0.02735438  0.25000441  0.03589532 -0.01415363  0.06156432  0.11853674
 -0.08897216  0.04373864 -0.04378316  0.04099885  0.09000234 -0.12499489
  0.03492548  0.03648902 -0.17000563  0.18595989 -0.01679035 -0.06172651
 -0.08288845 -0.12916325 -0.06071058  0.01222538  0.18895794 -0.26011273
  0.22248036  0.13732719  0.05975706  0.15866284  0.07730969 -0.0254699
  0.08646239 -0.14851776 -0.18939152 -0.05046065  0.1059854  -0.06282543
  0.02209349  0.02111075]