[-0.12443353  0.08301187  0.00422551 -0.05793837 -0.12522489 -0.02332223
 -0.03455088 -0.07003596  0.15161838 -0.04217877  0.1987116  -0.04767094
 -0.24667713 -0.03007688 -0.05497598  0.07156172 -0.04893039 -0.14176989
 -0.04058855 -0.08477251  0.04052691  0.09263639 -0.0413435   0.04258647
 -0.15885441 -0.3121497  -0.05861763 -0.09071196  0.04753046 -0.01517126
  0.03074133  0.16254416 -0.12180777 -0.04250646  0.0599391   0.08554234
 -0.0992868  -0.09722538  0.24056673  0.04664099 -0.13417257 -0.05371789
  0.02911661  0.30129939  0.08585927 -0.01254353  0.07227729 -0.09622449
  0.14459787 -0.31016737  0.15196238  0.15815745  0.11851173  0.09114042
  0.11603494 -0.19432572  0.05470604  0.18765917 -0.21950349  0.13100661
  0.04849222 -0.06175327 -0.08548757 -0.1166604   0.21081494  0.16510446
 -0.06210954 -0.0978848   0.25945723 -0.08689576 -0.08521435  0.13979696
 -0.07964274 -0.20325668 -0.19996142  0.12579781  0.34973875  0.21951759
 -0.17437448 -0.00415911 -0.01879301  0.01636874  0.0952742  -0.03694938
 -0.14178708 -0.11308427 -0.10077339 -0.02810558  0.26104644  0.03930907
 -0.09165382  0.23888206  0.07249977  0.01969203  0.08605532  0.02222051
 -0.06714785 -0.0439098  -0.13439861 -0.03238446  0.14347993 -0.14421961
 -0.03345796  0.12996124 -0.19425154  0.18309072 -0.00550649 -0.01775267
  0.02137272 -0.04635253 -0.09935699  0.04621074  0.1891652  -0.21773463
  0.22549154  0.04329224  0.12583748  0.20476723  0.09756651  0.01836323
  0.00583347 -0.15128355 -0.17646445 -0.12159802  0.135005   -0.01008554
 -0.01543152  0.07363758]