[-0.12710494  0.00916899  0.02202553 -0.03547857 -0.12689155  0.01864536
  0.03831962 -0.04253796  0.20238976 -0.1786387   0.1800575  -0.06816279
 -0.27156079  0.02878166 -0.10077036  0.25891513 -0.11877933 -0.17131567
 -0.09086163 -0.06519964 -0.05257807 -0.01389749  0.00930238  0.18022957
 -0.07213173 -0.37881798 -0.01064686 -0.08466585 -0.05392427 -0.11247694
  0.00900114  0.08828558 -0.14279824 -0.01610943  0.04305309  0.10582464
 -0.09605801 -0.10393076  0.27324775  0.07037134 -0.2940791  -0.05693674
  0.09952406  0.32199803  0.1759508  -0.04130293  0.0043158  -0.03751733
  0.17702782 -0.36630791 -0.01490622  0.10492621  0.04116416  0.03913052
  0.10082162 -0.13141355  0.01573423  0.12916838 -0.19847143  0.05674503
  0.02730372 -0.06237426 -0.01288064 -0.08630915  0.19891977  0.13363793
 -0.11411233 -0.18055493  0.24628179 -0.25684541 -0.01953406  0.14263287
 -0.03644232 -0.23382647 -0.20948341 -0.01765107  0.4155634   0.22591747
 -0.04932049  0.04001959 -0.03187285 -0.08759609 -0.00811997  0.15124416
 -0.00216138  0.04612238 -0.03498309 -0.01460316  0.20929927  0.07081322
 -0.03093395  0.27394506 -0.0109926  -0.04489664  0.06357248  0.05091465
 -0.15745403  0.00525295 -0.19856757 -0.07003528 -0.0469242  -0.08847334
  0.06784821  0.0313984  -0.22769506  0.1922047  -0.11776903  0.00934865
 -0.01135585  0.09366512 -0.12114079  0.04111167  0.16843501 -0.25667968
  0.13146718  0.14043127  0.09210948  0.09920427  0.09473141  0.00324774
  0.03977771 -0.0746669  -0.17980126 -0.09342739  0.00237551 -0.11215299
  0.06139937  0.02135593]