[-1.32444680e-01  6.01383075e-02 -1.60123743e-02 -3.56380157e-02
 -8.79849270e-02  1.08345654e-02 -4.30753008e-02 -1.35098219e-01
  1.32187843e-01 -8.35896134e-02  2.69865245e-01 -1.13002047e-01
 -2.10531369e-01 -7.54159912e-02 -1.36567056e-01  1.66155919e-01
 -2.61720836e-01 -1.06264882e-01  6.03975058e-02 -4.23583351e-02
  1.30933493e-01 -1.19643519e-02 -1.50872478e-02  6.07966967e-02
 -1.38713449e-01 -3.14927757e-01 -8.93127248e-02 -1.31145284e-01
  6.84202835e-02 -6.39374275e-03 -1.95639953e-02  6.23562410e-02
 -1.95942029e-01 -5.44419251e-02  2.88540311e-02  1.20552201e-02
 -1.26119591e-02 -2.51580514e-02  2.06962422e-01  2.77830809e-02
 -1.55133799e-01  5.94568662e-02  3.60891372e-02  2.48865470e-01
  1.04625046e-01  1.21505581e-01 -6.96722418e-05 -1.25593722e-01
  1.20817542e-01 -1.76069096e-01 -3.06624323e-02  1.62261099e-01
  1.29686087e-01  1.67362895e-02 -2.87242327e-02 -1.03506967e-01
  1.35042369e-02  8.26932788e-02 -1.75420254e-01  6.79841191e-02
  5.40677942e-02 -1.15433961e-01  4.18180227e-02 -9.64696184e-02
  2.46254265e-01  3.18378918e-02 -1.03110850e-01 -1.20885849e-01
  1.75662979e-01 -1.06037930e-01 -1.15719028e-01  6.40742183e-02
 -8.63323212e-02 -1.85016409e-01 -2.93970466e-01  3.57499085e-02
  4.29340631e-01  1.23437449e-01 -1.21585436e-01  7.75027797e-02
 -3.86661254e-02 -2.07696315e-02  1.27155319e-01  1.43872917e-01
 -4.79532182e-02 -3.33520472e-02 -5.54173179e-02 -6.03218824e-02
  2.20074713e-01 -5.84307350e-02 -5.77264279e-02  2.00224161e-01
 -3.44207287e-02  1.20327145e-01  1.49040837e-02 -5.28361741e-03
 -8.55039805e-02  3.73422056e-02 -4.04487513e-02  2.42604688e-03
 -8.53993371e-03 -2.67986413e-02  3.90688926e-02  9.88018140e-02
 -1.39450014e-01  7.43075907e-02 -5.66229895e-02 -1.82540789e-02
 -2.00095214e-02  2.78108008e-02 -8.70939791e-02 -4.61365655e-03
  9.29186195e-02 -3.04312199e-01  2.27125138e-01  1.65875912e-01
  8.04106593e-02  1.45163432e-01  1.28568262e-01  2.43510175e-02
 -1.45018883e-02 -2.13054847e-03 -2.01087445e-01 -1.09614879e-01
  1.37788460e-01 -7.24049062e-02  1.13320909e-01 -2.34601907e-02]