[-0.10765727  0.09372373  0.04619239 -0.07495113 -0.06623379 -0.07780714
 -0.07009061 -0.10709655  0.15857428 -0.07778472  0.12192829 -0.04440019
 -0.19990326 -0.06235827 -0.01705181  0.15393922 -0.10136881 -0.18197285
 -0.01203036 -0.1297047   0.06047799  0.05432874 -0.03221311  0.04712812
 -0.15024143 -0.2637791  -0.11985892 -0.10451969 -0.02027652  0.00275731
 -0.051544    0.07315237 -0.17968598 -0.07555051  0.07625831  0.11201396
  0.00429444 -0.02820638  0.13858373  0.07813191 -0.12731852 -0.04663733
  0.11294982  0.27646986  0.13447908  0.02250636  0.04696264 -0.07076652
  0.09639784 -0.22126184  0.13499776  0.15871108  0.05815357  0.10365088
  0.08442161 -0.17130913  0.08614026  0.08025366 -0.22102872  0.06136433
  0.11419851 -0.00659142 -0.152831    0.01479116  0.24969865  0.20073235
 -0.11616462 -0.17290364  0.14105792 -0.12487561 -0.10741322  0.01736532
 -0.16487999 -0.08961689 -0.34066623  0.0465486   0.43428096  0.09503103
 -0.16433689  0.09027985 -0.04936658  0.00837858  0.11094894  0.06124238
 -0.12478511  0.08591491 -0.07175854  0.07663608  0.13698894  0.03215685
 -0.07832361  0.16262747  0.01380171  0.06519697  0.07640191  0.11585002
 -0.0710767  -0.08949783 -0.17035812 -0.08892408  0.12171609 -0.0220781
 -0.03277625  0.15885969 -0.19441549  0.14627671  0.02771944 -0.0229937
 -0.08987279  0.01175109 -0.10176826  0.00475636  0.09475413 -0.17536563
  0.14549251  0.11038646  0.00615742  0.10109542  0.09797885  0.00704203
  0.0013317  -0.07024782 -0.144062   -0.07710297  0.04151379  0.0204108
  0.05440615  0.07372083]