[-0.15908575  0.05101642 -0.01137428 -0.07460275 -0.16120854 -0.08348062
 -0.02886137 -0.0666969   0.13226257 -0.09486476  0.18700065  0.0189882
 -0.26343641 -0.08056665  0.0180578   0.08884105 -0.13494164 -0.15853411
 -0.05716857 -0.08062399  0.00051156 -0.05284438 -0.04250967  0.06756161
 -0.12290722 -0.25015014 -0.12194321 -0.07525221  0.08455062 -0.09012818
 -0.00345336  0.0833278  -0.09583525 -0.04587423  0.07218465  0.09246686
 -0.10004351 -0.06295086  0.27729803 -0.01111617 -0.11512636 -0.05607894
  0.09039284  0.23664242  0.21055062  0.07314544  0.03573648 -0.08960398
  0.23143502 -0.25945526  0.0509522   0.17977223  0.18284017  0.04920939
  0.08936568 -0.21186313  0.03950046  0.18505168 -0.24216814  0.08168551
  0.01596548 -0.10264646 -0.12349609 -0.07619801  0.21854854  0.126182
 -0.13706955 -0.14989084  0.24299203 -0.21231551 -0.07463375  0.09846441
 -0.10645625 -0.19050154 -0.21616001  0.05205923  0.35864958  0.20414907
 -0.09619505  0.02750877  0.0044051  -0.09080338  0.00370183  0.03778211
 -0.22306648 -0.1197685  -0.08770834 -0.03215906  0.2135424   0.02593583
  0.03388157  0.167612    0.07060504  0.11917885  0.010093   -0.05885443
 -0.11194609 -0.04124657 -0.11638379 -0.03369803  0.02317896 -0.15145849
  0.044176    0.10175364 -0.13768181  0.11604526 -0.0303403  -0.00495919
 -0.08036485 -0.02049137 -0.15029778 -0.01620286  0.13802114 -0.23375927
  0.18680188  0.15609643  0.09148245  0.10869554  0.15442297  0.03480091
  0.04130195 -0.04288333 -0.15494946 -0.04943022  0.09385484 -0.09593797
  0.05692022  0.00344937]