[-0.15474974  0.04813832  0.01243941 -0.01132093 -0.01726168 -0.03297992
 -0.04390721 -0.14112058  0.13260601 -0.06139469  0.17422032 -0.08127526
 -0.20098327 -0.05659578 -0.02144135  0.1165019  -0.1224166  -0.19786027
 -0.07194552 -0.13615416 -0.02596372  0.02805708 -0.04566672  0.05262638
 -0.13690563 -0.30965853 -0.04582516 -0.12049613 -0.00666176 -0.0467241
  0.04259081  0.02849371 -0.1546839  -0.02624798  0.0859496   0.08942373
  0.04539804  0.02199025  0.21733905 -0.07291825 -0.1418549  -0.00731346
  0.13715971  0.28069842  0.10606863  0.0885052  -0.03976976 -0.04701778
  0.06842671 -0.22088183  0.08759654  0.13779005  0.10681095  0.01732929
  0.09600678 -0.13203205 -0.0330116   0.09403273 -0.1608637   0.10900525
  0.06804831  0.00343193 -0.07218067 -0.0527861   0.27253649  0.12766106
 -0.18383306 -0.0687819   0.08429804 -0.17853086 -0.06497493  0.02570647
 -0.06788051 -0.15357973 -0.29631084  0.03231287  0.45868343  0.06662574
 -0.23107287  0.00304821  0.01145927 -0.01523014  0.13658406  0.0481419
 -0.131567   -0.03870574 -0.04213832 -0.0030103   0.21625787  0.10508562
 -0.07542559  0.13464938 -0.04303747  0.01891565  0.01297888  0.09359571
 -0.04546516 -0.07718636 -0.09799454 -0.01013509  0.06235436 -0.00671599
  0.01774612  0.13819134 -0.16051081  0.11081409  0.0050274  -0.00245102
  0.03360776  0.17036039 -0.08559667 -0.07051487  0.14254566 -0.25102252
  0.15866062  0.13049582 -0.02736354  0.10770812  0.03234728  0.05609391
  0.01173235  0.06681325 -0.14833006 -0.12190422  0.01015508 -0.05175515
  0.10685644  0.04545528]