[-0.07622101  0.08127603  0.09916372 -0.1018636  -0.15181813  0.12143137
 -0.00495634  0.03873553  0.16101012 -0.13602848  0.21286725 -0.01277005
 -0.2467082   0.07463928  0.02912046  0.18784265 -0.16032912 -0.09197647
 -0.15080304 -0.06156407 -0.04890996  0.07795537  0.01989495  0.0545419
 -0.21049394 -0.39736721  0.00901552 -0.07596909 -0.05825718 -0.13093825
 -0.01723705  0.09076302 -0.15866753  0.07026546  0.05623304  0.08945893
 -0.10394289 -0.07573651  0.21370688  0.11647564 -0.22422716  0.03364008
  0.06565078  0.28005439  0.22601111 -0.01287423  0.03822652 -0.04757609
  0.11048507 -0.35654715  0.07340053  0.14464554 -0.00163147  0.08823033
  0.1097784  -0.1208747  -0.02101746  0.1390349  -0.17395817  0.04512345
  0.03884295 -0.08184016 -0.04700492 -0.09577988  0.25486252  0.12882815
 -0.15565217 -0.14604792  0.14104435 -0.12264692 -0.03346394  0.10329615
 -0.11899579 -0.20893244 -0.18101187  0.11080553  0.38934603  0.20486173
 -0.16669771  0.00810907 -0.08742275 -0.08858605  0.00293011  0.17379446
  0.01436968 -0.04533298  0.02114812  0.09487256  0.20364574 -0.02107652
  0.02130274  0.29950979  0.02398921 -0.07813388 -0.00878821  0.00040219
 -0.17349677 -0.03609291 -0.13544446 -0.0972     -0.02394535 -0.05645053
  0.01085357  0.11474713 -0.25637931  0.21311142 -0.0860412  -0.0909413
  0.05703937  0.01527793 -0.03347918 -0.05604647  0.13754748 -0.31739905
  0.11654855  0.17131424  0.04831631  0.14414459  0.04684924  0.07813086
  0.05902595  0.03822803 -0.15585373 -0.04514671  0.0518109  -0.01619112
 -0.0011791  -0.01101603]