[-1.05967201e-01  3.31876837e-02  3.99467088e-02 -7.05678537e-02
 -1.32684350e-01 -7.04186112e-02  3.10653821e-04  3.10870707e-02
  8.83269459e-02 -1.87297121e-01  1.25214607e-01 -7.41763562e-02
 -1.92068905e-01  1.06967241e-01 -5.07531762e-02  7.78231770e-02
 -1.89071491e-01 -7.18988106e-02 -1.14133328e-01 -7.27644414e-02
  9.51524004e-02  1.00410283e-01 -5.46078049e-02  6.98448941e-02
 -1.25564128e-01 -2.93424308e-01 -7.59637877e-02 -1.14230171e-01
  5.03891800e-03 -5.71225733e-02  4.55343612e-02  5.26405349e-02
 -1.08871400e-01  4.14785929e-02  2.74496544e-02 -6.48282655e-03
 -3.90038975e-02 -2.58052610e-02  2.17563123e-01  1.94379613e-02
 -1.86186105e-01 -4.09125909e-02  8.29147920e-02  2.89861262e-01
  1.61870703e-01  7.18126148e-02 -2.63926126e-02 -3.84144336e-02
  1.53891161e-01 -2.76093125e-01  3.54395807e-03  1.27213076e-01
  5.87744303e-02  9.10164416e-02  1.25921592e-01 -1.40747145e-01
  7.45867789e-02  6.44142628e-02 -1.42666996e-01  6.47896603e-02
 -2.73653120e-03 -1.48415014e-01 -4.66431025e-03 -2.63280980e-02
  2.16782272e-01  1.06879184e-02 -1.02438293e-01 -6.87607229e-02
  1.81071252e-01 -2.11131021e-01 -4.99239489e-02  8.20314139e-02
 -8.12885463e-02 -1.54067233e-01 -1.99050084e-01  1.54162375e-02
  3.88199359e-01  1.80640563e-01 -1.14083461e-01  4.93319556e-02
  1.02723483e-02 -4.69139665e-02  1.53549239e-01  1.34410813e-01
 -1.04104966e-01 -3.74575332e-02 -6.08622059e-02  1.08901516e-01
  1.99681580e-01 -7.66585171e-02 -1.56166386e-02  1.75991133e-01
  2.73329690e-02 -6.53830823e-03  4.53182049e-02 -2.34510433e-02
 -1.30017802e-01 -4.19929102e-02 -1.02800891e-01  4.70119938e-02
  1.03078723e-01 -8.06287825e-02 -4.66816686e-02  1.07505977e-01
 -1.43159553e-01  1.02670595e-01 -6.10742867e-02 -1.14120886e-01
 -7.34893680e-02  2.87989457e-03 -1.22579277e-01 -1.03297029e-02
  1.08684547e-01 -1.70485526e-01  1.46332398e-01  1.43534765e-01
 -2.72447355e-02  1.64110005e-01  3.64028104e-02  1.95184685e-02
 -2.41183490e-03 -2.33755596e-02 -1.67476803e-01 -1.03081428e-01
  1.14360534e-01  2.54223198e-02  5.42114675e-02 -6.76774532e-02]