[-0.05046439  0.07439207 -0.04112242 -0.10434626 -0.07553577  0.00422028
  0.00202033 -0.07630025  0.19852591 -0.11201694  0.1542369  -0.0347096
 -0.23452315  0.0120467   0.00051048  0.22546983 -0.18343182 -0.22511421
 -0.12008905 -0.00059785  0.10229973  0.06991626  0.03515533  0.17445211
 -0.07993229 -0.33881474 -0.02656411 -0.06467855 -0.00427434 -0.09843618
  0.0326608   0.08776936 -0.23869143 -0.01534971  0.05754315  0.1207464
 -0.05589167 -0.16765621  0.2050076   0.07983541 -0.31299481 -0.00254096
  0.07786157  0.28653374  0.15134595 -0.02934617  0.00911053 -0.11402284
  0.06700911 -0.32663116  0.11335939  0.16406332  0.02378826  0.09085757
  0.06156771 -0.15553707  0.10917556  0.10250877 -0.22569057 -0.01407096
  0.08538951 -0.03381113  0.04889202 -0.10123331  0.22025532  0.06353414
 -0.10589848 -0.09483113  0.11327449 -0.14099211 -0.10234892  0.06175289
 -0.12769826 -0.23133752 -0.30041084  0.01876815  0.4226706   0.18658826
 -0.11808457  0.15974514 -0.02376713 -0.06146215  0.02454996  0.21017867
 -0.00933911  0.09045275 -0.0397865   0.12915294  0.19070098  0.01197321
 -0.02679494  0.32151821  0.00615217 -0.05794708  0.067828    0.06438284
 -0.03360418 -0.01183267 -0.17774759 -0.04257194 -0.03261988  0.00542785
 -0.03410365  0.10740094 -0.23459016  0.13528745 -0.00475067 -0.06977849
 -0.0082993   0.00749709 -0.07952668 -0.07415003  0.07695646 -0.25302762
  0.12407307  0.17423671  0.11706904  0.14055671  0.04807394  0.07398415
  0.0565265  -0.09276856 -0.2395713  -0.00598906  0.1476787   0.03578376
  0.03799763  0.07093526]