[-0.070958    0.11507525 -0.04226675 -0.09078406 -0.15260938  0.10770933
 -0.04744073 -0.08615617  0.21373233 -0.07142723  0.19398931 -0.02972179
 -0.23573932 -0.00175641 -0.04898398  0.04259785 -0.20215018 -0.11051984
  0.0451147  -0.03694674  0.04358132  0.02549911  0.01953048  0.12104556
 -0.1203277  -0.28608009 -0.05781674 -0.09534852 -0.00563397 -0.11805747
 -0.03719808  0.1273471  -0.1677364  -0.00541702 -0.03076788  0.04491452
 -0.0107218  -0.0248839   0.158656    0.04238391 -0.1243817   0.01660142
 -0.03246626  0.30768758  0.14223543  0.03049691 -0.03235678 -0.03958832
  0.05798272 -0.24669898  0.07870909  0.19625227  0.07910808 -0.01859511
 -0.03352575 -0.16634853 -0.03177837  0.09399708 -0.15533368  0.14415799
  0.07765324 -0.13526073  0.02621911 -0.06696927  0.22775838  0.11566381
 -0.11446755 -0.12747867  0.06336388 -0.09608777 -0.10060037  0.07229622
 -0.1169292  -0.23474319 -0.22058578  0.1325006   0.41095361  0.16345166
 -0.14983654  0.01780747 -0.11461759 -0.04054274  0.04285218  0.07428381
 -0.10500307 -0.07094133 -0.1374018   0.05242043  0.20264068 -0.00540088
 -0.09032914  0.26595885 -0.02750331  0.00929633  0.02085845  0.0868906
 -0.0603709   0.0572352  -0.10448536  0.01376456  0.03992125 -0.17228235
 -0.03330696  0.12108099 -0.2353842   0.10072273 -0.02239401 -0.07143424
  0.00526005 -0.01575829 -0.16182321 -0.01685656  0.19890885 -0.34462452
  0.18075672  0.15225732  0.17289467  0.22651975  0.07605565  0.06747266
  0.04347056 -0.06996242 -0.09755351 -0.08147617  0.10542826  0.02027878
  0.05349988  0.06201929]