[-0.08065171  0.11042955  0.08906817 -0.08517467 -0.10396554 -0.01734165
 -0.12195753 -0.12633248  0.10000258 -0.11401336  0.27649254 -0.1182795
 -0.24112417  0.03913463 -0.03415824  0.21415921 -0.13190193 -0.1535569
 -0.06689392 -0.09607243 -0.00040593  0.03909248 -0.03170133  0.13181691
 -0.15989012 -0.38601491 -0.03410295 -0.07429393 -0.0887678  -0.0829534
 -0.06497779  0.10705885 -0.20097861  0.05495426  0.09445086  0.15432745
  0.01325413 -0.04718974  0.1582547   0.04031314 -0.24583185 -0.00634497
  0.19593228  0.24396032  0.28331858 -0.02565343  0.00411806 -0.06921136
  0.13258554 -0.25999779  0.08244121  0.12542816  0.11816898  0.08152878
  0.10756148 -0.20340307 -0.05004607  0.14265124 -0.15823849  0.00619076
  0.07183254 -0.09032942 -0.08951396 -0.15667881  0.28203785  0.20562245
 -0.18154494 -0.15589797  0.17548767 -0.18057618 -0.11115879  0.04391014
 -0.15424387 -0.15566184 -0.37200221  0.02400842  0.32167721  0.16407429
 -0.25465733  0.0663479   0.04968572  0.01015326  0.01966438  0.17143169
 -0.01485852  0.06002942 -0.02007684  0.02490648  0.19477364  0.04580865
  0.0049179   0.23879144 -0.10498549  0.03357052  0.04958864  0.07289486
 -0.16141869 -0.11958998 -0.22444192 -0.07878814 -0.12756233  0.00385536
 -0.03137101  0.14818329 -0.23718496  0.14283018 -0.07894889 -0.02512274
 -0.06954406  0.04193617  0.02197388 -0.01403499  0.1225528  -0.27049345
  0.13036965  0.10496856  0.05049131  0.13536996  0.07034466  0.05161401
  0.01176321 -0.02632511 -0.20605439 -0.05670993  0.02552377 -0.10590898
  0.04421027  0.02969931]