[-1.03243746e-01  1.41934454e-01  1.47757595e-02  2.17368491e-02
 -1.70291871e-01  2.97509730e-02  2.59216502e-02 -5.85662797e-02
  1.70341164e-01 -4.20531109e-02  1.28365561e-01 -2.98406202e-02
 -2.81531066e-01  1.48130106e-02 -5.68504743e-02  6.53184429e-02
 -1.46445081e-01 -1.34898260e-01 -8.82667750e-02  3.14311236e-02
  8.92335922e-02  1.02682419e-01 -1.05088772e-02  8.70874524e-03
 -1.43554747e-01 -4.00263786e-01 -5.27556613e-02 -1.27782837e-01
 -1.14111351e-02 -1.49322703e-01  3.04566883e-02  8.35757852e-02
 -1.76320016e-01 -1.01893924e-01  2.70825289e-02  8.78093839e-02
  2.00741123e-02 -4.75474354e-03  1.80311829e-01  8.73813331e-02
 -2.51074553e-01 -2.78960681e-03  3.09589878e-03  4.11243558e-01
  1.55369163e-01  1.76227801e-02 -2.64107082e-02 -8.05230588e-02
  1.01320267e-01 -2.01115921e-01  4.20651063e-02  1.57409444e-01
  1.30995423e-01  5.24538457e-02  3.90659161e-02 -5.75134754e-02
  7.71990418e-02  8.45393538e-02 -2.76985198e-01  2.06010286e-02
  1.67107612e-01 -7.71074146e-02  5.54393530e-02 -4.20646854e-02
  2.18114018e-01 -3.41333896e-02 -6.78164586e-02 -8.72044116e-02
  5.66752329e-02 -1.84169307e-01 -8.03854316e-02  4.95248511e-02
 -1.39665440e-01 -1.82631135e-01 -3.11724156e-01  6.05928227e-02
  4.80225354e-01  1.57651901e-01 -1.75016761e-01 -1.16789518e-02
 -8.17164257e-02 -7.09144697e-02  1.29115358e-01  9.77668464e-02
 -3.52362767e-02  1.78147703e-02 -7.32440576e-02  1.00996643e-01
  2.49471977e-01 -1.84186976e-02 -7.20485821e-02  1.71918362e-01
  2.67533623e-02 -5.35888970e-02  5.48734926e-02 -2.12143455e-02
 -8.89760107e-02  7.41196284e-03 -1.46630764e-01  2.35102978e-03
 -3.05374097e-02 -8.05614963e-02 -1.53348818e-02  1.29597068e-01
 -2.04072922e-01  1.31469578e-01  2.36543771e-02 -1.00333095e-01
 -2.02802531e-02 -7.43100196e-02 -1.68500185e-01 -4.87256944e-02
  2.07746282e-01 -2.54070252e-01  1.87682256e-01  1.62427336e-01
  4.99161705e-02  1.13647558e-01  1.52606340e-02 -6.11422583e-05
 -2.40856167e-02  1.95330679e-02 -1.63071692e-01 -7.71510452e-02
  1.60185024e-01 -2.83762515e-02  1.18778661e-01 -6.28388226e-02]