[-0.12567392  0.05961645 -0.04446728 -0.12414288 -0.11752211  0.00480046
  0.01413182 -0.09318916  0.07295799 -0.0698035   0.21438281 -0.09214828
 -0.3327843  -0.13038754  0.07499382  0.18285008 -0.03746483 -0.09780814
 -0.14897275 -0.06952967  0.00835835  0.02006532 -0.039379    0.04836046
 -0.13440733 -0.25910199 -0.03122663 -0.06978308 -0.12336507 -0.06662559
  0.07382739  0.11782591 -0.11167449 -0.03967988  0.07322697  0.12619819
 -0.11503334 -0.04815294  0.1398809  -0.04882832 -0.14485426 -0.09623806
  0.08161208  0.24149375  0.12991333  0.00870501  0.06507625 -0.05217152
  0.12435282 -0.30556959  0.00708534  0.08195561  0.07950129  0.06606018
  0.11544045 -0.09849842  0.07747936  0.18549535 -0.21645801  0.02916821
  0.07036604 -0.12271548 -0.11435264 -0.14790367  0.25055307  0.0900888
 -0.1795667  -0.06472074  0.1967763  -0.09090244 -0.12920441  0.00438407
 -0.11567744 -0.22034998 -0.31931722  0.052991    0.34400791  0.18230335
 -0.18813853  0.00698754 -0.01106531  0.03618041  0.05161081  0.02426185
 -0.02685941 -0.0936255  -0.04765122  0.00359776  0.21017754 -0.08497559
  0.01381771  0.21462721  0.02444672 -0.01427872 -0.00440788  0.01198874
 -0.03121848 -0.00882614 -0.07566486  0.05641497  0.07073873 -0.19281903
  0.06289098  0.08657368 -0.17208184  0.21178736  0.00768435  0.0422772
  0.00527     0.01000301 -0.11491246 -0.00143272  0.13551277 -0.25783628
  0.19297785  0.16860877  0.02953606  0.12136758  0.0763557   0.10697622
  0.01763511 -0.01977663 -0.18388285 -0.14822808  0.10141895  0.01784088
  0.00180731  0.07439482]