[-0.0513288  -0.00266789  0.03788035 -0.10421889 -0.06572749 -0.05279621
 -0.02605592 -0.10277857  0.1691525  -0.169002    0.23488548 -0.02669898
 -0.22054975  0.07091659  0.00320034  0.16300224 -0.22716048 -0.10656556
 -0.06048711 -0.02837474  0.06501607  0.02979045  0.00233373  0.07497954
 -0.06306762 -0.38118374 -0.13182323 -0.11581331  0.04407022 -0.05297694
  0.03003362  0.04191685 -0.11907275  0.01898288  0.01943726  0.04525724
 -0.01417167 -0.15980369  0.22155508  0.08636843 -0.2436161  -0.0448572
 -0.0148563   0.22150643  0.06707046  0.00739679  0.07494246 -0.10081027
  0.15266266 -0.24893448 -0.01699833  0.11726407  0.01980404  0.08124587
  0.03161104 -0.17582752  0.11121985  0.10131594 -0.21990559  0.07156618
  0.07587536 -0.09002116  0.06644445 -0.03524539  0.17920473  0.09674091
 -0.09225709 -0.12304483  0.12466968 -0.15813859 -0.05753434  0.08548465
 -0.17118554 -0.2217332  -0.25347611 -0.07824589  0.38830128  0.11973602
 -0.07532021 -0.00246103 -0.09573463 -0.02480515  0.15554878  0.11958937
  0.02328512  0.00869729 -0.08357137  0.03114996  0.28122994 -0.05037757
 -0.03005131  0.25194699 -0.04754779  0.09188678 -0.00957255  0.07819299
 -0.0560853   0.00965105 -0.05257668  0.05366988 -0.03572753 -0.05431815
 -0.02551628  0.0685529  -0.22789872  0.11077829 -0.01173738 -0.01381392
 -0.01664757  0.02150299 -0.11027121 -0.0385925   0.16463764 -0.24166158
  0.17671634  0.29842618  0.05654696  0.11810912 -0.00555206 -0.00133178
 -0.06589348 -0.12593353 -0.25854918 -0.02108369  0.01705455  0.03520013
 -0.04881618 -0.02554215]