[-0.0711951   0.09433611 -0.00996981 -0.07843783 -0.12501642 -0.0384391
 -0.00486379 -0.11123127  0.17999202 -0.13647811  0.21155576 -0.06442598
 -0.22609963  0.01339597 -0.06538196  0.16003594 -0.24389908 -0.12730043
 -0.11659901 -0.00935865  0.08632162  0.00478473  0.06758182  0.10752368
 -0.08566765 -0.34430093 -0.08194437 -0.12244617  0.09038828 -0.083375
  0.09573137  0.07171599 -0.09002538  0.03434306  0.00261897  0.04257438
 -0.03601788 -0.13175531  0.21946244 -0.08066157 -0.27661994 -0.0397078
  0.1022582   0.23666833  0.17443746  0.04502663  0.04060218 -0.15514503
  0.11755186 -0.3022438   0.03613116  0.15614618  0.02799047  0.0653128
  0.08568147 -0.14487682  0.07696146  0.14607927 -0.26233974  0.09160538
  0.07385582 -0.06769253  0.01633089 -0.08236232  0.1871679   0.11015651
 -0.13051367 -0.16693956  0.19527406 -0.27261168 -0.08803029  0.14047641
 -0.09234506 -0.24671228 -0.26201379 -0.09844229  0.37294441  0.21342635
 -0.0594472   0.03576806 -0.07835386 -0.07979573  0.02645927  0.14465566
 -0.02604626 -0.11517825 -0.14373431  0.01665671  0.24054387 -0.08112957
  0.01539     0.30440259  0.0284735  -0.07429865 -0.07655111  0.09979615
 -0.16254626  0.05150031 -0.10346307 -0.02655591  0.02008302 -0.0295402
 -0.02164757  0.08315735 -0.19826649  0.15600064 -0.0618306  -0.02667391
  0.03119337 -0.04899734 -0.07029953 -0.04472853  0.20058915 -0.22103758
  0.17201103  0.21252368  0.12905705  0.13338631  0.04479912  0.08778487
  0.03379245 -0.12969311 -0.23924758 -0.04093702  0.00803053 -0.07600197
 -0.0444498   0.02933708]