[-7.55214393e-02  6.68919906e-02  5.86585402e-02 -7.57578313e-02
 -1.30832210e-01 -2.20644474e-02  3.97407785e-02 -8.92090946e-02
  2.25646675e-01 -1.25594765e-01  2.04408571e-01 -1.10927802e-02
 -3.31846982e-01  1.12469859e-01 -3.13027278e-02  1.86129138e-01
 -2.11657241e-01 -9.21476111e-02 -4.15752977e-02 -8.29948038e-02
  1.17656671e-01  3.00120525e-02  6.63555190e-02  1.25324249e-01
 -9.97267663e-02 -2.25943550e-01 -1.07702672e-01 -1.23790547e-01
 -2.18889900e-02 -7.91279599e-02  6.23753071e-02  1.11315414e-01
 -5.87922856e-02  5.16689941e-02  2.94211749e-02 -4.03825566e-03
 -1.32712657e-02 -8.77602249e-02  2.88421899e-01  3.24304309e-03
 -2.51835257e-01  1.50576625e-02  7.41778463e-02  2.20851049e-01
  1.36679918e-01  2.42564594e-04  6.32287562e-03 -1.29575372e-01
  1.27462074e-01 -3.39254230e-01  4.74876314e-02  1.98246181e-01
 -1.99995339e-02  7.53974468e-02  6.74996376e-02 -2.35513657e-01
  8.69541541e-02  3.97333503e-02 -1.93441913e-01  9.85293090e-02
  1.66586876e-01 -1.43118754e-01  6.13259058e-03 -3.70997861e-02
  1.96702734e-01  1.04915962e-01 -1.73202276e-01 -1.66119456e-01
  7.18612671e-02 -1.90001205e-01 -9.36513692e-02  1.79424047e-01
 -2.07072139e-01 -2.03132808e-01 -2.54457653e-01  8.48619267e-04
  4.28226382e-01  1.67387530e-01 -1.11832835e-01  5.25516868e-02
 -9.78505090e-02  1.08745489e-02  8.08549151e-02  1.78286329e-01
 -1.85973756e-02 -4.54274565e-02 -1.33103773e-01  3.76215428e-02
  1.56022653e-01 -6.55997619e-02 -6.37527928e-02  3.52660358e-01
  4.01316732e-02  7.84438923e-02 -1.01223271e-02  1.34350359e-01
 -1.01835839e-01 -8.20317119e-02 -1.33515134e-01 -1.41571583e-02
  4.75768838e-03 -2.55211946e-02 -2.87772212e-02  7.49807507e-02
 -1.94969565e-01  1.44039601e-01 -9.62409750e-02 -2.00908650e-02
 -9.99716520e-02 -1.51198898e-02 -1.15635902e-01  5.94938323e-02
  1.61751643e-01 -2.53497720e-01  1.83663458e-01  1.62135050e-01
  5.31820096e-02  8.24373513e-02  6.15375116e-02  6.66962638e-02
 -4.01701778e-02 -8.88235494e-02 -1.60237521e-01 -2.75023822e-02
  6.94950223e-02 -2.67967880e-02  4.38012928e-02  1.45383785e-03]