[-0.11845699  0.23426588  0.08457085  0.00881517 -0.14136559  0.02453148
 -0.12774321 -0.03634556  0.13893642 -0.03316424  0.24205256 -0.04663391
 -0.19462696 -0.0776763  -0.05757125  0.09015492 -0.1822325  -0.09750047
 -0.07629963  0.02079409  0.08277649  0.0254639   0.03217717  0.09754404
 -0.09866299 -0.35344774  0.01932581 -0.14476086  0.05497315 -0.16614887
 -0.11361881 -0.02343502 -0.15203333 -0.08702307 -0.04934324  0.08193833
 -0.02041694 -0.04217288  0.17316675  0.00343606 -0.15872851  0.06630596
  0.01542985  0.30323759  0.19231786  0.05285734  0.01873711 -0.07039828
  0.11376913 -0.24639389  0.02172353  0.20133367  0.17461973  0.02832787
  0.12257824 -0.14035507  0.04901154  0.10498701 -0.1927584   0.06943987
  0.02676747 -0.01737561  0.04069838 -0.04289961  0.27295181  0.07773727
 -0.05845494 -0.04946759  0.0733311  -0.09440812 -0.07255446  0.10309266
 -0.07344408 -0.18246073 -0.24090113  0.01984247  0.41791973  0.17763926
 -0.24814519  0.03756953 -0.12382884 -0.09962756  0.04934044  0.05203556
 -0.11530358 -0.01429071 -0.14848785  0.04232262  0.16452782  0.00063387
  0.05232016  0.22251563  0.10272346 -0.02216991  0.04157371 -0.03436284
 -0.11493295  0.00084094 -0.10560024 -0.03624076  0.00407074 -0.11134938
 -0.03653019  0.01227935 -0.26622674  0.03825414  0.03800769 -0.06910115
 -0.0005391  -0.0174566  -0.0812664  -0.01223855  0.18180509 -0.31766194
  0.16304651  0.1614306   0.08248585  0.1622228   0.05942762  0.03188288
  0.00095279 -0.05257381 -0.06116829 -0.08262029  0.06767199 -0.06793251
  0.06127082  0.03384991]