[-0.10266645  0.08865345  0.03745454 -0.01324047 -0.06605917 -0.01021758
  0.01011105  0.02447569  0.12948753 -0.12700802  0.20417741 -0.03780091
 -0.16668727  0.00658123 -0.05885759  0.14180678 -0.13841923 -0.09194016
 -0.18886724 -0.10768525  0.03576541  0.12603672 -0.02616447  0.03943971
 -0.1761951  -0.30532965 -0.01633307 -0.08053209  0.10074667 -0.164938
 -0.04771204  0.11452784 -0.05240091  0.06376821  0.06717141  0.08997944
 -0.0614277  -0.02323783  0.2157342   0.09556976 -0.16610898  0.06506267
  0.04625526  0.33530965  0.2016058   0.00731078  0.01411268 -0.12054843
  0.09801146 -0.21450098  0.02882493  0.16508554  0.10637195  0.15892242
  0.10177179 -0.13799343  0.03190973  0.01714541 -0.09104272  0.05680979
  0.02612907 -0.09099177 -0.05243953 -0.02272193  0.10974716  0.03062685
 -0.11040616 -0.1140357   0.09993955 -0.23862024 -0.07804259  0.09690422
 -0.06854676 -0.13051668 -0.20698245  0.02278222  0.37957701  0.20188886
 -0.21938476 -0.00288773  0.0422399  -0.08287656  0.11992818  0.16242655
 -0.20195815 -0.03505143 -0.05288684  0.07503892  0.19492055  0.01042287
 -0.02278433  0.17159313  0.08950474  0.02855622  0.05205844 -0.01718891
 -0.11743122 -0.057752   -0.04287359 -0.05793173  0.06114503 -0.13607973
 -0.03422192  0.10274577 -0.16022405  0.24148594 -0.02695246 -0.03898396
  0.03593189  0.11060467 -0.05150373 -0.01744521  0.13662782 -0.15394479
  0.11871305  0.22101478  0.05910128  0.10671861  0.1027702   0.10336517
 -0.0272976   0.0747963  -0.10452878 -0.06649671  0.00867533 -0.03413081
  0.02917032 -0.04748639]