[-0.15360729  0.10203308  0.00496509 -0.10476127 -0.18389085 -0.001015
 -0.02609986 -0.05343155  0.19101907 -0.09478292  0.24467061  0.02060349
 -0.27546018 -0.00355852 -0.06013022  0.08512077 -0.21259083 -0.09204522
  0.0229592  -0.0706054   0.11915967  0.08204551 -0.02048856  0.07565223
 -0.18252419 -0.26037025 -0.08594719 -0.00482276 -0.00351695 -0.13441606
  0.08321932  0.10828261 -0.19505785  0.03781764 -0.02497911  0.07621003
 -0.02470327 -0.06753426  0.21152309  0.06501298 -0.15698867 -0.02964534
 -0.04499783  0.28095138  0.1189887  -0.06058437  0.01155989 -0.08624461
  0.1007949  -0.28115031  0.04598328  0.22107765  0.01205056 -0.00270533
 -0.01356855 -0.10881341 -0.0008984   0.18060334 -0.19829959  0.05030241
  0.07328165 -0.12901565 -0.02684803 -0.05025031  0.12684128  0.07868218
 -0.12262003 -0.17879286  0.12517872 -0.15750103 -0.14239362  0.13028906
 -0.07928548 -0.24702871 -0.31318328  0.10680567  0.43495184  0.16664481
 -0.14790116  0.05729744 -0.06762487 -0.07254476  0.10088447  0.09584423
 -0.07893766 -0.0065142  -0.16352703  0.11466998  0.23719659  0.02368173
 -0.08994198  0.30771595  0.08954382  0.06292074  0.05558364  0.08783078
 -0.02738174 -0.02799149 -0.09987878  0.02483445  0.05864416 -0.08956318
 -0.072375    0.14250226 -0.15238822  0.19877903  0.00486237 -0.07736382
 -0.09926581 -0.08028948 -0.14832638  0.01691779  0.14127883 -0.29915228
  0.14533404  0.13438225  0.09443451  0.20203635  0.10456277  0.01289786
  0.01409566 -0.12128233 -0.11867238 -0.08477952  0.08098982 -0.01415111
  0.08618377  0.00838783]