[-0.04137968  0.05301011  0.12204326 -0.07213918 -0.08771564  0.05630289
  0.04747644 -0.06831747  0.25868097 -0.07520621  0.26065457  0.03576021
 -0.21265383  0.07874639 -0.0655271   0.1818071  -0.1637236  -0.11097918
  0.0120761   0.0626972   0.06052831  0.07235964  0.04015268  0.12030877
 -0.13783744 -0.3617985  -0.07993402 -0.07969916 -0.00100188 -0.08689117
 -0.0045604   0.10227736 -0.20624124  0.04127914  0.03306124  0.05460485
 -0.08356908 -0.16100106  0.24045053  0.14249924 -0.27731091  0.00974253
  0.03187837  0.29251322  0.22017938 -0.06223062  0.01620376 -0.09176602
  0.09593151 -0.37537688  0.10316104  0.124525    0.03770623  0.06010208
  0.08424211 -0.13069552 -0.03021674  0.05924328 -0.18972059  0.07893645
  0.06138469 -0.00347094  0.0516775  -0.11854452  0.16304308  0.16050088
 -0.13687864 -0.07569767  0.15375066 -0.18219456 -0.0736121   0.07590567
 -0.13343248 -0.24049369 -0.21615264  0.04411132  0.4966754   0.20434396
 -0.19779798  0.00949034 -0.04755406 -0.06299543  0.0586919   0.21630068
  0.05848631  0.00569341 -0.01890548  0.05090895  0.24394026  0.00260402
 -0.02749737  0.35446253 -0.03404244 -0.00760828  0.02221231  0.06041225
 -0.05311875  0.01354435 -0.18660361 -0.04223591 -0.11918128  0.01530128
 -0.00371296  0.17462125 -0.23498906  0.17859842 -0.00637403 -0.0827181
  0.06819077  0.03949456 -0.08721308 -0.04541874  0.11054944 -0.24732341
  0.16134749  0.09456665  0.0197141   0.11289785 -0.01218315  0.10281625
  0.04624073 -0.05928951 -0.15277362 -0.02649467  0.04174995 -0.04147924
  0.00920712 -0.02026213]