[-1.22988753e-01  1.19541369e-01  4.08589914e-02  4.29330841e-02
 -1.67905673e-01  6.30473625e-03  4.85204346e-03 -8.01873729e-02
  2.11546168e-01 -3.88108380e-02  2.18599439e-01  7.83999916e-03
 -2.82911599e-01 -1.40172467e-01 -6.62412867e-02  1.17003910e-01
 -1.12733774e-01 -9.28777978e-02 -4.24459651e-02  2.43978575e-05
  5.97952753e-02  4.23210263e-02  9.58842114e-02  8.62704776e-03
  3.78291383e-02 -4.42712694e-01 -6.28168434e-02 -1.02323070e-01
  9.87537056e-02 -1.30626261e-01  2.80774711e-03  5.85836656e-02
 -1.36065692e-01 -1.03042185e-01  2.07172707e-03  8.16584677e-02
 -9.64508578e-02 -1.69121660e-02  2.11313173e-01 -1.45760104e-02
 -1.44990057e-01 -5.63009679e-02 -8.37255269e-02  3.29391927e-01
  1.64688826e-01  2.96393726e-02 -2.01545190e-02 -7.20942914e-02
  1.11086741e-01 -2.41313726e-01  3.81343737e-02  1.84259191e-01
  1.50462374e-01  5.68319112e-02  8.61565918e-02 -7.13741109e-02
  2.34893300e-02  1.58388719e-01 -3.07829916e-01  8.05894881e-02
  4.08754610e-02 -9.98459235e-02 -1.77906789e-02 -1.11501776e-01
  2.22273991e-01  9.98771787e-02 -8.54810104e-02 -1.19358391e-01
  1.24656186e-01 -2.10970178e-01  6.21268805e-03  9.47347134e-02
 -1.03780821e-01 -2.20665425e-01 -2.03421295e-01  5.14895003e-03
  3.66494834e-01  2.00058877e-01 -1.61817878e-01 -7.35488757e-02
 -7.96983987e-02 -3.79729345e-02  5.01173511e-02  3.24458592e-02
 -6.13117889e-02 -2.18778420e-02 -9.96136069e-02 -2.86951270e-02
  1.01314396e-01 -4.62836623e-02 -5.94865456e-02  2.95935541e-01
  1.27350520e-02  4.86336201e-02  3.59700695e-02 -4.58488613e-02
 -1.53113622e-03  1.92627199e-02 -1.08634062e-01 -1.38856303e-02
 -3.92598137e-02 -2.08300531e-01  5.73172197e-02 -3.09824757e-02
 -1.36152342e-01  1.19094312e-01 -1.32737774e-03  9.20389816e-02
  3.39148715e-02 -7.34662637e-02 -1.54210761e-01 -3.12859379e-02
  2.41767630e-01 -3.10946703e-01  3.18237752e-01  1.71863481e-01
  4.21307385e-02  1.77908748e-01 -1.91520359e-02  8.36159587e-02
 -4.38385569e-02 -1.32992104e-01 -5.82942739e-02 -3.40367407e-02
  4.54627946e-02 -5.77168018e-02  2.91838739e-02  2.84958864e-03]