[-5.20101422e-03  2.79212929e-02  1.82880647e-02 -9.85818803e-02
 -1.32640705e-01  2.98149884e-02 -1.87160689e-02 -1.07647553e-01
  1.68250412e-01 -1.18199751e-01  2.35863090e-01 -4.95256344e-03
 -2.89541513e-01 -6.60928711e-02  3.66840437e-02  1.18655175e-01
 -4.36512306e-02 -1.49940103e-01 -8.33446234e-02 -6.28341436e-02
  9.37791308e-04  1.49877917e-03 -4.36330624e-02  3.75192612e-02
 -1.37375385e-01 -2.71214217e-01 -3.84619012e-02 -1.00408360e-01
 -9.71011445e-03 -1.03697732e-01 -6.36224970e-02  1.16464749e-01
 -1.50632903e-01 -4.02758941e-02  5.40366732e-02  1.20260507e-01
 -1.35438934e-01 -8.92171040e-02  2.08060995e-01 -3.71018499e-02
 -1.66164652e-01 -8.64380039e-03 -1.09923454e-02  2.31417790e-01
  1.85816243e-01 -5.58746196e-02  6.12120330e-02 -1.76859684e-02
  8.92506018e-02 -3.11079592e-01  8.49766806e-02  1.30578399e-01
  4.39649522e-02  7.89602101e-02  2.31126091e-03 -1.92798793e-01
 -7.59668089e-03  1.97148040e-01 -2.58105338e-01  9.92881879e-02
  1.29999414e-01 -1.47460148e-01 -1.32203177e-01 -3.19512822e-02
  1.79545075e-01  1.25729233e-01 -1.60152823e-01 -1.18696116e-01
  1.84583530e-01 -1.65139779e-01  2.09761467e-02  6.45582750e-02
 -1.69298053e-01 -2.70038038e-01 -1.50179371e-01  1.40313074e-01
  3.79979044e-01  1.96743265e-01 -1.46981075e-01 -2.69932747e-02
 -1.33090671e-02  1.41869988e-02  7.82521069e-02 -1.26076099e-02
  2.95243151e-02 -6.92237318e-02 -7.55665228e-02  1.03219181e-01
  2.11167306e-01 -2.42832415e-02  1.65259950e-02  2.91876048e-01
  1.65934507e-02 -2.27144957e-02  1.56138483e-02  6.81326911e-02
  1.75027065e-02 -4.86771297e-03 -1.58607125e-01  7.54048228e-02
  1.54228080e-02 -1.54576093e-01  1.84420999e-02  9.66269523e-02
 -1.27376989e-01  1.76846340e-01 -2.36468818e-02  1.26963528e-02
 -2.11775973e-02 -8.73815417e-02 -1.16468824e-01 -4.68629152e-02
  1.97432116e-01 -2.33988076e-01  1.70673907e-01  1.77952722e-01
  1.67200595e-01  1.31870985e-01  3.45851779e-02  5.50622167e-03
  1.10563159e-01 -1.42089933e-01 -2.58069396e-01 -5.23238443e-02
  5.23762591e-02  7.18381722e-04  3.08193266e-04  4.58539277e-02]