[-0.09126695  0.10358405 -0.06987151 -0.05097485 -0.05963987  0.07545814
 -0.03867698  0.02427201  0.18223222 -0.08170686  0.19190267  0.03962783
 -0.18413493 -0.05547834  0.02324008  0.10654932 -0.20360099 -0.11678115
 -0.16770422 -0.02838316 -0.0228124   0.00574856  0.03535037  0.12551473
 -0.11190106 -0.44813189 -0.0610628  -0.12740628  0.03911629 -0.06377762
 -0.03838687  0.06481647 -0.10633682 -0.0150811   0.0746942   0.10817248
 -0.06107866 -0.05710489  0.24866953  0.02933745 -0.15595326  0.03657727
  0.03258432  0.34172076  0.28167298 -0.00656401  0.00553858 -0.04577203
  0.19837876 -0.21510112  0.07326636  0.21272707  0.15845205  0.10253122
  0.12456866 -0.06054756  0.04147363  0.12438649 -0.15550959 -0.03561287
 -0.08104533 -0.07463627 -0.0251293  -0.08518051  0.14411767  0.1128348
 -0.10882295 -0.15615273  0.11498275 -0.17685844 -0.02889384  0.05887224
 -0.18412036 -0.20127042 -0.27639651  0.04125418  0.35636953  0.25011778
 -0.18169613  0.02627262 -0.02723452 -0.08715694  0.04908784  0.13691938
 -0.14039512 -0.06546367 -0.06839636  0.09054103  0.15959376  0.01149432
 -0.06142638  0.18021062  0.01997404  0.01438523  0.05949259  0.01860936
 -0.10586737 -0.03130142 -0.16837993 -0.0440441   0.04390696 -0.03995013
  0.0088705   0.08368586 -0.18819764  0.09911393 -0.00896269 -0.00126067
  0.05956964  0.04162224 -0.11664508 -0.08192364  0.15200488 -0.21997562
  0.12173216  0.16776107  0.02741859  0.13381118  0.07659072  0.04835886
 -0.0405887  -0.02260749 -0.15442079 -0.03310801  0.05433967  0.08477684
  0.03599323 -0.04679104]