[-0.13785833  0.04565905 -0.08679187 -0.04866928 -0.16869269  0.03346543
 -0.08416995 -0.03396188  0.11138853 -0.02606896  0.25183287 -0.03987697
 -0.2555128  -0.06257588  0.08602391  0.09306552 -0.11083516 -0.12213238
 -0.03654331 -0.06821407 -0.01143771  0.05590662 -0.04054746  0.07871766
 -0.19262685 -0.350618   -0.01718641 -0.14125592  0.07080336 -0.18653361
 -0.03733375  0.11876898 -0.11149881 -0.03050459  0.09292912  0.13297595
 -0.0799715  -0.00809144  0.27010751  0.06796525 -0.21960758 -0.03238455
  0.11059603  0.29935482  0.23634246 -0.00365795  0.03488391  0.03491667
  0.15182988 -0.32160386  0.07479252  0.16341259  0.15059873  0.05180875
  0.09218735 -0.17141089 -0.0820814   0.12040868 -0.2252759   0.11035668
  0.04052116 -0.0846506  -0.06070378 -0.03046959  0.23982719  0.10082131
 -0.13905421 -0.11543367  0.17476065 -0.16956902 -0.14286701  0.10809673
 -0.11194988 -0.23712271 -0.28999555  0.08807006  0.30295843  0.13986172
 -0.17143007  0.08819487  0.05624728 -0.13109997 -0.00645284  0.09532168
 -0.0209199  -0.03090256 -0.04072975  0.02162743  0.25722155  0.00377506
  0.02999186  0.22001955  0.00365203  0.072726    0.07192078  0.11992459
 -0.08979698 -0.1375861  -0.13715234 -0.07661185  0.03014345 -0.11511012
  0.03274933  0.12561765 -0.21321273  0.22144341 -0.02374457 -0.04116512
 -0.07661781 -0.01084839 -0.01618361  0.03675746  0.15289932 -0.27299091
  0.22265698  0.14309092  0.09651263  0.13255216  0.07777078 -0.07300911
  0.07546882 -0.01828366 -0.15584876 -0.14277954 -0.01261521 -0.05144737
 -0.00915222  0.05053771]