[-0.12697323  0.02063621  0.0968531  -0.1508185  -0.08399067  0.01872262
 -0.05241469 -0.11603554  0.14732501 -0.24234952  0.19300418 -0.12141129
 -0.15741637  0.10941225 -0.05911396  0.25128472 -0.16236386 -0.17625599
 -0.14993267 -0.12504289 -0.01188072  0.10020555 -0.05084644  0.1208973
 -0.12746033 -0.26679611 -0.07749145 -0.1201954  -0.05215753 -0.04866735
 -0.02562936  0.05468684 -0.07015585  0.06576686  0.07410913  0.10214058
 -0.03060781 -0.20622504  0.23189455  0.01219174 -0.23588717  0.01928123
  0.17622203  0.27029774  0.20266548 -0.04430786 -0.01982882 -0.08676925
  0.23681615 -0.27845833  0.04683612  0.10191333  0.15684809  0.11135341
  0.15158424 -0.15359107  0.07826957  0.11889367 -0.18779454  0.04566891
  0.05696651 -0.08431304  0.02312221 -0.16416037  0.20843101  0.17567551
 -0.15064651 -0.13203599  0.23993492 -0.10394722 -0.12151667  0.03055717
 -0.20350483 -0.1912466  -0.2531386  -0.03574081  0.35688353  0.22585252
 -0.16296852  0.05414421  0.01628532 -0.02377263 -0.01246813  0.17822835
 -0.02871003 -0.05322082  0.00970882  0.02664423  0.24186525 -0.01765512
 -0.05116639  0.20563819 -0.03631233 -0.08799307 -0.01405453  0.05750354
 -0.16157213 -0.02600475 -0.14962186 -0.01577995 -0.04152374 -0.01665973
  0.00237791  0.1400262  -0.24958846  0.21763168 -0.08148932 -0.04570868
 -0.06779845  0.06330951 -0.05413894  0.08037669  0.16582517 -0.18449067
  0.10373235  0.14337042  0.08393573  0.15119275  0.05954804  0.06785854
  0.01549509 -0.00198618 -0.25086465 -0.13984805  0.05775744 -0.00191223
  0.06190952  0.12728412]