[-0.05989765  0.1079748   0.03753632 -0.01713556 -0.12794761  0.09802099
  0.01243816 -0.09164081  0.06560738 -0.03465092  0.17647769 -0.07085767
 -0.36349142 -0.00611774 -0.03301404  0.12103667 -0.11721432 -0.13118879
 -0.19793449 -0.05605304 -0.03883274  0.1227065  -0.02111374 -0.04967141
 -0.09563639 -0.37892988 -0.0254557  -0.09402659 -0.08683078 -0.19968134
  0.05567351  0.07662753 -0.16512161 -0.02114463  0.08574221  0.01446611
 -0.10690725 -0.06902173  0.21842472  0.06591818 -0.12553053  0.01273514
  0.08884375  0.2987988   0.10461456  0.00460136 -0.02961845 -0.05988268
  0.0878377  -0.30468625  0.06413481  0.13701271  0.13143764  0.10987554
  0.088618   -0.1427568   0.01153132  0.0513133  -0.22532843  0.05786617
  0.09662781 -0.10987123 -0.1550823  -0.08722814  0.19793791  0.08389328
 -0.14856601 -0.08867168  0.1073088  -0.10286432 -0.02582281  0.0522394
 -0.0868517  -0.16676599 -0.21431474  0.08374035  0.40520346  0.09213431
 -0.22614461 -0.09343612 -0.0383415  -0.0250884  -0.0094345   0.05502083
 -0.09807592 -0.0229795   0.01197463  0.11393321  0.13667201 -0.00958636
 -0.07203152  0.23104     0.01379415 -0.02568999  0.07824217  0.01721669
 -0.03082255 -0.10654642 -0.09001487  0.0241432   0.04633008 -0.15670919
 -0.01499187  0.09928006 -0.14064449  0.18889038 -0.00885409 -0.06498709
  0.04267729 -0.04446568 -0.09095824 -0.01459756  0.18011566 -0.34439501
  0.17370158  0.13620768 -0.02292806  0.10054529 -0.03008756  0.05975764
 -0.02093416  0.0239286  -0.18735208 -0.15825011  0.0848273   0.03095073
 -0.02164501 -0.03000028]