[-0.02490692  0.05545861 -0.01351669 -0.03032948 -0.04809383  0.06439681
  0.06030285 -0.05234286  0.10930317 -0.09276842  0.20908119 -0.04283958
 -0.25240868 -0.12841436  0.10483957  0.10695745 -0.18098491 -0.12082472
 -0.13339734 -0.07792231 -0.07520883  0.03763545 -0.01222801  0.00808098
 -0.17121992 -0.31978771 -0.01125749 -0.16754514  0.0128167  -0.06924954
  0.02095627  0.20702994 -0.0903046   0.00831292  0.00253288  0.08034683
 -0.0609993  -0.02300915  0.28944325  0.02406423 -0.18429928 -0.01251993
  0.03894003  0.29249734  0.26341891 -0.06447939  0.01696942  0.01964835
  0.12431935 -0.29910383 -0.07000652  0.15574901  0.02565457  0.08498782
  0.00962649 -0.1201304  -0.01447549  0.07895935 -0.21730499  0.04021173
 -0.01006754 -0.24942365 -0.07570439 -0.02757053  0.16909489  0.03596435
 -0.09661117 -0.11838831  0.15890025 -0.19546342 -0.08286368  0.11067741
 -0.12540621 -0.19347338 -0.24705569  0.08118781  0.36422458  0.1317558
 -0.13337192  0.05376669 -0.00310301 -0.14231247  0.11133122  0.15389511
  0.01926843 -0.11704406 -0.05451636  0.05866322  0.23149014 -0.06344729
  0.0092256   0.19148673 -0.01679445  0.01188242  0.01263913  0.02366519
 -0.02682982  0.03628282 -0.11612491  0.03328547  0.0781987  -0.16437861
  0.02588807  0.0677083  -0.15569212  0.17966364 -0.01081173 -0.03948881
  0.04782087 -0.10214495 -0.02290601  0.02874281  0.23026221 -0.24858084
  0.15564977  0.20437534 -0.00319688  0.14990437  0.05663477  0.07112752
 -0.01633799 -0.01632144 -0.2561813  -0.07861436  0.05880926  0.03164914
  0.00392144 -0.01620598]