[-1.18887536e-01  6.55446649e-02  2.60299444e-02 -8.05045292e-02
 -9.42186117e-02 -7.30123967e-02  3.54152359e-02 -2.11789608e-02
  1.53631210e-01 -6.36094511e-02  2.00650245e-01 -3.44047584e-02
 -2.22188756e-01 -5.18440232e-02 -1.06764428e-01  8.06391016e-02
 -1.87514067e-01 -7.38924816e-02 -7.87246153e-02 -4.96676713e-02
  1.15009286e-01 -2.14306987e-04  2.11539194e-02  1.08742490e-01
 -6.17439300e-02 -3.01405817e-01 -6.36983290e-02 -1.46744981e-01
  4.88316342e-02 -1.14775524e-01 -1.53232934e-02  1.07429564e-01
 -1.93915159e-01 -9.63315442e-02 -5.78264743e-02  1.31839633e-01
  7.88168795e-03 -3.10204607e-02  1.57521844e-01 -1.09260511e-02
 -1.12852857e-01 -3.00402548e-02  2.10936554e-03  2.91551232e-01
  1.64676964e-01  1.92730092e-02  4.19326387e-02 -8.26816186e-02
  8.24542642e-02 -2.32535899e-01  4.02496606e-02  1.30553901e-01
  7.94005916e-02  3.45282517e-02  7.20658749e-02 -1.46142319e-01
  8.13786611e-02  1.14543587e-01 -2.35556170e-01  9.88861173e-02
  4.52400371e-02 -5.16423248e-02 -2.81754844e-02 -1.41295930e-02
  2.03868836e-01  1.12680666e-01 -6.17881864e-02 -1.10337727e-01
  1.84449628e-01 -2.04509765e-01 -2.47316528e-02  9.03155804e-02
 -1.10375792e-01 -1.60595745e-01 -2.52765477e-01  4.71403264e-02
  4.00631398e-01  1.64251029e-01 -8.99474546e-02  6.12509698e-02
 -9.29059386e-02 -3.66265923e-02  1.33328795e-01  2.22265143e-02
 -1.75612569e-01  8.04705843e-02 -1.40052840e-01  1.47950590e-01
  1.34738147e-01  2.80499607e-02 -4.57716957e-02  2.07731307e-01
  5.75841404e-03 -1.67460926e-02  1.02521867e-01  9.14499070e-03
 -3.86207029e-02  3.70279476e-02 -1.64361835e-01  3.90469246e-02
  1.26946792e-01 -1.89545199e-01 -1.62377022e-02  5.36710396e-02
 -1.38071850e-01 -3.81438620e-02 -6.11386187e-02 -3.81874889e-02
 -4.77455966e-02 -6.28060773e-02 -2.00692296e-01 -4.41696355e-03
  2.10686818e-01 -2.17447475e-01  1.87454194e-01  1.71352699e-01
  1.67511180e-02  1.10917076e-01  9.92072746e-02  5.15311211e-02
  5.34036569e-03 -1.28877074e-01 -1.35674357e-01  1.56778134e-02
  1.28604874e-01 -2.15103384e-03  1.00851282e-01 -9.80566908e-03]