[-0.12101319  0.07428415  0.03390854 -0.06606644 -0.16257802 -0.00973623
 -0.01667169 -0.05826158  0.18191724 -0.11729993  0.12310997 -0.08344426
 -0.26248047  0.11070668 -0.09572238  0.16574268 -0.15088564 -0.22036511
 -0.08115401 -0.06234898 -0.04060293  0.05767603 -0.03954356  0.16213585
 -0.08741793 -0.39387378 -0.04741877 -0.15956484 -0.04122762 -0.00068523
  0.03298309  0.01880454 -0.11430244  0.05776126  0.00544645  0.03685312
 -0.04891653 -0.1080197   0.2485496   0.04766718 -0.29502717  0.08499084
  0.05342004  0.31508687  0.10830625 -0.01018576  0.03114023 -0.09646208
  0.21756788 -0.25639889  0.06126643  0.20803224  0.05975126  0.05193548
  0.10406392 -0.16212185  0.06117689  0.13935506 -0.22019114  0.07250683
 -0.00253273 -0.02544697  0.07965752 -0.09781171  0.19793165  0.09805989
 -0.0831492  -0.11787175  0.18778822 -0.18329956 -0.06871594  0.09627882
 -0.14289983 -0.2061152  -0.25661924  0.0583433   0.46466959  0.17163385
 -0.09333377  0.08081317 -0.06152621 -0.07117017  0.03306824  0.12782574
 -0.05155838 -0.08128873 -0.11965892  0.01213433  0.25663492 -0.00868781
 -0.03859845  0.19852477  0.02494493 -0.007709    0.00271705  0.09285606
 -0.19523124 -0.00467641 -0.111884   -0.01174474 -0.02823694 -0.01951469
 -0.04474002  0.03179369 -0.2519505   0.15454681 -0.00258175 -0.06998736
 -0.08902897  0.09656756 -0.04906618  0.02185871  0.16053858 -0.23055671
  0.23395438  0.11615314  0.10680276  0.17930049  0.02264797 -0.05454697
 -0.0454679  -0.09008579 -0.17699622 -0.12276273  0.06905829  0.01036647
  0.0435254   0.09702573]