[-1.13390282e-01  7.66105857e-03  3.19912322e-02 -7.62944743e-02
 -2.29824167e-02 -5.60069978e-02 -9.80771333e-03 -3.91192399e-02
  1.73360527e-01 -1.06231891e-01  1.75234661e-01  2.87150964e-03
 -2.30559826e-01 -6.62415028e-02 -5.15544228e-02  7.30142966e-02
 -1.54602438e-01 -1.02949969e-01 -2.17223205e-02 -8.88454169e-02
  4.07267399e-02  4.15701643e-02  5.82108386e-02  3.65704410e-02
 -1.49930477e-01 -3.45975846e-01 -1.68282852e-01 -1.26480430e-01
  6.47801012e-02 -1.33466855e-01 -2.22984143e-02 -3.81600633e-02
 -1.53782234e-01 -8.00097585e-02  2.22256780e-02  1.11001834e-01
 -1.64148528e-02 -3.51421833e-02  1.88913822e-01  7.38762841e-02
 -1.02587871e-01 -1.75014399e-02  8.06518458e-03  3.73478502e-01
  1.38876155e-01  1.20029442e-01  1.93335451e-02 -3.09840683e-03
  1.06997542e-01 -2.27952242e-01  1.15438744e-01  6.86158687e-02
  8.93372670e-02 -7.18169101e-03  9.17268470e-02 -1.59639567e-01
  1.90112703e-02  1.63626239e-01 -2.45262861e-01  1.24278322e-01
  3.82401980e-02 -7.96293095e-02  6.23548403e-05  3.23299654e-02
  2.76105434e-01  7.37536699e-02 -1.67956516e-01 -6.10799342e-02
  2.14409411e-01 -1.86989263e-01  5.74838817e-02  4.01426107e-04
 -9.37744901e-02 -1.31186977e-01 -2.85478920e-01  6.82565123e-02
  4.60719466e-01  1.26431808e-01 -7.60566145e-02  4.34900299e-02
 -9.77915302e-02 -3.51142604e-03  3.69067490e-02  9.45687294e-02
 -1.56713173e-01  8.39503706e-02 -1.22325383e-01  3.86241712e-02
  1.15092486e-01  5.55814095e-02 -5.25561310e-02  1.63681045e-01
 -3.27972472e-02  5.77349886e-02  9.55116749e-02  1.40761351e-02
 -1.95288092e-01 -8.18100274e-02 -9.64661986e-02 -3.94917559e-03
  2.21443549e-03 -1.60248294e-01  2.17255615e-02  1.63329363e-01
 -1.56350031e-01  1.38424277e-01 -3.05905305e-02 -9.33497697e-02
 -4.84558158e-02  7.31092244e-02 -1.07269980e-01 -8.97835940e-02
  1.16975531e-01 -3.02406609e-01  1.05492815e-01  2.16301665e-01
  5.70043735e-02  1.91947758e-01  4.29141968e-02  3.87929678e-02
 -1.40669830e-02  4.43856642e-02 -1.62801862e-01 -5.83385974e-02
 -3.75215150e-02 -3.21876481e-02  1.31701395e-01  4.20695655e-02]