[-8.61959308e-02  1.13484360e-01  1.17699809e-01 -8.36109370e-02
 -1.86218083e-01 -2.39845440e-02 -2.94845384e-02 -1.02565356e-01
  1.79043263e-01 -1.77038580e-01  2.03279167e-01 -4.91642132e-02
 -2.40646839e-01  9.43829790e-02 -7.38910660e-02  2.11978137e-01
 -1.78076342e-01 -1.65929079e-01 -1.34394512e-01 -4.42750603e-02
  1.83205102e-02  1.14340320e-01  1.83713026e-02 -2.70889141e-04
 -1.19766593e-01 -3.39922130e-01 -5.84839880e-02 -8.16321969e-02
  6.74637333e-02 -3.55017669e-02  6.49141669e-02  1.03398509e-01
 -7.13801086e-02 -1.11784823e-02  1.26365289e-01  1.13831587e-01
 -3.60838063e-02 -1.24337144e-01  2.23160729e-01 -8.76618698e-02
 -3.08186620e-01 -5.60530983e-02  1.25159383e-01  2.48551428e-01
  2.15436801e-01 -2.86150873e-02  5.74124083e-02 -1.76382929e-01
  1.03392586e-01 -3.26140314e-01  4.11881953e-02  6.81024417e-02
 -1.60208959e-02  1.15652062e-01  1.15323812e-01 -2.24108621e-01
  6.64912015e-02  1.42511830e-01 -1.51561648e-01 -2.95845121e-02
  1.03423603e-01 -8.55889618e-02  9.27943736e-04 -3.34587991e-02
  2.29173392e-01  6.00296520e-02 -1.03807837e-01 -1.70741916e-01
  2.46939823e-01 -1.86142579e-01 -5.58621101e-02  1.18580095e-01
 -1.06204197e-01 -1.10809527e-01 -2.29647920e-01 -9.19571817e-02
  5.31995356e-01  1.15996897e-01 -1.26234680e-01  5.51562533e-02
 -5.13948202e-02 -1.79340839e-02  5.51342033e-02  9.88571122e-02
 -4.09036130e-02 -6.44449741e-02 -7.49362409e-02  3.71400416e-02
  2.87598670e-01 -7.37516135e-02 -3.66477109e-03  2.08316833e-01
  5.49474843e-02 -3.54950912e-02  8.52028355e-02  8.20815712e-02
 -1.05928265e-01 -8.93433765e-03 -1.79856896e-01 -4.92982566e-02
  3.64549793e-02 -5.38012125e-02 -1.18470341e-02  1.64894089e-01
 -2.36607805e-01  2.19317526e-01 -3.74694727e-02 -2.03430746e-02
  4.60505337e-02 -7.52908736e-03 -5.97046409e-03 -1.00785831e-03
  2.44558692e-01 -2.00634986e-01  1.46843508e-01  1.71161056e-01
  3.53575759e-02  1.79347128e-01  5.87232001e-02  7.66579658e-02
  1.94206405e-02 -5.54644316e-02 -2.26034433e-01 -7.62917548e-02
  1.37319546e-02 -6.32073879e-02  5.85950259e-03  5.57251163e-02]