[-0.15718254  0.02671668  0.02578737 -0.09718412 -0.15738362  0.0030771
 -0.06074679 -0.11058104  0.14488629 -0.16689405  0.16836011 -0.04731787
 -0.21443713  0.0833285  -0.10401596  0.26001719 -0.15821065 -0.20971619
 -0.09873617 -0.14496727 -0.04802263  0.08159882 -0.00741989  0.15484001
 -0.17402095 -0.31084087 -0.0276483  -0.09347135 -0.10737881 -0.07348685
  0.07849705  0.1530169  -0.11062171  0.09019502  0.07794976  0.1359657
 -0.03175671 -0.09272199  0.2047721   0.069058   -0.28059396  0.04931353
  0.1448603   0.3288877   0.14542562 -0.11072553  0.00907371 -0.06751022
  0.11536627 -0.28744411  0.05151314  0.14339824  0.10900749  0.06072991
  0.05921535 -0.05989048  0.03955868  0.19071054 -0.15353172  0.00434466
  0.1192565  -0.08634425 -0.0228004  -0.10201859  0.19798917  0.17039803
 -0.1764714  -0.08509772  0.13253075 -0.1177019  -0.11561436  0.05452729
 -0.1367313  -0.19284962 -0.22087878  0.04863044  0.42472968  0.18402067
 -0.11440433  0.05477148 -0.00977388 -0.01620211 -0.03733667  0.19801433
 -0.05221485 -0.05357522  0.01369404  0.10549521  0.16321403  0.04886838
  0.00151072  0.24842162  0.03609766 -0.03638919 -0.01259459  0.08027917
 -0.14019822 -0.03241182 -0.09879456 -0.04794046 -0.08222299  0.05074756
  0.04394985  0.08473432 -0.18632866  0.22302108 -0.04656044 -0.02789162
  0.02761132  0.12999484  0.05259475 -0.04205585  0.07788798 -0.20042872
  0.06445491  0.12208298  0.07736121  0.13678597  0.06181486  0.04165294
  0.01431999 -0.03453524 -0.18935767 -0.03904586  0.08190262 -0.06830358
  0.02662542  0.04735936]