[-0.05678968  0.09903482  0.01721341 -0.10251267 -0.06130674  0.08540191
 -0.04201465 -0.07070573  0.11565372 -0.09518622  0.32986799  0.04746901
 -0.22479171  0.02093864  0.00042709  0.02855167 -0.14552325 -0.06098508
 -0.07599859 -0.06841598  0.02125762  0.00691902 -0.02010877  0.0639213
 -0.11105704 -0.21376666 -0.0645228  -0.09477484  0.10201901 -0.1999387
  0.06275724  0.02720268 -0.11046689  0.04967388 -0.03168838  0.04726555
 -0.09997481 -0.12536688  0.29082397  0.01036663 -0.10825663  0.05743297
  0.01165824  0.28900737  0.22850145 -0.10373282  0.03079584 -0.05632525
  0.12581222 -0.25286889  0.06970985  0.17010389  0.18781769  0.04703201
  0.07667138 -0.15303998 -0.00077361  0.12688203 -0.15683693  0.12872237
  0.06921263 -0.06217784 -0.04687977 -0.06470773  0.11927816  0.11035249
 -0.10997681 -0.21932462  0.1491663  -0.12039946 -0.115823    0.17827995
 -0.17129499 -0.24021752 -0.13889217  0.11089808  0.32695389  0.23562282
 -0.18598373  0.07821771 -0.05135785 -0.08668905  0.05299277  0.0703939
 -0.01828281 -0.11230903 -0.08121736  0.0790197   0.19135253  0.01114964
 -0.08870561  0.20576762  0.00509839 -0.01297926  0.02007299 -0.00175914
 -0.07855266  0.02617798 -0.14097865 -0.05051826  0.00965031 -0.06793965
  0.00352398  0.11448343 -0.15625855  0.2242551  -0.02600371 -0.00530542
  0.03535935 -0.01056066 -0.10564271  0.06944038  0.21649222 -0.2931425
  0.19495936  0.11727391  0.1189234   0.06243906  0.13431492  0.05055057
  0.08664942 -0.00375093 -0.23148215 -0.05495238 -0.0221542  -0.02815286
  0.04156487 -0.00722158]