[ 0.00510788  0.02486645  0.0784577  -0.07748013 -0.09125067 -0.07564312
 -0.06954273 -0.06618752  0.15381598 -0.13706748  0.16239356 -0.0802715
 -0.22515483  0.07260513 -0.08351727  0.1844476  -0.09624941 -0.1149607
 -0.11818694 -0.05739603  0.022419    0.13111691  0.03671123  0.1138628
 -0.09237172 -0.34222594 -0.0211396  -0.05953733  0.02978325 -0.02771697
  0.02408355  0.16732067 -0.15312605  0.00853668  0.10621253  0.1117797
 -0.06104935 -0.08124214  0.22421713  0.0987536  -0.2438069   0.00525542
  0.07382601  0.28787377  0.13282785  0.02641311  0.0829047  -0.15034001
  0.10735649 -0.27878237  0.06742162  0.1523959   0.10010728  0.05685012
  0.12547545 -0.21608981  0.07597189  0.14656022 -0.21721807  0.08357526
  0.09696611 -0.0322542  -0.01408566 -0.10720363  0.24342896  0.05504662
 -0.14863129 -0.05139447  0.18746275 -0.17269355 -0.01754172  0.09300092
 -0.09399966 -0.17966747 -0.23066615 -0.03868768  0.31675541  0.20057453
 -0.15009195  0.08991271  0.00373936  0.00610362  0.02357209  0.17458838
 -0.08081942  0.05093672  0.00624163  0.03909745  0.1333459   0.01212301
  0.03969889  0.29919809  0.01660988 -0.01723366  0.00491369 -0.0333447
 -0.16658533 -0.06100389 -0.13975394 -0.04609461 -0.04820866 -0.01907185
  0.04142843  0.08145035 -0.23023537  0.17626135 -0.09002897 -0.04768455
  0.0348684   0.03615376 -0.01309716 -0.06055998  0.1443042  -0.22478579
  0.09541811  0.12800282  0.08830134  0.14892831  0.06959777  0.08306588
  0.02237135 -0.0592794  -0.20596983 -0.02903936  0.06041462 -0.100476
  0.02093104  0.02128346]