[-0.06301763  0.14627729  0.1250556  -0.08946561 -0.11987152 -0.03949599
 -0.13284284 -0.10757662  0.15147166 -0.13033988  0.16730759  0.00692472
 -0.1643084   0.03172272 -0.06908236  0.14475374 -0.11014939 -0.09842234
 -0.09805613 -0.04741291 -0.00932003  0.0790369   0.0168274   0.01962794
 -0.0825626  -0.27582642 -0.07280827 -0.02199838 -0.01001284 -0.13743556
 -0.0528321   0.09014942 -0.13604651 -0.0012592  -0.00813408  0.06820386
 -0.03855471 -0.12897374  0.08228545  0.0335326  -0.18018977 -0.02286596
  0.0161793   0.25515589  0.19304538 -0.01057499  0.05873864 -0.11032252
  0.13056539 -0.22495469  0.02735002  0.09292385 -0.01152277  0.09330796
  0.05867861 -0.18815273 -0.00334961  0.10022135 -0.09342116  0.05359239
  0.07210361 -0.04739818 -0.06582821 -0.14016047  0.22695093  0.18908057
 -0.14020154 -0.16828792  0.12038414 -0.12073558 -0.06758048  0.05841943
 -0.13239402 -0.12947322 -0.20433362  0.00641356  0.33697227  0.12865779
 -0.13912758 -0.02040974 -0.0816991  -0.00613663  0.00926964  0.14371657
 -0.03294413  0.02570931 -0.02011914  0.0425726   0.22874622 -0.03223979
 -0.03654495  0.22915721 -0.01872603  0.02738133 -0.05176279  0.04754937
 -0.10936016  0.0548109  -0.08855447  0.02070613  0.02124174 -0.06285188
 -0.02863857  0.13937919 -0.11535056  0.1757846   0.00661024  0.08277388
  0.0535431   0.02185016 -0.06690478 -0.07365684  0.1421603  -0.20802407
  0.18013936  0.16060455  0.08522727  0.11224681  0.0559024   0.12731588
  0.04414687 -0.00792693 -0.13099943 -0.03432083  0.03288796 -0.02781498
 -0.05410019  0.04555177]