[-0.11758563  0.10471454  0.08217606 -0.10783023 -0.10225715 -0.03095973
 -0.06079497 -0.12263228  0.10253932 -0.17705004  0.10240251 -0.11979418
 -0.26871181 -0.00750351 -0.07708079  0.17845242 -0.12943424 -0.11423558
 -0.07794458 -0.0271176   0.07595165  0.16393161 -0.00623414  0.19509186
 -0.06626686 -0.36645123 -0.06913483 -0.06009214 -0.11374941 -0.13609248
 -0.0232053   0.08675902 -0.16558802 -0.02097106 -0.05186921  0.0919628
 -0.03857503 -0.0927567   0.13233815  0.09910195 -0.30454874  0.02971432
  0.04834907  0.32322496  0.22126129 -0.05346542 -0.02043082 -0.07451269
  0.13968675 -0.34288907 -0.00341477  0.13156179 -0.0397365   0.05053354
  0.03835705 -0.12102562  0.00699133  0.09651941 -0.21895961  0.07891159
  0.0598348  -0.23062174  0.03892883 -0.03197334  0.16258654  0.09575459
 -0.08412171 -0.17965056  0.16505641 -0.25377238 -0.03845229  0.15410995
 -0.07167315 -0.17732894 -0.28451055  0.08536696  0.32444009  0.15327892
 -0.0926834   0.05971735 -0.09241119 -0.02962399  0.05183266  0.19701946
  0.07600861  0.01137023 -0.07549591  0.09036471  0.20160034 -0.02172777
  0.00354312  0.39580229  0.02287618 -0.03644713  0.09587572  0.12370874
 -0.17292921 -0.01110958 -0.12742442  0.03156813  0.04355162 -0.08966833
  0.00997665  0.11431821 -0.17181835  0.19014558 -0.10139626 -0.05827365
  0.00752367 -0.07730472 -0.07311178 -0.05647564  0.16688359 -0.20225565
  0.11120617  0.13494892  0.08521231  0.14633393  0.02786269  0.07073978
 -0.00862022 -0.1139452  -0.15561064 -0.02870442  0.1437512  -0.01152155
 -0.00863576 -0.00284806]