[-0.05513186  0.06526788  0.02526247 -0.05017347 -0.13437085  0.02889552
 -0.04126044 -0.06302623  0.23217931 -0.19852261  0.14277491  0.00117926
 -0.23451771  0.0954319  -0.10304867  0.17468601 -0.12757355 -0.17238715
 -0.02206558 -0.12903972  0.01250145  0.0817829  -0.05124505  0.03392056
 -0.15352067 -0.25806043 -0.09567291 -0.12519057 -0.0152204  -0.09195081
 -0.05532149  0.06155931 -0.05210637  0.05061381  0.09484386  0.05347869
 -0.07520773 -0.13454303  0.20360543  0.08424722 -0.16341905 -0.08615932
  0.11293297  0.23579185  0.18452808 -0.00491273  0.0349363  -0.11011906
  0.21526018 -0.25316846  0.03235484  0.11963369  0.12073844  0.16782093
  0.0919799  -0.20340931  0.03594222  0.18714702 -0.17114624  0.09905886
 -0.00289608 -0.11871235 -0.03441662  0.04186917  0.2775889   0.12507312
 -0.12104227 -0.17027806  0.31849051 -0.18323074 -0.12402035  0.06394114
 -0.10967126 -0.20994471 -0.1540955   0.03384204  0.35494149  0.20196763
 -0.08535397  0.08281555 -0.02754105 -0.03815842  0.0007698   0.19518681
 -0.04946766 -0.06564517 -0.04705122 -0.05561624  0.27777144 -0.04003146
 -0.02024691  0.24199605 -0.0103492   0.04408954  0.01225741  0.04149301
 -0.16222502 -0.00886201 -0.09159218 -0.11586601  0.00790044 -0.05560252
 -0.01290248  0.15999746 -0.20161738  0.14448617 -0.09479097 -0.02924345
 -0.04638414 -0.01288153 -0.00436823 -0.00647203  0.13076892 -0.26092952
  0.16202369  0.13842669  0.08866989  0.18366018  0.04251327  0.02637151
  0.12271009 -0.11490684 -0.20964032 -0.08452489  0.02006528 -0.03144201
 -0.08132194  0.04426128]