[-0.12221026  0.04984698 -0.00262882 -0.09500019 -0.11937202  0.03064015
 -0.01020766 -0.06033867  0.15491718 -0.1780625   0.23475035 -0.01774991
 -0.25598365 -0.04506097  0.05232636  0.15135902 -0.12259986 -0.13977937
 -0.07825761 -0.11432683  0.11271224  0.04736888 -0.10237675  0.09189659
 -0.20062086 -0.31451058 -0.02648505 -0.03362579  0.01356171 -0.16308686
 -0.03205924  0.06225465 -0.11227717 -0.00466853  0.01087851  0.16200265
 -0.03611385 -0.08555841  0.15960549  0.05266553 -0.17964776 -0.00048493
  0.0126625   0.28957206  0.18982232 -0.04411028  0.08374666 -0.0585118
  0.18149309 -0.26767892  0.09265713  0.07518183  0.12374265  0.08227084
  0.08969787 -0.20211419 -0.08279502  0.21309772 -0.14824061  0.13724902
  0.07213007 -0.11669171 -0.03692512 -0.13048168  0.15741743  0.08027463
 -0.15228347 -0.16305664  0.16592382 -0.14306732 -0.14441843  0.03835196
 -0.11757556 -0.20054424 -0.29764113  0.10039298  0.31289834  0.22531252
 -0.2177081  -0.01129983  0.01247059  0.00944314  0.08102787  0.10899445
 -0.00062757  0.00261834 -0.08704934  0.05640029  0.22022024  0.05659026
 -0.04249885  0.28036374  0.00122667  0.03719721  0.02912728  0.0693675
 -0.15763918 -0.01644637 -0.09514821 -0.0673155   0.04661725 -0.1255582
  0.04062467  0.15269864 -0.16740479  0.28266206 -0.09061144  0.09260117
 -0.02658034  0.03410037 -0.1074914   0.04175315  0.15010494 -0.21606755
  0.11628332  0.19714178  0.11934301  0.15374044  0.10922626  0.03640481
  0.04961854 -0.0240831  -0.24688445 -0.04487948  0.02810834 -0.02531025
  0.05391663  0.07449673]