[-0.1094451   0.06129013  0.06623606 -0.00393733 -0.14812791 -0.01517564
  0.05976798 -0.22780438  0.15671708 -0.09837542  0.18881334 -0.01109015
 -0.1616656   0.04499551 -0.09471358  0.1389451  -0.20807561 -0.15672494
 -0.09036267 -0.10952744 -0.00341643  0.12934126  0.02232786  0.04790062
 -0.17285272 -0.26057631 -0.01953286 -0.15008554  0.06834073  0.05194297
 -0.04071005  0.08285168 -0.16672789 -0.00566801  0.09800404  0.09013909
 -0.07270642 -0.07562014  0.24923271 -0.02401698 -0.18195203  0.01046886
  0.09967348  0.23119493  0.27054632 -0.08007361 -0.01010327 -0.14837153
  0.10332417 -0.26102316 -0.05750375  0.20365946 -0.00144502  0.08780579
  0.01937981 -0.12847504 -0.01702434  0.08199309 -0.17514308  0.01271544
  0.0627332  -0.1309168   0.01495505 -0.04568428  0.16962697  0.01860694
 -0.1274911  -0.0752552   0.12353467 -0.22357303 -0.08054992  0.01353081
 -0.13013816 -0.19602314 -0.2729955  -0.02430119  0.51630622  0.15771183
 -0.13134934  0.08347101 -0.12632173 -0.05130535  0.10275094  0.08913367
  0.01312094 -0.08482412 -0.09879189  0.05054653  0.22343655 -0.06971028
  0.00652136  0.2166566  -0.02496271 -0.03130967  0.03267048  0.12967528
 -0.16352645 -0.01337984 -0.11464234 -0.04278713 -0.04195381 -0.03076773
  0.08874995  0.1516951  -0.19123825  0.15243262 -0.04093429 -0.05167637
  0.01839766 -0.08827281 -0.03104427 -0.02959439  0.16940631 -0.18976511
  0.18389402  0.13984114 -0.05989163  0.21518272  0.02927527  0.04339078
 -0.07746424  0.02335673 -0.14427385 -0.08534114 -0.00415858 -0.00715751
  0.07524584  0.01873508]