[-0.0594751   0.05256404 -0.04042859 -0.00968471 -0.15155117  0.09747864
  0.00204834 -0.12677617  0.20375808 -0.07576339  0.17249911 -0.05228264
 -0.32562289  0.02913171  0.00567918  0.0686548  -0.09818672 -0.12275273
  0.01645734 -0.04842229  0.03316105  0.04583893 -0.05080494  0.16153915
 -0.15490422 -0.34064457 -0.13327834 -0.06706342  0.03440455 -0.12941989
 -0.02736229  0.13317496 -0.10749866 -0.02313032  0.0192756   0.12839183
 -0.07650637 -0.05914726  0.21902777  0.1287595  -0.14215054 -0.00154386
  0.00313224  0.35078266  0.14300618  0.00479834  0.05707388 -0.08484551
  0.13500614 -0.28199357  0.0839529   0.21314985  0.1327035   0.09416639
  0.05218495 -0.17132096 -0.0767087   0.12975308 -0.21009344  0.1696393
  0.10577501 -0.05009767  0.03841306 -0.09131379  0.17333983  0.12217779
 -0.13017368 -0.10046568  0.13213137 -0.18545279 -0.10703466  0.08675712
 -0.12665245 -0.24651057 -0.24614576  0.13682504  0.44242904  0.2008037
 -0.12644745 -0.03095315 -0.06448153 -0.06429722  0.06499669  0.05790457
 -0.0360862  -0.08659597 -0.07591896  0.09346224  0.22079064  0.00836948
 -0.00476788  0.2566174   0.00764064  0.06880027  0.03573097  0.16139406
 -0.12567958  0.02156281 -0.10831688  0.00108056 -0.00895041 -0.11222529
  0.1069266   0.08633971 -0.18174019  0.2325462   0.00898556 -0.05067567
 -0.00910344  0.01232414 -0.20318745  0.03795599  0.22665736 -0.34798536
  0.17270298  0.09684282  0.03808833  0.14789829  0.02615528  0.10161406
 -0.00371306 -0.12116978 -0.10747279 -0.07751375  0.04809352  0.01641549
 -0.01645205  0.01197955]