[-7.14021176e-02 -2.69852914e-02 -7.00863451e-03 -5.15276194e-02
 -1.38940871e-01  4.48660553e-02 -1.80348009e-02 -8.02519992e-02
  1.46120474e-01 -1.22512043e-01  1.96800679e-01  5.54000586e-02
 -2.32005775e-01 -6.05989210e-02  1.85536854e-02  6.90012425e-02
 -1.31287485e-01 -1.69533983e-01 -3.05773877e-03 -1.81709882e-03
 -1.50911091e-03  1.05987759e-02 -5.34820445e-02  1.03780694e-01
 -2.56406754e-01 -3.00363600e-01 -1.29563376e-01 -1.03354089e-01
 -4.85735871e-02 -8.44506547e-02  2.19411235e-02  6.78726658e-02
 -1.76916331e-01  2.20395122e-02 -1.42110623e-02  6.89782128e-02
 -5.76925725e-02 -4.44680899e-02  2.09945828e-01  1.33616686e-01
 -2.28718162e-01  7.56631792e-02 -6.23230264e-02  3.03582788e-01
  1.55482471e-01 -1.80670526e-02  6.31141067e-02 -4.54484560e-02
  1.28237024e-01 -2.71997213e-01  1.11887380e-01  2.26493537e-01
  6.04144335e-02  3.44739594e-02 -1.23489769e-02 -9.07259509e-02
  3.03044915e-04  1.55747935e-01 -2.42089584e-01  1.00465991e-01
  2.00538058e-02 -3.37078907e-02  4.77084294e-02  2.72584241e-02
  1.19445838e-01  1.31458953e-01 -9.99797285e-02 -1.10444017e-01
  1.66950598e-01 -2.08744019e-01 -7.38667026e-02  7.76728168e-02
 -1.60220325e-01 -2.72305965e-01 -2.55986661e-01  1.24444649e-01
  4.57084775e-01  1.55994788e-01 -1.46531731e-01  2.62731127e-02
 -9.15618762e-02 -6.21114969e-02  1.10213816e-01  9.50311199e-02
  2.04161108e-02 -8.70400518e-02 -5.92125207e-02  8.74905139e-02
  2.65912056e-01  1.42872194e-02 -1.08008916e-02  2.64871180e-01
  6.87343255e-02 -3.91368195e-02  8.90249014e-02  1.02219895e-01
 -3.10686976e-02 -9.29976813e-05 -4.44423631e-02  3.34162079e-02
 -7.65491184e-03 -8.16069171e-02  2.66268551e-02  1.03918426e-01
 -1.86565563e-01  2.25981712e-01  2.83146277e-02 -7.68837407e-02
  8.78423452e-05  2.94774678e-02 -1.17441125e-01 -7.76233003e-02
  1.35694787e-01 -2.86821902e-01  1.97052345e-01  1.46044612e-01
  1.83476657e-02  1.48651466e-01  8.68225470e-03  6.05858043e-02
 -3.04147676e-02 -8.08813646e-02 -1.20227173e-01 -7.63280541e-02
  3.50352377e-02  1.69645995e-02  4.56055962e-02 -1.79140363e-03]