[-0.08989513  0.05245706  0.0974054  -0.02410426 -0.06807084 -0.05689341
 -0.07817279 -0.16813681  0.13764951 -0.13948399  0.18310313 -0.04386523
 -0.18309377 -0.11250892 -0.11457576  0.26255226 -0.20411052 -0.1731682
 -0.01745479  0.00514988 -0.01274345 -0.07107624  0.06986567  0.13319656
 -0.1575419  -0.36642179 -0.0848055  -0.15631384 -0.09040292 -0.08723519
 -0.06047766  0.06388567 -0.21900988  0.00534116 -0.02126358  0.07758609
 -0.0210568  -0.07549506  0.15627287  0.05358312 -0.30686441 -0.06026835
  0.06282142  0.30822957  0.23438457 -0.01630001  0.00363781 -0.09800544
  0.12818685 -0.22091153  0.00798658  0.08464979  0.10066833  0.04806856
 -0.01587738 -0.13612922  0.0532788   0.11598268 -0.14781319  0.00482331
  0.06321832 -0.07141622 -0.00608983 -0.07614632  0.3153547   0.1269719
 -0.16853502 -0.10819504  0.15106662 -0.18108663 -0.01844912  0.0237196
 -0.13569228 -0.22955775 -0.35497925 -0.03320576  0.37488359  0.19290888
 -0.19487235  0.00288903 -0.15275501  0.04309046  0.06842887  0.21709207
 -0.01410926  0.10340045 -0.04831619 -0.04625085  0.18838958 -0.05122116
  0.00491037  0.25281835 -0.04811107  0.01668855 -0.03134192 -0.06853452
 -0.12503591  0.08050901 -0.17273082 -0.02306056 -0.1031469   0.01319022
  0.05166399  0.1013855  -0.20272423  0.09613243  0.04700828  0.00921443
  0.06698149  0.07684619 -0.1570935  -0.18172988  0.12616874 -0.24996699
  0.15381283  0.22104393  0.13781326  0.12320207  0.15279818  0.10556424
 -0.04013764 -0.03143539 -0.1678068   0.09147824  0.1568872  -0.11539876
  0.06611199 -0.01416425]