[-8.12714845e-02  1.65525019e-01  7.86248371e-02 -7.92141333e-02
 -1.40144885e-01  3.32633927e-02 -5.86376712e-02 -1.35957092e-01
  1.45211428e-01 -9.36802626e-02  2.63621062e-01 -2.77715325e-02
 -2.18948305e-01 -3.57392058e-02 -1.67833176e-02  1.36874646e-01
 -1.10282004e-01 -1.60311043e-01 -9.35907066e-02 -1.28592879e-01
  1.00342907e-01  8.68194625e-02 -6.62549213e-02  6.16334267e-02
 -1.61482543e-01 -2.23477289e-01 -9.42201167e-02 -7.72218704e-02
  4.33580801e-02 -9.20502767e-02 -7.26953670e-02 -2.99841054e-02
 -6.63414747e-02  4.27226536e-03  2.93368995e-02  6.66179806e-02
 -2.64126286e-02 -1.28404140e-01  1.58656791e-01 -3.85111533e-02
 -8.83508846e-02  5.50738350e-02  1.03703767e-01  2.89216101e-01
  1.53188542e-01 -2.41085943e-02  1.00312315e-01 -1.92622934e-02
  1.35371849e-01 -1.66656449e-01  6.97488114e-02  1.04461320e-01
  2.20148355e-01  8.47703815e-02  1.70686677e-01 -1.95471391e-01
 -2.89234854e-02  1.96736991e-01 -1.31260201e-01  1.39906108e-01
  5.89076877e-02 -7.82664344e-02 -2.51670051e-02 -1.26345262e-01
  2.11112410e-01  1.21135764e-01 -8.87384042e-02 -1.71206310e-01
  1.48705497e-01 -1.19948909e-01 -1.72479615e-01  2.37121433e-02
 -1.57551721e-01 -1.00244813e-01 -2.40575030e-01 -5.52007183e-03
  3.61012280e-01  1.62770554e-01 -2.80557334e-01  1.95818525e-02
  1.15503324e-02  1.18084233e-02  4.35656160e-02 -9.50767379e-03
 -8.88099372e-02 -1.45779923e-05 -1.91572860e-01  9.39522870e-03
  2.73603112e-01 -2.66927648e-02  1.82693843e-02  2.42034152e-01
  6.55426085e-02 -4.58522700e-02  3.36877368e-02 -1.58961990e-03
 -9.78710800e-02 -2.29477733e-02 -4.90884557e-02 -2.45088898e-03
 -5.61865419e-03 -1.55074790e-01 -1.82555486e-02  6.44082427e-02
 -2.28481859e-01  1.74371183e-01 -1.45912580e-02  4.68247458e-02
 -1.31721094e-01  3.35461274e-02 -1.06566593e-01  7.66125694e-02
  2.14778394e-01 -2.52541214e-01  1.19770117e-01  1.49845034e-01
  6.17509447e-02  1.32547528e-01  1.25437751e-02  6.27563074e-02
 -9.77209676e-03 -3.11384462e-02 -1.28062665e-01 -1.38736695e-01
 -5.43450750e-03 -8.18353072e-02  5.92236929e-02  1.55069351e-01]