[-0.10328013  0.11920463  0.02854607 -0.1263006  -0.1440544  -0.02595478
 -0.03745104 -0.08979772  0.17923799 -0.15984206  0.22367688 -0.08785088
 -0.1399224   0.01246792 -0.0090593   0.18411024 -0.18176702 -0.15075645
 -0.09046785 -0.10066827  0.07248932  0.05056292  0.08551129  0.0424317
 -0.14334993 -0.38382539 -0.09305533  0.03309648  0.03875606 -0.12709998
  0.0887756   0.18354414 -0.1161995   0.05445075  0.04571602  0.0905467
 -0.05418207 -0.11651112  0.171565    0.01848676 -0.28956196 -0.03620818
  0.11521845  0.36220518  0.18926185  0.02047208 -0.02175546 -0.07534703
  0.06870377 -0.24345528  0.0158452   0.17137365 -0.02437605  0.01470425
  0.05987703 -0.06469186  0.03618526  0.10268235 -0.21445408 -0.04208755
  0.10806028 -0.14201342 -0.02522842 -0.21402948  0.22326246  0.17126408
 -0.1495955  -0.13461785  0.12555775 -0.13100506 -0.06948761  0.08012792
 -0.15496747 -0.20493945 -0.25458542 -0.10312525  0.36777684  0.14893484
 -0.0424885   0.05441451 -0.02516695 -0.01565789  0.01490122  0.19562188
 -0.06643216  0.01163969 -0.04740216  0.09191505  0.203311   -0.06341662
 -0.08197164  0.24048112 -0.0039404  -0.04193462 -0.04440507  0.04545827
 -0.12742294  0.01180177 -0.1647211  -0.04646117 -0.06986154 -0.05942396
 -0.02564202  0.11885456 -0.20852292  0.236286    0.03636093  0.01293634
 -0.00934077 -0.00383907 -0.02087277 -0.04391669  0.09160172 -0.26530835
  0.0851569   0.21832238  0.12725207  0.19516951  0.07640231  0.08158562
  0.00914913 -0.05298617 -0.15569833 -0.01065208  0.00739985 -0.02373481
  0.0360172   0.05384501]