[-0.195398    0.11517009  0.03304016 -0.06220054 -0.11430958  0.00526804
  0.03647163 -0.07013573  0.15388308 -0.02416242  0.22286563  0.02584988
 -0.27103025 -0.02945537  0.04373146  0.10782789 -0.07126227 -0.08887099
 -0.13122693 -0.09196615  0.03072329  0.04332405 -0.0265648   0.10493119
 -0.13473022 -0.30642387 -0.14396462 -0.05882429 -0.04616655 -0.15225062
  0.08099403  0.02899333 -0.15218318 -0.0634313  -0.01420797  0.0771113
 -0.15026863 -0.06314068  0.17338534 -0.00811594 -0.1521906  -0.00470415
  0.09240317  0.28992879  0.18500471 -0.02230781  0.06327672 -0.08289392
  0.1104707  -0.19598185  0.05836534  0.12357582  0.17365776  0.05247592
  0.16251363 -0.08433122 -0.01541444  0.20442441 -0.22586955  0.11435855
  0.09271923 -0.07692134 -0.11020727 -0.15066999  0.17033303  0.15699787
 -0.14350554 -0.20159535  0.15950456 -0.16870475 -0.09868966  0.17857505
 -0.10214859 -0.26409882 -0.27455705  0.10297605  0.36469299  0.19203937
 -0.17129345 -0.00039512 -0.02893817 -0.01270035  0.05587883  0.06250499
 -0.09031202 -0.03713899 -0.08790398  0.06283496  0.16273436  0.06576685
 -0.05716571  0.22404791  0.03215208  0.00324828  0.02658327  0.04361283
 -0.10476226 -0.00565523 -0.11696389 -0.0125651   0.0300364  -0.08711365
  0.0312881   0.04147916 -0.06214488  0.21625298 -0.00857122  0.06506803
 -0.06348889 -0.00887264 -0.18301578  0.04878173  0.1800461  -0.32355544
  0.16617811  0.06384419 -0.07667421  0.06938793  0.08948381  0.11059843
 -0.0353618  -0.04728404 -0.19157934 -0.01319466  0.11748096 -0.08479844
  0.12226841 -0.00103527]