[-0.035663    0.07398245 -0.02802424 -0.06918469 -0.02556698  0.11240715
  0.01266864 -0.05605555  0.14107309 -0.16036645  0.22075224 -0.10125662
 -0.30046099 -0.07632776  0.04171648  0.07030986 -0.12347431 -0.12041471
 -0.17517829 -0.11873419 -0.0132005   0.00935898 -0.05170658  0.03704273
 -0.20619375 -0.29877144 -0.03221283 -0.16530252  0.0481308  -0.17114997
  0.01736591  0.1248837  -0.09888703  0.04053984 -0.00278046  0.0352768
 -0.03423407 -0.03450757  0.25525174 -0.02043515 -0.13126761  0.06610157
  0.00984363  0.25936303  0.10980336 -0.03249748  0.04591322 -0.09690882
  0.16634251 -0.22668351  0.00362755  0.19818355  0.07319363  0.10633542
  0.0746865  -0.20313773 -0.02696482  0.1346807  -0.19557132  0.15669712
  0.01408861 -0.0605154  -0.12275732 -0.08133797  0.11766958  0.06828403
 -0.1333992  -0.19767326  0.19933487 -0.1418094   0.00552732  0.19153759
 -0.13581254 -0.24968919 -0.10070433  0.10541852  0.31390041  0.20026033
 -0.19613183 -0.00237667 -0.06656171 -0.09648766  0.05525384  0.04030473
 -0.05189249 -0.08225147 -0.01217183  0.09397299  0.22656465  0.00406044
 -0.00991955  0.21867277  0.02559879 -0.02634922 -0.02084449 -0.01334496
 -0.13270123 -0.01489245 -0.13229769 -0.01878695  0.07108597 -0.15859845
 -0.03039226  0.04368273 -0.1610451   0.27122787 -0.01207009 -0.04542416
 -0.01939595  0.01358826 -0.08255172  0.09728809  0.26488027 -0.29302549
  0.20176362  0.1758664   0.15571801  0.11580276  0.08399843  0.04978569
  0.04276638 -0.02925162 -0.24947545 -0.12193201  0.0712964  -0.02632594
 -0.01672015 -0.05446426]