[-0.0466782  -0.01952815  0.05986689 -0.09616436 -0.13582936 -0.0097693
  0.07034524 -0.04739866  0.12109184 -0.02229856  0.23659667 -0.06672321
 -0.28021818 -0.04748591  0.03277209  0.08379429 -0.08344989 -0.01978568
 -0.09062098 -0.10100929 -0.01425049  0.07686579  0.0632451   0.09105415
 -0.07517108 -0.33965263 -0.07913842 -0.09416839  0.01615165 -0.04849346
 -0.01148179  0.21208909 -0.15565388 -0.10620212  0.05193533  0.06998462
 -0.07572652 -0.11294989  0.14987139 -0.0217647  -0.06193338 -0.10805922
  0.04793259  0.27744871  0.09931226 -0.01296129  0.07800931 -0.03687043
  0.07625787 -0.27430817  0.07617892  0.10773612  0.12842144  0.0045833
  0.070713   -0.06646046  0.06511005  0.15747315 -0.24992691  0.07764261
  0.09281611 -0.0775471  -0.10296781 -0.1492203   0.21611106  0.10431199
 -0.11523574 -0.08803499  0.08149154 -0.09885722 -0.07096527  0.05949241
 -0.18754169 -0.21904413 -0.22971794  0.09098114  0.36509317  0.19531162
 -0.15797776  0.03092887 -0.0701971  -0.00753379  0.09086191  0.03976997
 -0.04906826 -0.02251776 -0.07606262  0.13778794  0.1372329  -0.08293524
 -0.0729197   0.19961001  0.00575196 -0.00676163  0.00442173 -0.01661786
 -0.02894611  0.04254277 -0.15228224  0.05953964  0.09718595 -0.05105949
  0.01013512  0.03360032 -0.17118956  0.15463223 -0.01114555 -0.07737834
  0.03922133 -0.18365091 -0.15636812  0.01430542  0.17410582 -0.27618608
  0.12524086  0.11396284  0.063094    0.17643891  0.00139018  0.02869201
  0.04729488 -0.0950575  -0.1610855  -0.05195125  0.21123134 -0.03097478
  0.0516271  -0.03123727]