[-0.09965598  0.09859281  0.0503038  -0.04455864 -0.03160703  0.06394727
  0.05054587 -0.05839771  0.11694116  0.01151273  0.15435271  0.01748174
 -0.25327995 -0.11510884  0.0333528   0.09106984 -0.09492886 -0.10261516
 -0.19666344 -0.13797544  0.07205682  0.08859996  0.01843272  0.12599897
 -0.20495303 -0.29236123  0.00468048 -0.08170559  0.00148732 -0.13183409
 -0.01728696  0.08830713 -0.20536634 -0.06032347  0.04918063  0.08107593
 -0.04339907 -0.05409134  0.18025057  0.02736837 -0.1433482   0.04333531
  0.05455197  0.29880995  0.20866883  0.02991016 -0.00770527  0.02187575
  0.1884398  -0.29530033  0.09375093  0.1708688   0.05339676  0.06202976
  0.12006806 -0.20032282 -0.038764    0.13880037 -0.14650857  0.15558253
 -0.00816486 -0.1928291  -0.06054008 -0.14120024  0.05523264  0.05392986
 -0.15500928 -0.11540516  0.04574562 -0.0877685   0.00895313  0.12626944
 -0.15751971 -0.18417886 -0.27013198  0.12760299  0.45663902  0.17747062
 -0.23931952 -0.06003406 -0.04494848  0.02749984  0.1055676   0.06475496
 -0.01839842 -0.08305693 -0.08390528  0.10360765  0.15742053  0.06151812
 -0.12121844  0.24215738 -0.04198874  0.02486826 -0.02625605  0.06216388
 -0.14920574  0.01319053 -0.08745907  0.03607953  0.05414044 -0.09216695
  0.01397899  0.05844337 -0.10889681  0.17909661  0.01772321  0.05884595
 -0.01190529 -0.00565535 -0.21129249  0.06013895  0.14323398 -0.2691088
  0.25821283  0.18049404  0.00954745  0.11730217  0.07173147  0.04039264
  0.03779834  0.01070311 -0.12861681 -0.11423773  0.13773631 -0.03473786
  0.10269228 -0.03076568]