[-0.15815717  0.10939638 -0.04360074 -0.02520421 -0.15524864  0.08841239
  0.04407019 -0.04120427  0.13406229 -0.06706296  0.18268414 -0.06428117
 -0.28809249  0.02805948 -0.11222776  0.1317409  -0.23395205 -0.11153194
 -0.14324267 -0.10827871  0.07038109  0.14300704 -0.09693711  0.04763592
 -0.15634826 -0.35334939 -0.04292859 -0.08059319  0.08845152 -0.15166762
  0.06485886 -0.0203873  -0.15514706  0.01084732  0.02362114  0.00991839
 -0.05503373 -0.07524955  0.17756     0.06280097 -0.1163162   0.01004031
  0.07167798  0.37591514  0.05809962  0.06259423 -0.00267502 -0.08835443
  0.06844527 -0.3012239   0.04482857  0.15633212  0.0619978   0.09779304
  0.03306967 -0.12163813 -0.02230645  0.07519685 -0.2185079   0.15859132
  0.10528823 -0.07665819 -0.06724874 -0.10587109  0.18070948  0.05410195
 -0.11982068 -0.16177692  0.14204641 -0.24782388 -0.07101531  0.04451076
  0.00724933 -0.1873599  -0.24750458  0.0589198   0.4751699   0.20946556
 -0.13989851 -0.03503778 -0.06958683 -0.05370001  0.12485169  0.06514484
 -0.07527229 -0.05381951 -0.08977222  0.11682879  0.23856896 -0.00885025
 -0.03669816  0.26656136  0.08200318 -0.05398929  0.0275402   0.05403276
 -0.124089   -0.02162565  0.01238923  0.04125909  0.07324676 -0.11304275
  0.04732092  0.09070934 -0.11305569  0.24600004 -0.00541788 -0.04631415
  0.04317444  0.03531335 -0.16128384 -0.04234652  0.20973957 -0.28134689
  0.18220578  0.17628525  0.05151631  0.15467386  0.01709746  0.09464802
 -0.01912342  0.00346186 -0.17369145 -0.13098288  0.00476591 -0.07570617
  0.01870815  0.00512639]