[-0.04421217  0.03355451  0.00587711 -0.10193902 -0.14665833  0.07961325
 -0.0088569  -0.03488398  0.09233738  0.03132759  0.15361786 -0.00325618
 -0.22034505  0.00816413 -0.01853516  0.07086497 -0.0515114  -0.06057966
 -0.16324723 -0.1439198  -0.05800676 -0.01270085  0.06171355  0.03134163
 -0.12966143 -0.20069337 -0.01976119 -0.15237837  0.13424672 -0.11604387
  0.0421353  -0.00891422 -0.17062031 -0.0402346   0.03804659  0.0635149
 -0.07472575 -0.14570327  0.18765394 -0.06181958 -0.12248303  0.01629972
  0.07100451  0.21526468  0.18627265  0.01467805  0.06817365 -0.04327936
  0.13631663 -0.24888512  0.15309237  0.01597361  0.07413327  0.085818
  0.04727739 -0.19312039  0.08094592  0.13208905 -0.16806121  0.09246009
  0.03832198 -0.07674333 -0.1111652  -0.07929511  0.20541951  0.15061221
 -0.08242987 -0.18720455  0.09100164 -0.17097965 -0.02243489  0.07533512
 -0.08007951 -0.04808264 -0.24311683  0.06597377  0.38340792  0.14916109
 -0.1863943   0.04168018 -0.07887445  0.0507132   0.03854507  0.0415912
 -0.08167187 -0.05435901 -0.04777293 -0.03478502  0.18876244 -0.09092504
 -0.05499407  0.14223529  0.02557991 -0.04590697  0.04533882  0.05035176
 -0.13695069 -0.01701431 -0.02026135 -0.02165446  0.09582499 -0.12842898
  0.05499317  0.03230979 -0.25977591  0.2029607  -0.02872402 -0.00599185
  0.10539478 -0.01078834 -0.03940196 -0.01748209  0.21170983 -0.3121849
  0.233244    0.17490944  0.04385028  0.16121306  0.09676684  0.12155418
  0.03620636  0.10540414 -0.09082133 -0.09142128  0.00078968 -0.02216151
  0.01126594  0.08850606]