[ 3.73897292e-02  1.11133836e-01  6.71391636e-02 -9.93662030e-02
 -1.49345443e-01  3.52890231e-02 -3.82650122e-02 -5.71702160e-02
  2.45440587e-01 -1.64487422e-01  1.80913657e-01 -3.36593837e-02
 -2.47419283e-01  9.75717157e-02 -3.75892669e-02  1.71567276e-01
 -1.74801797e-01 -8.05463046e-02 -6.73849732e-02 -4.18795459e-02
  4.67744619e-02  9.01893377e-02  3.02897533e-03  8.54768455e-02
 -5.12858480e-02 -3.55392039e-01 -1.83751732e-02 -8.09318498e-02
 -1.20414421e-04 -7.62650147e-02  3.20626646e-02  8.04552734e-02
 -1.31851017e-01  5.15545085e-02 -1.20312553e-02 -1.20450836e-03
 -1.59261987e-01 -1.15911670e-01  1.35380253e-01  1.37224691e-02
 -2.49579147e-01 -2.42934301e-02  7.14492705e-03  2.26995811e-01
  1.94588676e-01 -4.33221506e-03  1.59889236e-02 -7.06630871e-02
  1.22809500e-01 -2.85935938e-01 -4.16936129e-02  1.43494144e-01
 -7.92859960e-03  7.88629726e-02  3.54002789e-02 -2.06786200e-01
  2.18381584e-02  5.58604039e-02 -1.82034567e-01  5.44090830e-02
  9.69570726e-02 -1.08513929e-01 -5.01310974e-02 -5.21221906e-02
  2.06573963e-01  6.93701133e-02 -1.70548901e-01 -1.57521412e-01
  1.14282653e-01 -1.87655926e-01  3.06964712e-03  1.30107701e-01
 -1.53456867e-01 -2.22483739e-01 -1.48066416e-01 -1.44786388e-03
  4.42622840e-01  1.21308185e-01 -8.21649283e-02 -2.94818468e-02
 -5.96518628e-02  1.89741533e-02  4.98480424e-02  1.65947035e-01
  4.80113849e-02 -9.69654173e-02 -9.61493179e-02  6.11253642e-02
  1.34328723e-01 -1.15271293e-01 -2.77921688e-02  2.96236724e-01
 -2.02120766e-02  1.78943016e-02 -9.13395733e-02  9.24513713e-02
 -1.49643511e-01  8.65224972e-02 -8.34121406e-02  5.57943992e-03
  1.88073050e-03 -2.70273611e-02 -2.45350227e-02  9.15749744e-02
 -1.17310531e-01  2.33376756e-01 -2.16890480e-02  6.59402832e-02
  7.31753781e-02  2.22813711e-02 -9.59272906e-02 -8.46538842e-02
  1.57108143e-01 -2.14837417e-01  1.43987477e-01  1.48307592e-01
  8.93022642e-02  1.32932365e-01 -5.00012329e-03  8.84571895e-02
  2.26907656e-02 -7.37656653e-02 -2.53989577e-01 -3.07985768e-02
 -2.19096094e-02 -2.40147188e-02 -7.11443722e-02 -2.57628746e-02]