[-0.06267662  0.0388643   0.11030081 -0.0667411  -0.14022157  0.05211287
 -0.07226384 -0.10041995  0.16459845 -0.19071025  0.17218195 -0.05777593
 -0.32671049  0.1050435   0.00366293  0.16283305 -0.22406228 -0.16613618
 -0.06204016 -0.04086098  0.01347324  0.021893   -0.01943668  0.1241757
 -0.10430294 -0.38736212 -0.09068625 -0.02574352 -0.08785808 -0.08840688
  0.08356651  0.07932028 -0.12358979  0.13548878 -0.01345875  0.10244531
 -0.08004761 -0.20464817  0.19656488  0.06106817 -0.22398849 -0.02104614
  0.05993455  0.21195266  0.16834308  0.01255884  0.02259723 -0.07537201
  0.15804467 -0.32633024  0.03369256  0.26194268  0.06086671  0.03570755
  0.1329044  -0.16221432  0.0274246   0.09408581 -0.09991807  0.07348639
  0.10867855 -0.06309915  0.07168234 -0.12600021  0.20204258  0.07701745
 -0.15533361 -0.06172292  0.18313131 -0.12479203 -0.10760491  0.06747751
 -0.18971217 -0.25980186 -0.20233127  0.03510692  0.42474845  0.16175379
 -0.10451449 -0.00137883 -0.05644502 -0.05428134 -0.01808798  0.19515844
 -0.00601344 -0.13047224 -0.10379472  0.08130426  0.25017264  0.00391157
  0.02717861  0.31236205  0.0023993  -0.03990044 -0.04116959  0.01541809
 -0.11559173  0.00603116 -0.11863329 -0.0132628  -0.03002802 -0.03376031
 -0.03783659  0.09174298 -0.17791796  0.12217555 -0.0324265  -0.05584402
  0.02830132  0.02352506 -0.18553494 -0.02941953  0.17821613 -0.26624826
  0.08825712  0.14371082  0.10438237  0.10421349  0.03616145  0.15233049
  0.01363243 -0.09797835 -0.19537196 -0.07667018  0.01618401  0.01480984
 -0.06660473  0.02833595]