[-0.13879618  0.09882186  0.01557354 -0.07464354 -0.10357685  0.05295059
 -0.02079612 -0.00711178  0.22043519 -0.0962524   0.1201655  -0.01490687
 -0.21022204  0.02210682 -0.01944307  0.1013184  -0.16832164 -0.14950769
 -0.01943442 -0.02927422  0.05163523  0.03597848 -0.06294228  0.14484377
 -0.07739333 -0.34676316 -0.10987932 -0.08366276  0.06144857 -0.13842236
 -0.02571192  0.04697937 -0.14841932 -0.02081677  0.00891345 -0.0054423
 -0.01211409 -0.06528924  0.25499788  0.10662328 -0.15810521  0.02442011
  0.04258264  0.34791476  0.14860186  0.07136194  0.00128837 -0.00411934
  0.2010272  -0.21968232 -0.02411501  0.20683309  0.11930756  0.04360262
  0.03175194 -0.1364738   0.04761846  0.13949716 -0.25396156  0.22645435
  0.04483849 -0.17612542  0.0417702   0.02202807  0.22812232  0.06258054
 -0.10375091 -0.18833432  0.13076919 -0.17868172 -0.02268367  0.11432604
 -0.10518245 -0.20537962 -0.16871037  0.07622503  0.39807275  0.19150764
 -0.14022072  0.02909002 -0.06752501 -0.11004152  0.08269379  0.16741572
 -0.09694478 -0.08848594 -0.12363583 -0.00100798  0.27341831  0.09338437
  0.00366914  0.28347835  0.0374511   0.02641273 -0.0348337   0.02737176
 -0.17162317 -0.02137152 -0.06487925 -0.03708506 -0.04803853 -0.07437018
  0.00958874  0.11952248 -0.18869951  0.13608934 -0.06583145 -0.01996477
 -0.10398589  0.033939   -0.11458508 -0.01695228  0.11387374 -0.25219864
  0.13089152  0.15833473  0.10455749  0.10405372  0.04185318  0.02113637
  0.05255851 -0.0460329  -0.12094044 -0.06902645  0.07544923 -0.05182614
  0.07776064 -0.0206384 ]