[-0.15192224  0.12133756  0.06892513 -0.05677215 -0.09499609 -0.02749745
 -0.02967693 -0.0560862   0.14657786 -0.10863909  0.24413876  0.01510273
 -0.31899828 -0.00336093 -0.09443252  0.11447617 -0.15809731 -0.09503439
 -0.06427093 -0.11988925  0.09575931  0.12354632 -0.02389877  0.03083872
 -0.09730493 -0.21014848 -0.11928476 -0.04068865  0.06295022 -0.13231537
 -0.02045902  0.0791775  -0.12893675 -0.1175325   0.06108394  0.09829617
 -0.09444531 -0.05303638  0.20978086  0.06434223 -0.09410652  0.00062292
  0.04728575  0.3401106   0.09873304  0.08009503 -0.05791752 -0.03873128
  0.09517276 -0.33128017  0.06640874  0.181825    0.15785301  0.10481389
  0.07756986 -0.22880514  0.02850046  0.13492455 -0.20330009  0.12634639
  0.02560642 -0.20572847 -0.02019086 -0.04853947  0.14951876  0.11335436
 -0.10713953 -0.10962915  0.20258559 -0.13402902 -0.07736564  0.12093405
 -0.08650271 -0.16627677 -0.22548977  0.06343907  0.37939519  0.1735761
 -0.1139657   0.01294311  0.00571661 -0.02857579  0.0312479   0.06891735
 -0.13948463 -0.01221314 -0.07696103  0.03161563  0.14378972  0.00107138
 -0.0975284   0.26181105  0.04098605  0.10436668  0.12000679  0.0149512
 -0.05387463 -0.1087024  -0.13666365  0.00180795  0.03801595 -0.19095394
 -0.03641165  0.09960146 -0.09036297  0.10361096 -0.01799373 -0.0323303
 -0.0827842  -0.00524332 -0.14820617  0.01250782  0.18150942 -0.26428553
  0.2366289   0.21295258  0.0047823   0.14745462  0.12108991  0.0289259
  0.03005795 -0.08629347 -0.11023858 -0.15942509  0.09479943 -0.04787266
  0.06017121  0.00440181]