[-0.06825881  0.0678776   0.00250799 -0.00922671 -0.09396364 -0.02054654
 -0.06317381 -0.10186211  0.10934086 -0.07637805  0.08960073 -0.11124035
 -0.22411984 -0.02649961 -0.03718811  0.13873518 -0.11635176 -0.24091446
 -0.03808823 -0.02676214  0.0298353   0.06084369  0.01981597  0.16726792
 -0.16167714 -0.37777776 -0.0979873  -0.14520656 -0.01989436 -0.09763584
 -0.04936562  0.11384085 -0.1831398  -0.01353535  0.08486593  0.11722399
  0.0434821  -0.05455541  0.22395162  0.1004201  -0.27517533  0.01337667
  0.10441627  0.33530739  0.24653266  0.01699731  0.00676054  0.0271142
  0.13474736 -0.24093036  0.04605635  0.203293    0.11401051  0.0685009
  0.03595324 -0.14351958  0.02011045  0.04743163 -0.24376597  0.03250455
  0.03429734 -0.07786761  0.01111424 -0.02874601  0.17598687  0.07110681
 -0.07279666 -0.13901983  0.18792415 -0.27196488 -0.00066202  0.13077269
 -0.14021066 -0.17189023 -0.15989186 -0.04207063  0.41758731  0.14648831
 -0.13235253  0.13117638 -0.04796111 -0.08803492 -0.00835634  0.11835484
  0.05147702  0.08037055 -0.04506483  0.05623066  0.2479642   0.00654793
  0.02596933  0.24648702 -0.01301071 -0.02122252  0.11722694  0.03876647
 -0.0632494  -0.03064476 -0.1014922  -0.0124019  -0.1216732  -0.07981529
 -0.01505454 -0.00216742 -0.23441304  0.18633066 -0.00555938 -0.02719563
 -0.10279416  0.01726414 -0.05038533 -0.00058591  0.18024154 -0.30516854
  0.13665135  0.13647288 -0.01101484  0.14235276 -0.04889847  0.06383839
  0.01952561 -0.09696854 -0.14735223 -0.12650654  0.0381253  -0.07535516
  0.03864042  0.0193971 ]