[-1.11871414e-01  1.37293804e-02  1.97430700e-02 -7.01532215e-02
 -9.49474275e-02 -3.58788371e-02 -4.28680368e-02 -1.13653220e-01
  1.26003996e-01 -1.25368476e-01  2.83239812e-01 -7.44626597e-02
 -1.20744601e-01 -1.35853320e-01 -7.57403970e-02  1.72353655e-01
 -1.63522884e-01 -9.12187546e-02 -6.47749081e-02  7.20166322e-03
  8.51229653e-02 -6.71963543e-02 -2.20108405e-02  4.04359400e-02
 -7.57833347e-02 -3.89222950e-01 -8.29628780e-02 -7.88953304e-02
 -5.57464547e-03 -2.31217947e-02 -2.11423822e-02  4.81985882e-02
 -2.40440443e-01 -8.97873044e-02 -2.44231429e-03  5.68432584e-02
 -4.53973673e-02 -1.27639864e-02  1.24569565e-01 -1.64823141e-03
 -1.83890700e-01 -6.45082491e-03  5.10693789e-02  2.13292077e-01
  1.48572490e-01  1.19427547e-01  5.14875278e-02 -1.21479422e-01
  1.52687877e-01 -1.58936277e-01  1.98902935e-02  9.55776349e-02
  1.26933977e-01  4.65261638e-02  1.16298497e-02 -8.68676007e-02
  5.62327504e-02  1.23219490e-01 -1.32967278e-01  4.87590060e-02
  6.91569820e-02 -9.08651724e-02 -6.72686100e-02 -8.94556195e-02
  2.68677592e-01  1.02058023e-01 -7.27645904e-02 -1.84000596e-01
  1.74057052e-01 -1.06872179e-01 -8.07139128e-02 -5.00521110e-03
 -1.22011334e-01 -1.99709848e-01 -2.99964607e-01  3.97268981e-02
  3.00451815e-01  1.34418279e-01 -1.97367862e-01  2.74442565e-02
 -6.67554438e-02  6.36075065e-02  1.51422739e-01  1.07883550e-01
  1.93696469e-05  2.32256092e-02 -8.87421742e-02 -6.50956258e-02
  2.07673416e-01 -8.93740579e-02  4.01273184e-03  2.10141093e-01
 -3.61455120e-02  2.38869824e-02 -2.77993642e-03 -5.56037575e-02
 -1.09324746e-01  1.07794523e-01 -1.22329846e-01 -1.85307730e-02
  7.99840316e-02  1.72675215e-02  4.03650329e-02  6.36925772e-02
 -1.44968987e-01  1.00693479e-01 -7.65649006e-02  6.44312352e-02
  5.02070561e-02 -3.90618891e-02 -1.09180346e-01 -1.05729371e-01
  7.86395893e-02 -1.76781818e-01  2.25185499e-01  1.61871389e-01
  8.45453218e-02  1.43381804e-01  1.67857140e-01  8.94415975e-02
  1.02435909e-02  8.38672556e-03 -2.15868488e-01 -9.90654621e-03
  1.27604425e-01 -2.88414806e-02  4.06820774e-02 -2.53249966e-02]