[-0.05344296 -0.04888225 -0.03188071 -0.10354358 -0.1490324  -0.03199538
 -0.02749128 -0.02216641  0.19484159 -0.09874938  0.1859917   0.04416355
 -0.23294798 -0.01925847  0.02403221  0.03711206 -0.17858371 -0.0957448
 -0.02437964 -0.1122749   0.13648818  0.05533566 -0.00714757  0.0687349
 -0.20917924 -0.25215518 -0.14131856 -0.14513974  0.11759163 -0.08403378
  0.05243867  0.00771909 -0.13258035 -0.01516107  0.02261972  0.0565382
 -0.05667579 -0.13161397  0.21729207 -0.0023721  -0.12751886 -0.1104001
 -0.00150905  0.19661808  0.12588815 -0.00499358  0.09461045 -0.0499856
  0.17452216 -0.24191628  0.11431468  0.21521783  0.05453333  0.11783333
  0.06719401 -0.144191    0.07387435  0.2096476  -0.24204318  0.10925706
  0.08357744 -0.02564802 -0.00800012 -0.0111653   0.14586028  0.04248057
 -0.12447304 -0.17654063  0.21141134 -0.20964052 -0.08789442  0.07079355
 -0.16496897 -0.19117828 -0.25000408  0.01150061  0.35349655  0.14839175
 -0.06832644  0.0527158  -0.12239397 -0.06744146  0.01256368  0.01492299
 -0.02943648 -0.02597946 -0.13608947  0.08771131  0.2057716  -0.03530741
  0.05958553  0.26850551  0.0610907   0.00344935  0.04693064  0.14065053
 -0.13676268 -0.01113709 -0.00863798  0.06428616  0.07198428 -0.12589356
  0.01762863  0.12290012 -0.17197685  0.25025374 -0.03716621 -0.01784873
 -0.07878371 -0.08114948 -0.14215055 -0.03085313  0.18224308 -0.21336305
  0.15056327  0.15128905  0.10352332  0.16528849 -0.01242648  0.06665888
 -0.03748105 -0.12796077 -0.23940165 -0.0611469  -0.07170367 -0.02381671
 -0.07548356  0.06743555]