[-0.10306291  0.13059157  0.04248941 -0.01763951 -0.13027658  0.04636844
 -0.0341604  -0.05493131  0.16296493 -0.07325822  0.15908012  0.03165274
 -0.23911503  0.12288332 -0.05152726  0.16421743 -0.17003989 -0.18680157
 -0.09767707 -0.03598875  0.05245438  0.1084967   0.0775566   0.11210497
 -0.1478772  -0.33554897  0.02420346 -0.06462053  0.07706445 -0.0928308
 -0.01522763  0.05286015 -0.2000514   0.03837431  0.00708578  0.06360389
 -0.10195546 -0.13528326  0.24376826  0.08597554 -0.31825957  0.02038264
  0.09821508  0.26733154  0.24790436  0.02315925  0.05131102 -0.14061701
  0.06699842 -0.34221777  0.07708615  0.1717381   0.03094421  0.07522914
  0.05306277 -0.17641768 -0.02456426  0.0936219  -0.15794598  0.00867463
  0.06459134  0.05188467  0.0476132  -0.12398878  0.215359    0.06304311
 -0.11379107 -0.03453723  0.17669237 -0.1945288  -0.11654277  0.14487149
 -0.05628636 -0.22984873 -0.23662786  0.00851412  0.38485095  0.18317889
 -0.02236486  0.09126885 -0.00776192 -0.07220677 -0.04380507  0.1569542
 -0.11760478  0.01918636 -0.00215315  0.09473311  0.25640261  0.05840014
  0.01158453  0.29347456  0.07070243 -0.053       0.04579906  0.15888403
 -0.08623084 -0.02892194 -0.17864293 -0.0613052  -0.04480785 -0.01087138
  0.01760761  0.13180239 -0.2571013   0.15983161 -0.05102501 -0.06678259
  0.04061604  0.01759493 -0.02426513 -0.02459338  0.1089018  -0.25143838
  0.09455771  0.17079087  0.08302337  0.12022333  0.06560747  0.04537563
  0.02398685 -0.06008411 -0.23404014 -0.05564686  0.10304028 -0.07728249
  0.02595257  0.08389591]