[-0.09019204  0.12419605  0.01495982 -0.06625108 -0.18504918  0.00971736
 -0.03272483 -0.0508768   0.20463985 -0.1757759   0.25180736 -0.05487197
 -0.23026426 -0.02385825 -0.03298741  0.09664796 -0.08645802 -0.17646007
 -0.14173174 -0.13804728  0.02490504  0.07716636 -0.00766421  0.06077809
 -0.13091265 -0.3059614  -0.02627769 -0.0997219   0.15199214 -0.19214076
  0.01374928  0.01389682 -0.19076243 -0.03761651 -0.01103241  0.02358582
 -0.10365621 -0.03964605  0.30007145  0.04434264 -0.22226983  0.01395845
 -0.06794573  0.29565763  0.15135993 -0.03256142 -0.00946417 -0.19029553
  0.18499735 -0.24091776  0.122885    0.29093716  0.07524095  0.1046668
  0.06682689 -0.14189643  0.04933743  0.15974312 -0.21002407  0.05836973
  0.10327146  0.00574674 -0.04828404 -0.08406752  0.09566868  0.03902797
 -0.08425014 -0.18149284  0.12606171 -0.19787508 -0.05449382  0.15596999
 -0.08203936 -0.21843693 -0.26482388  0.05825708  0.37554535  0.22499858
 -0.19568688  0.0096373  -0.04423724 -0.09541634  0.08145856  0.07167004
 -0.13585256 -0.02805475 -0.06560069  0.07737708  0.12911026  0.01087025
 -0.01988274  0.26661763  0.07687472  0.04179893  0.06312396  0.11332212
 -0.17977807 -0.04398382 -0.09858368 -0.02411536  0.04250323 -0.08045197
 -0.03275099  0.08518772 -0.194382    0.33751643 -0.03011182 -0.00810642
 -0.08162515 -0.0311696  -0.02794231  0.01306291  0.18219955 -0.19505152
  0.18043455  0.14550394  0.0859879   0.17827202  0.13700947  0.02024887
 -0.03527682 -0.07118304 -0.19858325 -0.08479693  0.00110983 -0.04800019
  0.0227922   0.02575609]