[-0.06630456 -0.04127744  0.08555024 -0.1378839  -0.1416124  -0.02987342
 -0.03277175 -0.08062069  0.19209042 -0.2583262   0.08497056 -0.04706777
 -0.13516767  0.0949475  -0.02928386  0.17631903 -0.07917632 -0.18684474
 -0.05767968 -0.07829136 -0.0056101   0.07040057 -0.07368483  0.13029507
 -0.11123504 -0.26268047 -0.04084871 -0.01141673  0.00825406 -0.0339866
 -0.03680982  0.12052131 -0.19642459  0.04897049  0.03236573  0.13227534
 -0.08654573 -0.11159874  0.22133049  0.05017677 -0.26036534 -0.04966867
  0.06926676  0.23320661  0.18575047 -0.02480588 -0.02948594 -0.07759178
  0.12347161 -0.30757886  0.04330858  0.11183496  0.07914496  0.05009578
  0.10555519 -0.15950792  0.04228892  0.02947042 -0.15236714  0.0124361
  0.01811259 -0.10261776 -0.03643843 -0.14070393  0.25931457  0.13058296
 -0.0989729  -0.09934734  0.2210499  -0.19074863 -0.0951758   0.03061003
 -0.06058682 -0.1195353  -0.23569521 -0.04632667  0.39005077  0.19209671
 -0.17289475  0.11388557 -0.00458516 -0.04520231  0.09248006  0.15115085
 -0.02858809  0.00492727  0.03989165  0.06243671  0.20743172 -0.01375813
 -0.01424735  0.15696238  0.01038389 -0.00594486  0.01236644 -0.00649436
 -0.09015007  0.00517079 -0.14402544 -0.01142456  0.02440308  0.0053647
  0.0468274   0.17639913 -0.23814526  0.22040012 -0.02387602 -0.08075344
  0.05550035  0.09980834 -0.1145777  -0.04678112  0.09396499 -0.23042907
  0.1265402   0.099805   -0.02251912  0.15280604  0.04576425  0.10309235
  0.03597675 -0.00760093 -0.19785212 -0.08460372  0.07727166 -0.04169033
  0.07032365  0.08320083]