[-9.84083936e-02  1.12683661e-01  1.88225824e-02 -6.16348684e-02
 -6.25037402e-02 -3.46194729e-02  6.37191385e-02 -2.84150541e-02
  1.57068893e-01 -2.92529669e-02  1.47179425e-01 -1.18513770e-01
 -2.90861756e-01  6.25081658e-02 -1.11112267e-01  9.24502686e-02
 -1.72570780e-01 -1.14887916e-01 -1.61301702e-01 -1.31000593e-01
  6.90739304e-02 -1.04674585e-02 -1.19368304e-02  9.43510681e-02
 -1.68837652e-01 -2.41635174e-01 -3.14629115e-02 -1.52966753e-01
  8.21809396e-02 -1.50659040e-01  8.80638435e-02  5.03725149e-02
 -1.54500306e-01 -5.56145087e-02 -2.60563754e-02 -2.72316672e-03
 -3.78442928e-05 -7.00610504e-02  2.56146908e-01 -4.01869714e-02
 -1.25183359e-01  1.24355771e-01  5.81390560e-02  3.84914935e-01
  1.59721091e-01  6.81778640e-02  7.53736496e-03 -3.23163234e-02
  2.03464314e-01 -3.06415677e-01  5.03664613e-02  1.55831948e-01
  8.61233622e-02  7.65220374e-02  6.60674274e-02 -1.57565653e-01
  6.47607595e-02  1.32035911e-01 -2.20450938e-01  1.76693290e-01
  8.30677077e-02  3.77110578e-03 -3.16446088e-03 -4.56401706e-02
  1.18693046e-01 -1.40294880e-02 -1.52228355e-01 -3.62823755e-02
  9.57923383e-02 -1.85525149e-01  3.43546011e-02  7.67030939e-02
 -1.34994343e-01 -1.72251552e-01 -2.31701419e-01  9.34340730e-02
  4.62542593e-01  1.56617001e-01 -1.29694492e-01  1.27713652e-02
 -5.34769669e-02  1.49684027e-04  6.70867264e-02  7.05890637e-03
 -1.40033960e-01 -1.09796196e-01 -1.09477282e-01  8.79457220e-02
  2.12791830e-01 -1.53939426e-03 -7.55953044e-02  2.15965137e-01
  5.69259562e-02 -8.12922418e-02 -4.03661653e-02  7.67289847e-02
 -1.74335539e-01 -3.53824869e-02 -9.57705677e-02  5.85369989e-02
  6.52305037e-02 -1.04182914e-01 -6.30624220e-02  5.57332113e-02
 -2.03027681e-01  1.79598063e-01 -7.00679654e-03 -1.96203832e-02
 -6.96745366e-02  7.33297169e-02 -1.60896912e-01  3.61136757e-02
  1.95740163e-01 -2.21677840e-01  1.74953654e-01  2.30552375e-01
  6.51720092e-02  7.64419436e-02  5.54516092e-02 -2.54832692e-02
  5.19430637e-02  7.94713125e-02 -1.15742214e-01 -1.63816512e-01
  8.26449022e-02 -8.39603785e-03  6.62950426e-02  1.30907688e-02]