[-0.18082373  0.13443643 -0.04920178 -0.00526782 -0.14246322  0.10814563
 -0.01782107 -0.11096358  0.1648071  -0.05190567  0.21414994 -0.00352166
 -0.29977486  0.02386375 -0.01673071  0.04962582 -0.13713677 -0.2092043
 -0.01898465 -0.05347855  0.02498531 -0.03959147 -0.04934984  0.09331983
 -0.16736597 -0.27161929 -0.03187177 -0.08308427 -0.0046934  -0.16318016
 -0.02973056  0.00236707 -0.13160379  0.00871789  0.02614771  0.12073465
 -0.07995605 -0.10379871  0.30358201 -0.00128569 -0.17808014  0.0140999
  0.04439493  0.29157954  0.13773195 -0.00897157 -0.03325044 -0.03288633
  0.14489383 -0.27545923  0.08169091  0.2559818   0.16812705  0.06519879
  0.00704039 -0.17855105 -0.05380856  0.1549727  -0.23360091  0.06268968
  0.04041253 -0.10218262  0.01085484 -0.10538153  0.20464793  0.19647036
 -0.1328778  -0.11892968  0.1276854  -0.14086501 -0.10595196  0.08653022
 -0.12105471 -0.31314659 -0.18379025  0.16300875  0.38132092  0.25332516
 -0.11105786  0.02497209 -0.00526947 -0.08121698 -0.00843491  0.11200701
 -0.0994408  -0.01680367 -0.06123001  0.06591459  0.20145313  0.06052316
 -0.08672839  0.2043943   0.01342746  0.03509802  0.04595976  0.07746888
 -0.06401201 -0.02302289 -0.11662921 -0.01775861 -0.01774854 -0.06889711
  0.0746778   0.1063704  -0.14472672  0.10294131 -0.03686132 -0.04385783
 -0.0827675  -0.00571787 -0.05995574  0.01584966  0.12571447 -0.36070189
  0.20695335  0.11252189  0.06930729  0.17909832  0.0804041   0.00299204
  0.10017868 -0.03555838 -0.13743468 -0.09934674  0.07113599  0.02822959
  0.11497361  0.04730052]