[ 0.01069908  0.04521323  0.06281143 -0.05152833 -0.07125192 -0.00780269
 -0.00040956 -0.06266261  0.13744392 -0.11406808  0.20018117 -0.06214015
 -0.25604165  0.01477772  0.02300207  0.04599168 -0.07180549 -0.04294598
 -0.11608551 -0.05862317  0.05009115  0.0766589   0.02777015  0.0954023
 -0.09358647 -0.28155231 -0.09169836 -0.07179757  0.0544421  -0.06628677
  0.01277454  0.09701388 -0.06875934  0.03677377  0.00037571  0.07405378
 -0.14536177 -0.11208539  0.18661013 -0.01943912 -0.13774242 -0.05981977
 -0.02887864  0.21660897  0.15667567 -0.02095956  0.05139242 -0.08067591
  0.09985294 -0.21795191  0.01618091  0.1791448   0.07579392  0.16608973
  0.08419202 -0.13640079  0.11246194  0.15465756 -0.17136742  0.10192608
  0.02477922 -0.14205849  0.04608159 -0.02030757  0.15899408  0.04399141
 -0.11653114 -0.13916607  0.0336835  -0.24551977 -0.08482762  0.16640507
 -0.11539446 -0.20731741 -0.21148576  0.00413303  0.3516539   0.21965615
 -0.17162262 -0.00236746 -0.04528155 -0.05832729  0.14491372  0.09537813
 -0.07816334 -0.05629839 -0.14912012  0.01202326  0.20441116 -0.05449091
 -0.04941947  0.27701783  0.03042299  0.05614447  0.02243466  0.00748781
 -0.08213384  0.01944097 -0.02492027  0.01180171  0.03858717 -0.13540001
 -0.02500005  0.01146219 -0.1532234   0.2490842  -0.0150203   0.04193304
  0.02761478 -0.0489001  -0.15094668  0.00739778  0.22289896 -0.27403075
  0.13034686  0.14747137  0.10000794  0.15151797  0.05803446  0.10409705
 -0.04130609 -0.0918994  -0.13161865 -0.01893168  0.05244331  0.00439533
  0.0296807  -0.01622831]