[-0.03187756  0.07870056  0.07343792 -0.09094609 -0.18101954  0.08460426
 -0.10196215 -0.04141481  0.27038828 -0.1602668   0.1421099  -0.03436338
 -0.20304346  0.10275989 -0.0833995   0.19509256 -0.10136967 -0.13387074
 -0.07472277 -0.03732613  0.00660562  0.10859802 -0.00500099  0.1425325
 -0.10242428 -0.40589392 -0.06378391 -0.08279528 -0.0191584  -0.09418551
 -0.0628381   0.06226517 -0.21079448 -0.0086777   0.01404097  0.02988918
 -0.06035086 -0.14508176  0.17417015  0.11617649 -0.25274536 -0.0451766
  0.02505568  0.19059429  0.11614698  0.07918995  0.0826585  -0.10889234
  0.18861461 -0.25048599  0.03325521  0.17216054  0.0597016   0.01374673
  0.03615588 -0.13766792 -0.00975944  0.11172335 -0.18344431  0.08402667
  0.07406469 -0.05323676 -0.06357208 -0.12725304  0.25306159  0.15905195
 -0.09559227 -0.16160579  0.21862409 -0.13447163 -0.06428631  0.08579452
 -0.12418552 -0.18833475 -0.21291119 -0.00445784  0.44263569  0.11529495
 -0.07260922  0.02332622 -0.09396558 -0.01688668 -0.04636218  0.13527316
 -0.03781721 -0.02953453  0.00800323  0.06864866  0.28756818 -0.01525917
  0.00865007  0.21958891 -0.03925513  0.01714979 -0.06763855  0.07351097
 -0.14650154  0.03132982 -0.04604816  0.01697578  0.02022197  0.02990954
  0.0064197   0.08917166 -0.24267022  0.16132623 -0.08331831 -0.05968643
  0.05155826  0.02727397 -0.14339714 -0.04080218  0.18436655 -0.22597124
  0.16614206  0.09476703  0.05967116  0.13755609  0.0361393   0.10241748
  0.03329922 -0.08892292 -0.24085848 -0.1325538   0.11825926 -0.0809676
  0.01087595  0.00679393]