[-1.16264969e-01  9.39906687e-02  2.91779060e-02 -1.49383038e-01
 -1.08903229e-01 -5.75529747e-02 -2.26937011e-02 -6.22939691e-02
  1.94378212e-01 -1.99239567e-01  1.93235189e-01 -4.05697487e-02
 -1.70324430e-01 -3.82597744e-02 -5.12670912e-02  2.53734410e-01
 -1.27445579e-01 -1.68388844e-01 -1.19754016e-01 -1.05971932e-01
  9.06046927e-02  1.10013351e-01  2.53514480e-03  1.05209708e-01
 -1.42426953e-01 -3.30342263e-01 -1.21238478e-01  1.50464475e-05
 -2.40436643e-02 -1.09230086e-01  8.09945911e-02  1.79544657e-01
 -8.67424384e-02  5.58286458e-02  4.54904810e-02  8.02831426e-02
  2.91469414e-03 -1.01027995e-01  2.11362004e-01  8.85937959e-02
 -3.40443015e-01 -6.58028759e-04  7.61997178e-02  3.40568244e-01
  1.93393543e-01 -8.48473385e-02  2.94429027e-02 -4.85627837e-02
  1.46910772e-01 -2.51613945e-01 -7.97951408e-03  1.94196865e-01
  8.12469982e-03  5.16108349e-02  1.52151044e-02 -6.38225228e-02
  5.16636297e-02  2.02504769e-01 -2.16977254e-01 -5.21964543e-02
  7.79207721e-02 -2.08053499e-01 -5.37888184e-02 -5.12945876e-02
  9.31880325e-02  1.23756431e-01 -1.64202332e-01 -2.05549985e-01
  1.48677915e-01 -1.77186310e-01 -4.09853049e-02  1.07407540e-01
 -1.93959877e-01 -1.90504029e-01 -2.85224646e-01  1.71298627e-02
  4.10473794e-01  1.47807389e-01 -6.39493465e-02  9.26693305e-02
 -4.33987305e-02  1.47445276e-02  3.59870940e-02  2.06100821e-01
 -2.61859205e-02 -3.31737325e-02 -6.68669492e-02  7.78140500e-02
  1.82373241e-01 -2.90255453e-02 -3.24506238e-02  2.73833871e-01
  3.79881784e-02  2.58890726e-03 -4.20263596e-02  1.05140701e-01
 -1.09993801e-01 -6.59970567e-03 -5.77062368e-02  1.76922642e-02
 -3.84306908e-02 -3.24144363e-02 -2.25992352e-02  1.13621369e-01
 -1.86736375e-01  2.60005593e-01 -1.17102657e-02  3.22317481e-02
 -4.52883877e-02  3.12058628e-02  2.94478238e-03 -6.03672042e-02
  6.90224171e-02 -1.59180760e-01  5.61230592e-02  2.17878297e-01
  5.10361865e-02  1.61854878e-01  1.16027340e-01  8.26589167e-02
  1.18922871e-02 -1.00136638e-01 -1.69563100e-01 -2.75949389e-02
  6.47641867e-02 -9.68326442e-03  8.71458743e-03 -7.84174912e-03]