[-0.08649896 -0.01175562  0.109835   -0.08586033 -0.08324307  0.03671828
 -0.04975429  0.00957282  0.11112527 -0.13842431  0.1953543  -0.03062721
 -0.17184395 -0.05494076  0.07103249  0.10747469 -0.14806101 -0.07897299
 -0.08017216 -0.04642135  0.05365113 -0.01078066 -0.02267754  0.09097774
 -0.14565924 -0.37174779 -0.14657034 -0.08711901 -0.04009225 -0.11837107
 -0.06772177  0.08865976 -0.1013677  -0.01979875 -0.01320849  0.05623602
 -0.08134386 -0.076615    0.17662889  0.04274137 -0.15683836  0.06221253
  0.02959641  0.27540296  0.2484455   0.11593202 -0.01693862  0.00476621
  0.2066571  -0.3319155   0.07513085  0.14697182  0.05010626  0.05695809
  0.10667364 -0.11327576  0.01722199  0.08494958 -0.26663122  0.10735795
 -0.077479   -0.19756144 -0.01929042 -0.10876177  0.17986192  0.21275009
 -0.11090669 -0.16210783  0.20581317 -0.16686983 -0.06465735  0.04615463
 -0.18451105 -0.20583366 -0.30710715  0.08109079  0.40049526  0.1719123
 -0.15605265  0.02814347 -0.00840601 -0.08757618  0.05722669  0.17580944
 -0.03736668 -0.08195329 -0.02299136  0.05305814  0.17919467 -0.02609003
 -0.04362268  0.25200456  0.01004881  0.06294184  0.04398276  0.01444719
 -0.08336635 -0.00852763 -0.17631735  0.03528564 -0.00480582 -0.07989418
 -0.00099325  0.10742908 -0.15161301  0.16869079 -0.03252476 -0.05676821
 -0.05590839 -0.02394364 -0.17868163 -0.01313432  0.13016152 -0.29302183
  0.12391145  0.21021858  0.10766331  0.14149119  0.05611018  0.04881547
  0.03983207 -0.02545623 -0.20746166 -0.02445143  0.10231657  0.0214156
 -0.0107875   0.04586095]