[-1.01685278e-01  9.79298130e-02  8.80716443e-02 -8.23192894e-02
 -1.76514745e-01  6.13427572e-02 -1.73719853e-01 -1.12858184e-01
  9.10443142e-02 -1.82930425e-01  1.76039800e-01 -2.05953792e-02
 -1.69755384e-01  1.01671182e-01  5.50654810e-03  1.64919734e-01
 -2.10541829e-01 -1.18444599e-01 -4.59847488e-02 -1.05030164e-01
  1.19107636e-03  8.39668587e-02 -2.64025256e-02  5.88411354e-02
 -1.74819767e-01 -2.97718078e-01 -7.09281713e-02 -5.91079369e-02
  3.43505442e-02 -7.89083466e-02 -7.28781428e-03  3.69093977e-02
 -1.88451394e-01  4.99509461e-02  1.07788928e-02  1.47217572e-01
 -1.23787979e-02 -3.00977752e-03  1.29594445e-01 -7.01268902e-03
 -2.13048339e-01  3.35995704e-02  9.49783623e-02  2.64007300e-01
  2.72856891e-01  3.92068662e-02  2.02516541e-02 -7.12974519e-02
  1.13607049e-01 -2.96227068e-01  1.04614325e-01  1.42053574e-01
  2.45270282e-02  8.46887603e-02  5.97037636e-02 -1.33239403e-01
 -2.58555934e-02  1.46532699e-01 -9.55313668e-02  8.49875435e-02
  1.59455597e-01 -1.25374291e-02  5.75202182e-02 -7.71579221e-02
  3.02654713e-01  5.02035134e-02 -1.66981816e-01 -1.25651181e-01
  1.08897291e-01 -1.46253526e-01 -9.19299051e-02  8.34294483e-02
 -1.35476053e-01 -1.87931478e-01 -3.00876826e-01  7.31273741e-02
  3.88785690e-01  1.53316051e-01 -1.35555491e-01  7.02646673e-02
 -2.55607031e-02 -7.53523335e-02  6.36750758e-02  1.26775861e-01
  3.94073613e-02 -2.62001827e-02 -2.22518072e-02  1.22938804e-01
  2.87905097e-01 -2.54798606e-02  6.48151115e-02  2.94031203e-01
 -6.71406090e-03 -2.28143129e-02 -1.49468482e-02  1.56340927e-01
 -1.31872490e-01 -4.69267741e-02 -1.60408586e-01 -3.57834101e-02
 -2.71147825e-02  1.64160840e-02  3.14480159e-04  1.58610135e-01
 -1.89075440e-01  2.54031718e-01 -8.08288231e-02  1.90059282e-03
 -3.24437618e-02 -8.77606869e-03 -8.64282846e-02 -3.29348296e-02
  2.26204231e-01 -2.29364663e-01  1.11042015e-01  1.61416531e-01
  4.94340546e-02  1.12861864e-01  8.19914415e-02  8.42416361e-02
  2.12333556e-02 -1.61257461e-02 -2.13209331e-01 -3.99784334e-02
  4.13524657e-02 -1.17220402e-01  2.04576142e-02  8.23083073e-02]