[-1.73478290e-01  1.05869070e-01  9.10474584e-02  2.01497739e-03
 -1.71960667e-01  9.83268116e-03  2.29113530e-02 -1.40356287e-01
  1.91681042e-01 -1.47798479e-01  2.30737239e-01 -1.19235665e-01
 -2.88015515e-01  5.15984334e-02 -6.45014718e-02  2.19246939e-01
 -1.02252990e-01 -1.80631623e-01 -1.23873547e-01 -1.01362087e-01
  1.18265174e-01 -8.90080817e-04  2.28483640e-02  8.47152025e-02
 -2.18673572e-01 -3.90343159e-01 -2.08772551e-02 -3.03284042e-02
 -4.56985757e-02 -9.84693840e-02  2.83720642e-02  1.49808481e-01
 -1.82490349e-01  8.26648250e-03 -4.93925512e-02  1.02970555e-01
 -2.51202006e-02 -1.29606426e-01  1.58866733e-01 -9.84912552e-03
 -2.79743910e-01  4.61831652e-02  7.73522183e-02  2.77273357e-01
  1.71063900e-01 -1.39325252e-02  5.67379594e-02 -8.39017183e-02
  5.94992489e-02 -2.60496497e-01 -4.30639386e-02  1.38346002e-01
  1.52141899e-02  2.61447243e-02  5.94782755e-02 -1.42071947e-01
 -9.03014839e-03  7.34966099e-02 -2.08839625e-01 -1.33178774e-02
  9.23431143e-02 -9.04597193e-02 -6.22320250e-02 -1.77259907e-01
  2.00294539e-01  1.33437112e-01 -1.10584512e-01 -4.73436862e-02
  2.20805362e-01 -1.26244619e-01 -3.65461297e-02  3.67490165e-02
 -1.52864322e-01 -2.35095799e-01 -2.32039079e-01  9.28590447e-03
  4.91437674e-01  1.31641448e-01 -1.48044899e-01  8.64396691e-02
 -2.55973320e-02  4.07257229e-02  2.52639130e-02  1.37288973e-01
  1.94538757e-02 -6.00557774e-03 -6.40452728e-02  9.76993442e-02
  1.84053689e-01 -1.51569284e-02 -2.75637619e-02  2.67682433e-01
  6.44077659e-02 -1.08442396e-01  5.28808422e-02  7.45252743e-02
 -1.29353747e-01  5.19081298e-03 -1.43460676e-01 -1.56165008e-02
 -3.46566588e-02 -6.55055791e-02 -7.21607869e-03 -2.60185450e-04
 -1.74363613e-01  2.09649429e-01  7.41020078e-03  1.21371197e-02
 -1.24063781e-02  2.59784330e-02 -5.79926185e-02  1.76157784e-02
  1.11289486e-01 -2.94449568e-01  1.05825499e-01  1.62480861e-01
  8.68142024e-03  2.12424889e-01  3.75652239e-02  1.22966856e-01
  2.75586583e-02  2.65813190e-02 -1.68120697e-01 -1.11276008e-01
  7.15593994e-02 -6.00731336e-02  4.89468351e-02  8.51710141e-02]