[-0.11600964  0.06825785  0.0312366  -0.03098876 -0.12197305 -0.02176897
 -0.07683525 -0.02111295  0.07462425 -0.04848073  0.24153073 -0.0654811
 -0.22902551 -0.02571561  0.11775531  0.1578728  -0.14814724 -0.09740978
 -0.12409558 -0.13928582 -0.03030812  0.03184623  0.00949546  0.12940118
 -0.21696444 -0.36122507 -0.05388701 -0.06856859  0.08184005 -0.12569574
 -0.01638629  0.01096463 -0.15398698 -0.07391611  0.07339984  0.09670844
 -0.08459405 -0.08415153  0.21625569 -0.00897609 -0.11367358  0.07432706
  0.02916268  0.31381479  0.16801059 -0.00163465  0.088085   -0.03636992
  0.0576776  -0.22219443  0.04559711  0.16438942  0.07601926  0.04598103
  0.06632032 -0.10937811 -0.02225763  0.22217223 -0.21970691  0.08210385
  0.09803777 -0.02205792 -0.0431659  -0.14841114  0.20850252  0.09385841
 -0.17081381 -0.1671866   0.06413402 -0.10804866 -0.05662871  0.03087923
 -0.11998611 -0.18397297 -0.3089208   0.05161633  0.28848132  0.15012924
 -0.23976795  0.01275355 -0.0399317  -0.03281291  0.01842849  0.01468621
 -0.05664158 -0.07750883 -0.0734562   0.09944859  0.13403282  0.0517552
  0.01701122  0.16699649  0.03258898 -0.02032217  0.03734164  0.08629072
 -0.23037711 -0.0555022  -0.10142358 -0.01080268  0.00805629 -0.05177941
  0.06044185  0.10523318 -0.16242725  0.30730808 -0.02537744 -0.01101236
 -0.02964331  0.08162029 -0.12917526  0.0036389   0.1742001  -0.26725128
  0.15065604  0.19540301  0.059752    0.115779    0.08028302  0.0279085
 -0.0723932   0.0900183  -0.20544018 -0.0690665  -0.00819146 -0.09053898
  0.10374407  0.05132655]