[-0.06529694 -0.02785068  0.07678226  0.01897908 -0.198296   -0.02332147
 -0.00650474 -0.11077909  0.05389822 -0.10193202  0.22809982 -0.04639703
 -0.27957124 -0.02183368  0.06591146  0.16251756 -0.05845537 -0.10426919
 -0.11696995 -0.05124862 -0.03356661 -0.00323377  0.00546209  0.05411524
 -0.10759397 -0.3025021  -0.06082212 -0.09264242 -0.0531165  -0.06073158
 -0.00627047  0.16552876 -0.10972237  0.00762196  0.03846426  0.10550481
 -0.14950714 -0.12849815  0.20650299 -0.0685352  -0.19396071 -0.07591622
  0.00245197  0.16056244  0.16252036  0.00660775  0.0764557  -0.04725227
  0.11343874 -0.28472733 -0.00953844  0.1323829   0.04269651  0.06536728
 -0.04447627 -0.1749021   0.04472514  0.11603872 -0.26827124  0.01927909
  0.05073041 -0.16726585 -0.06777536 -0.05111898  0.23582135  0.18623775
 -0.13357797 -0.07072675  0.19381705 -0.20446175 -0.05155835  0.00688873
 -0.18705295 -0.26943657 -0.25736979  0.02390712  0.35148168  0.0981846
 -0.11712419 -0.0293863   0.01651585  0.02201248  0.05056108  0.09009632
 -0.06054012 -0.07711262 -0.06228913  0.06344108  0.23676923 -0.10599309
  0.00335957  0.25756142  0.02575245  0.00561625  0.05288289  0.04315296
  0.05361835 -0.00690762 -0.1037771   0.11314546  0.03332964 -0.14610422
  0.05885044  0.04012033 -0.10974387  0.12907811 -0.04026898  0.02872936
 -0.00539297 -0.10382552 -0.19438899 -0.05832709  0.19832358 -0.20181923
  0.19646861  0.17402968  0.05804053  0.15538135  0.07525796  0.09646121
  0.01005281 -0.09572648 -0.20425239 -0.02704308  0.14221486  0.01182788
 -0.00505768  0.05124103]