[-4.39307764e-02  5.79751283e-03 -3.52385975e-02  4.74557579e-02
 -1.04879655e-01  2.63907649e-02  3.44505906e-03 -1.26510814e-01
  1.12537280e-01 -2.82413587e-02  2.11402029e-01 -9.31056291e-02
 -2.11992413e-01 -6.23424910e-02 -4.27255407e-02  5.09787686e-02
 -1.21540748e-01 -8.32455009e-02 -5.82716167e-02 -6.71943948e-02
  6.37709647e-02 -7.04679936e-02 -1.15314825e-03  1.01693176e-01
 -9.56173986e-02 -2.51883209e-01 -8.22737888e-02 -2.14486480e-01
  5.95140830e-02 -1.20502539e-01 -5.85655905e-02  4.68853712e-02
 -1.08724169e-01 -5.40520847e-02 -3.65238413e-02  2.27461476e-02
 -1.09614834e-01 -1.08468153e-01  2.46221527e-01 -4.28812504e-02
 -9.93159413e-02 -1.31330825e-03 -3.48278694e-03  2.52169937e-01
  1.47863150e-01  3.10559869e-02  1.27645237e-02 -2.32285149e-02
  1.35162115e-01 -2.97388166e-01  4.68471125e-02  2.06451178e-01
  1.80959478e-01  1.18598789e-01  2.61816531e-02 -1.52689815e-01
  7.79774860e-02  7.46230185e-02 -2.26592973e-01  9.50309336e-02
  2.74442099e-02 -6.29164726e-02  1.99484881e-02 -1.00063086e-02
  2.40548790e-01  1.76431343e-01 -6.32630885e-02 -3.04153208e-02
  1.32972166e-01 -1.62146330e-01 -3.36287245e-02  4.37416658e-02
 -1.55269817e-01 -2.81439751e-01 -1.53890356e-01  7.88942799e-02
  4.21677917e-01  1.96308196e-01 -1.74842864e-01  1.45850824e-02
 -1.12506516e-01 -1.66181959e-02  1.38813630e-01  2.97367945e-02
 -2.77684499e-02 -9.47144777e-02 -9.74391475e-02  2.66116001e-02
  1.58542156e-01 -1.29767179e-01 -9.11779609e-03  1.99239373e-01
  4.24782857e-02 -2.91576050e-03  4.95483801e-02  5.52786328e-03
 -1.62074342e-04  7.16959536e-02 -3.79682221e-02  9.66547057e-02
  3.38039622e-02 -1.00610226e-01  4.94678654e-02 -2.91998610e-02
 -1.61188394e-01  1.12249129e-01  3.21862400e-02 -4.27911058e-02
 -9.53425653e-03 -1.02193423e-01 -1.19251795e-01  2.01439019e-02
  1.88963547e-01 -3.29526424e-01  2.43365809e-01  1.35593504e-01
  2.97557954e-02  1.97683990e-01 -2.80779786e-02  8.74326676e-02
  2.23482400e-02 -9.92249250e-02 -1.43430844e-01 -4.38732132e-02
  8.44256282e-02  3.38968262e-02 -6.54167756e-02  1.65066980e-02]