[-1.55951791e-02  7.11178035e-02  6.65272996e-02 -8.01430196e-02
 -1.58920571e-01 -8.03053305e-02 -1.30221797e-02 -1.49862528e-01
  1.43788889e-01 -1.33477613e-01  1.70127586e-01 -7.30212629e-02
 -1.26022473e-01 -2.98060030e-02 -4.93921526e-02  2.24652737e-01
 -1.22023389e-01 -1.51929080e-01 -5.31878546e-02 -4.76999246e-02
  4.45217453e-02  6.65391758e-02  2.16667000e-02  1.07303485e-01
 -5.48858717e-02 -3.21158350e-01 -6.95590600e-02  3.27581540e-04
 -7.75105879e-02 -8.09697714e-03 -2.88618542e-03  1.90586463e-01
 -1.97110057e-01 -3.08154952e-02  6.91041797e-02  1.04735672e-01
 -3.90694998e-02 -5.11658452e-02  1.23941153e-01  3.68821248e-02
 -2.91963339e-01  6.78132176e-02  8.82735401e-02  2.56619781e-01
  1.68043852e-01  9.00920667e-03 -2.74746865e-03 -1.18080348e-01
  9.05184522e-02 -1.75786510e-01  2.84769908e-02  1.03833303e-01
 -1.15084462e-03  1.46069946e-02  3.88536938e-02 -1.05736449e-01
  2.74315942e-02  7.40666538e-02 -1.35714188e-01 -2.95344032e-02
  1.04708746e-01 -1.35812521e-01 -4.93566915e-02 -2.10867375e-01
  1.87032431e-01  1.25975519e-01 -7.79497325e-02 -2.05441952e-01
  6.78323284e-02 -2.00548321e-01 -1.80830494e-01  6.02619462e-02
 -1.19343661e-01 -1.29557386e-01 -3.24619383e-01 -2.19039656e-02
  3.68340194e-01  1.45091638e-01 -1.98031858e-01  5.81446365e-02
  6.67063296e-02  3.15583795e-02  1.40209243e-01  2.11773694e-01
  2.44453233e-02  9.18180645e-02 -4.32376377e-02 -1.76895838e-02
  2.03828245e-01 -3.40585411e-02 -9.48814824e-02  2.46353865e-01
 -3.56747396e-02  6.35947958e-02  1.53158903e-02 -3.23753208e-02
 -3.38159502e-02  6.17209300e-02 -2.05385312e-01 -1.77805964e-02
 -3.05376314e-02  5.18980762e-03 -5.03167920e-02  8.64605382e-02
 -1.74380034e-01  1.69212937e-01 -5.46240099e-02  3.32789160e-02
 -3.36018577e-02  1.53537095e-02 -9.53830779e-02 -6.76610228e-03
  1.09344572e-01 -2.06501424e-01  1.81597158e-01  1.51384532e-01
  6.21580444e-02  1.18609510e-01  1.13046214e-01  7.20109120e-02
 -9.84604470e-03 -4.21878286e-02 -1.99505270e-01 -3.54780853e-02
  1.59255922e-01 -8.48844424e-02  1.10443994e-01  2.19111741e-02]