[-0.12671913  0.08338285  0.09123378  0.0090213   0.04688988  0.02552323
 -0.0686273   0.00632478  0.18669149 -0.08066206  0.19409557  0.09661764
 -0.18766122 -0.06104036 -0.05203785  0.07193526 -0.18101609 -0.13476698
 -0.05656144 -0.05710143  0.04114907  0.05613789  0.04302784 -0.02400705
 -0.11258362 -0.37685701 -0.10810727 -0.19631709  0.08236885 -0.11638547
 -0.06208826 -0.05348475 -0.18690465 -0.03829091 -0.02199659  0.02792481
  0.03548776  0.04016183  0.18320602  0.05571195 -0.0848605   0.03702343
  0.0389661   0.3538751   0.14405389  0.07070299 -0.00898742 -0.00794513
  0.07207853 -0.26609674  0.1425837   0.10460722  0.16866903  0.12096126
  0.12136508 -0.16949458  0.01771933  0.02827078 -0.19221836  0.18501332
  0.0293933  -0.01624812 -0.01492437  0.02146861  0.24658921  0.07634907
 -0.11868416 -0.10215928  0.09719123 -0.14097524  0.05944615  0.05399426
 -0.06924694 -0.15465836 -0.21149285  0.09591474  0.38968033  0.18771139
 -0.19943161  0.04500362 -0.16724488 -0.09815028  0.0120731  -0.00220841
 -0.12931915  0.10008764 -0.12299358  0.05397556  0.15286052  0.05309323
 -0.00699311  0.19954874 -0.00992058  0.02616796  0.0634708   0.03745837
 -0.15188947 -0.08780208 -0.18626963 -0.05550196 -0.05794775 -0.10942207
 -0.04213586  0.03899864 -0.16721733  0.13917774  0.0199394  -0.0923124
 -0.05024485  0.09970453 -0.13626003 -0.05576228  0.15049262 -0.24656318
  0.19027188  0.17120828  0.09817091  0.19133209  0.04721021  0.05631406
 -0.06489538 -0.00308317 -0.10304696 -0.07676174 -0.00453946 -0.01185056
  0.06515982  0.05198822]