[-0.12181497  0.0429425   0.02158248 -0.06740629 -0.13471179  0.00265427
 -0.00857375 -0.12187919  0.17405452 -0.05952122  0.20734921 -0.02889806
 -0.26715571 -0.05731547  0.03645972  0.10083584 -0.13739727 -0.12022014
 -0.02288631 -0.04122632  0.12162049  0.03938045 -0.04641699  0.07525784
 -0.15725474 -0.38386872 -0.06003695 -0.09329752 -0.07710852 -0.03852196
  0.03414691  0.12969185 -0.11414888 -0.00267974  0.02689826  0.11783124
 -0.00899049 -0.05299034  0.19945267  0.02984513 -0.20737129  0.00463417
  0.1073589   0.26106048  0.15140885 -0.02977261  0.01433401 -0.03160209
  0.20073311 -0.30243081  0.09984335  0.14349554  0.17713287  0.06045537
  0.13538416 -0.11253047 -0.00855671  0.16993736 -0.27589846  0.10514429
  0.08278154 -0.10151955  0.00288291 -0.09672485  0.23327793  0.15558863
 -0.16552871 -0.05281012  0.07185258 -0.09786586 -0.11645191  0.05647999
 -0.1436573  -0.19731376 -0.30023387  0.08014688  0.35244995  0.08909455
 -0.19886269 -0.0495354  -0.1084067  -0.05079665  0.04897004 -0.00045253
 -0.01644445 -0.09854996 -0.10483769  0.02806091  0.26232564  0.00620209
  0.02286594  0.35551262  0.01369128  0.00903241 -0.04083083  0.11463404
 -0.10042937 -0.02634518 -0.09432046 -0.01143382  0.02846929 -0.12547857
  0.03060532  0.07625484 -0.31584966  0.12004992 -0.00118701  0.01917133
  0.02898119 -0.07378442 -0.15566242  0.01790205  0.15030131 -0.30615044
  0.18360043  0.0872257   0.07853113  0.14127395 -0.00212233 -0.03562788
 -0.01561796 -0.1569062  -0.13752232 -0.0407922   0.11142801  0.00942547
 -0.02918591  0.0659609 ]