[-0.05040698  0.04584717  0.09090693 -0.00467556 -0.12484276 -0.03615437
 -0.04598814  0.01215019  0.06197656 -0.13278945  0.12568133 -0.01193307
 -0.21453655 -0.03122174  0.01955113  0.12089735 -0.17380065 -0.09565683
 -0.13435987 -0.04582938  0.0577146   0.08178343 -0.02442169  0.0160218
 -0.07299976 -0.37739953 -0.08337469 -0.09954663 -0.01191367 -0.04842742
 -0.03440143  0.07399587 -0.12354754  0.00374042  0.02028542  0.11008243
 -0.07442634 -0.10343463  0.20804094  0.03314238 -0.11289962 -0.0513241
  0.0384829   0.27062735  0.15697449  0.01569507  0.02224962  0.05772785
  0.13131727 -0.2983056   0.09881146  0.1726329   0.12040824  0.11885598
  0.15620686 -0.09599806  0.0877087   0.0718214  -0.21411297  0.01217104
  0.00628798 -0.08995529 -0.07445273 -0.0682836   0.20674597  0.13467485
 -0.06221929 -0.13498744  0.13811083 -0.17455778 -0.11577117 -0.00582694
 -0.1553942  -0.11159166 -0.26644686  0.00371356  0.36940619  0.1899994
 -0.16674122  0.02158355 -0.03338298 -0.12049084  0.09634993  0.03524258
 -0.06077064  0.02090328 -0.09582286  0.14685431  0.16473092 -0.04794093
 -0.06166943  0.17617446  0.04013855 -0.01114434  0.03650035 -0.09120375
 -0.00413774 -0.02933378 -0.14668858  0.01481156  0.12953746 -0.08496954
 -0.06778163  0.06845656 -0.15787807  0.10638467 -0.00240558 -0.04754923
 -0.02441825 -0.06714313 -0.28901851  0.02774742  0.18570864 -0.19623722
  0.167833    0.14367817 -0.00560802  0.10039033  0.04960279  0.01391138
 -0.00828272 -0.11279828 -0.22347458 -0.1195531   0.11479567  0.06792411
  0.0249259   0.03685053]