[-6.74926862e-02  6.18313029e-02  1.48660049e-01 -5.09059988e-02
 -1.63532153e-01 -7.59895742e-02  3.15017030e-02  1.62788182e-02
  1.48749113e-01 -1.63694099e-01  2.12534562e-01 -4.34871279e-02
 -2.08703637e-01  5.16756773e-02 -3.19650210e-02  2.50721574e-01
 -1.35782823e-01 -1.73023969e-01 -1.14844315e-01 -7.30311200e-02
  1.82386711e-02  1.02768153e-01 -5.75030297e-02  5.91798648e-02
 -1.49346918e-01 -3.40631992e-01 -5.19891083e-02 -8.53589643e-03
 -5.06828949e-02 -8.30419660e-02  4.82665636e-02  2.33155593e-01
 -1.04941249e-01  3.41548100e-02  6.99947849e-02  1.26313448e-01
 -4.91989292e-02 -7.19041303e-02  1.96108282e-01  1.24519050e-01
 -3.01701456e-01  1.32477991e-02  4.01269123e-02  3.41917694e-01
  2.10501552e-01 -7.53794536e-02  5.19824624e-02 -4.85321507e-02
  1.00857675e-01 -3.01318049e-01  2.78476737e-02  1.76414743e-01
  2.94401944e-02  1.06812634e-01  9.41861644e-02 -1.15956523e-01
  4.97421771e-02  1.63805977e-01 -1.97306484e-01  2.97335871e-02
  1.12377375e-01 -1.75993457e-01  4.56201099e-02 -6.24590516e-02
  1.63144276e-01  6.53518960e-02 -1.22737683e-01 -1.16058953e-01
  1.89588308e-01 -1.76375926e-01 -7.70592019e-02  7.83914924e-02
 -1.35746926e-01 -1.81458861e-01 -2.81716704e-01  3.60547379e-02
  3.73583764e-01  1.78793892e-01 -1.23267151e-01  8.23768377e-02
  3.62760876e-03 -9.19956248e-04  1.03382088e-01  1.93306878e-01
 -4.30677272e-03  6.07129186e-06 -6.20814860e-02  5.89722507e-02
  2.05306217e-01  1.74449179e-02 -2.68753916e-02  2.96666682e-01
  2.71253660e-03 -3.44706476e-02  5.20808212e-02  1.68047345e-03
 -4.31632400e-02 -2.61969436e-02 -1.17494844e-01  6.17099972e-03
 -7.22552314e-02 -1.17985897e-01 -3.59563567e-02  7.02553019e-02
 -1.52492866e-01  1.56237036e-01 -5.96228167e-02  6.42564446e-02
 -7.46472180e-02  2.34392267e-02 -7.79483318e-02 -1.04091018e-02
  1.34409830e-01 -2.23179311e-01  1.42440766e-01  1.69642150e-01
 -1.41143845e-02  1.19431973e-01  1.08479716e-01  6.22382201e-02
  2.03004107e-03 -1.38799220e-01 -1.34717628e-01 -1.34589067e-02
  6.39499277e-02 -2.31010579e-02  4.28043008e-02  4.64021526e-02]