[-1.06219359e-01  1.26596361e-01 -9.85190831e-03  6.92949072e-03
  1.75756949e-03 -5.13965003e-02 -5.56927361e-03 -9.15644765e-02
  1.37473240e-01 -2.30609775e-02  1.64606228e-01 -5.18233255e-02
 -2.20446616e-01 -5.92886545e-02 -1.17400903e-02  5.36899567e-02
 -1.81938648e-01 -1.56627521e-01  9.81646776e-03 -9.58191976e-03
  1.22254513e-01  3.70839983e-03 -3.14325318e-02  1.20465212e-01
 -1.88321799e-01 -2.88169980e-01 -1.08943246e-01 -1.40657723e-01
 -8.74554086e-03 -7.38433227e-02  1.56293791e-02  1.07842851e-02
 -1.89817533e-01 -7.79558718e-02  3.39977592e-02  3.14740390e-02
  1.59951635e-02 -3.19672301e-02  1.94725975e-01  1.07398843e-02
 -1.11720979e-01  3.55115421e-02  5.65995462e-02  3.55412364e-01
  1.94978535e-01  7.05468357e-02 -7.69741461e-03 -6.18391037e-02
  9.97730941e-02 -2.46155798e-01  5.93895391e-02  1.80582911e-01
  4.17484008e-02  9.59088430e-02  4.96344864e-02 -1.17817782e-01
  2.76243947e-02  9.82002243e-02 -2.75279671e-01  1.31750703e-01
  4.00088057e-02 -1.27249826e-02  7.76926205e-02 -6.89357892e-03
  2.02765584e-01  4.72840257e-02 -1.33412898e-01 -8.70432258e-02
  9.67084616e-02 -2.32545629e-01 -6.43422306e-02  4.52693477e-02
 -1.12662084e-01 -2.42592499e-01 -3.17515314e-01  8.57497603e-02
  4.15683329e-01  2.26221710e-01 -1.45536333e-01  6.64053783e-02
 -5.56647703e-02 -7.05583692e-02  1.24550767e-01  7.56404847e-02
 -3.95880938e-02 -1.44872032e-02 -1.01646349e-01  7.98677802e-02
  2.32972950e-01  7.15669692e-02 -7.67410919e-02  2.52719283e-01
 -2.00093184e-02 -1.78330708e-02  4.88681197e-02  6.89156130e-02
 -9.93747264e-02 -2.48497073e-02 -1.59677371e-01 -3.07252724e-03
 -3.52403671e-02 -1.11719184e-02  1.33232623e-02  1.71245918e-01
 -1.39094040e-01  9.44055691e-02  3.82669503e-03 -5.76568022e-02
 -1.23260364e-01  3.32144350e-02 -1.73189551e-01 -2.37370171e-02
  1.03634298e-01 -2.55301893e-01  1.77582338e-01  1.29785553e-01
  7.93894678e-02  1.08457707e-01  2.48673111e-02 -1.36271864e-02
  2.36307457e-02 -3.72837894e-02 -1.24139018e-01 -6.17548563e-02
  6.69120252e-02  3.25704664e-02  1.41920432e-01 -2.91932840e-04]