[-0.02528731  0.13111703  0.0157754  -0.06168796 -0.12156533  0.08584561
  0.01609506 -0.06964445  0.21260792 -0.11936609  0.1711081  -0.08977003
 -0.32025343  0.0593195  -0.04376734  0.25516114 -0.19594686 -0.20911177
 -0.08104938 -0.01304126  0.050553    0.07709052  0.02013844  0.1318752
 -0.10844461 -0.37542394 -0.0045984  -0.08071277 -0.00520691 -0.13741902
 -0.00623518  0.13376169 -0.1455088   0.03014714  0.01749629  0.07383106
 -0.05947497 -0.12468628  0.24579057  0.12624301 -0.30403525 -0.01331719
  0.06088134  0.33215109  0.13783628 -0.02578033  0.02579625 -0.09308711
  0.02984374 -0.30209607  0.00192286  0.21349631  0.09049046  0.09403554
  0.02791785 -0.11842071  0.00635949  0.06719837 -0.19872977  0.05493793
  0.14933331 -0.05133606  0.07360045 -0.15332709  0.24096209  0.08859519
 -0.1325458  -0.08035745  0.08938384 -0.18687396 -0.15732862  0.04270923
 -0.11637823 -0.20864317 -0.24055664 -0.06762189  0.37334695  0.22534025
 -0.152648    0.02963737 -0.03953789 -0.06230096  0.07005499  0.23072222
  0.0085491   0.03766153 -0.0176596   0.06094153  0.21339966 -0.03109989
 -0.01819878  0.28622666  0.00907655 -0.00142184 -0.01837419  0.02400085
 -0.07032587  0.01891678 -0.12294786 -0.02278394 -0.14679016 -0.01003047
  0.03364158  0.08124687 -0.16601831  0.16405205 -0.00401545 -0.01529863
  0.01414172  0.10566132 -0.07534674 -0.07393325  0.15339735 -0.24277978
  0.11789996  0.19422558  0.02010543  0.07310925  0.05661413  0.13832331
  0.00572057 -0.05617275 -0.19929606 -0.04583195  0.08706544 -0.03327144
  0.05355499  0.02363946]