[-0.00132871  0.02187319  0.05794403 -0.11887237 -0.10310025 -0.04395074
  0.02157221 -0.0550144   0.27974388 -0.13990478  0.2038224  -0.07852194
 -0.31611276  0.00571542 -0.09237202  0.20144215 -0.11988187 -0.20793422
 -0.00314389 -0.04119117  0.08695975  0.07270169  0.013694    0.07567015
 -0.14347391 -0.30390754 -0.06859239 -0.05063169 -0.0151281  -0.09622782
  0.03247166  0.23586012 -0.12272155  0.05202932  0.08866915  0.08819123
 -0.06424022 -0.18724778  0.19431923  0.12311487 -0.25147209 -0.07772374
 -0.05888297  0.28927934  0.15623303 -0.07655092 -0.01441487 -0.14881693
  0.1579338  -0.34700376 -0.0046873   0.200697    0.00941419  0.04154256
  0.15401004 -0.12481034  0.0981255   0.15584618 -0.29745051  0.00989157
  0.01846691 -0.10815287  0.00369128 -0.1481782   0.15040468  0.12861523
 -0.12360124 -0.12895967  0.22261624 -0.14201787 -0.06190801  0.15973866
 -0.11505122 -0.20402855 -0.1866319  -0.044221    0.35754409  0.15516265
 -0.11157408  0.08351451 -0.0027255   0.00752971  0.04007732  0.09637307
 -0.07402252 -0.01564933 -0.10358036 -0.00998539  0.18768002 -0.04716685
 -0.0479544   0.31385455 -0.08559249 -0.00221378  0.04961893  0.03218939
 -0.09106838  0.03307674 -0.1023652  -0.07574482  0.06202731 -0.1267731
 -0.02171057  0.11648058 -0.18478796  0.08872637 -0.0693728  -0.00382219
  0.01215948 -0.07460604 -0.07719652  0.02486305  0.12219203 -0.32165244
  0.17935196  0.08778998  0.04414461  0.10475916  0.0021751   0.02335007
 -0.03031514 -0.19120474 -0.1349103  -0.06257699  0.0734921   0.01754408
 -0.0405541  -0.03689282]