[-0.0917273   0.04460515  0.08175489 -0.07421115 -0.20292939 -0.01025658
 -0.08577091 -0.15041859  0.15813221 -0.1168161   0.19487885 -0.07001617
 -0.23243217  0.03517414 -0.07027108  0.25836274 -0.16162649 -0.069035
 -0.0340681  -0.02423901  0.0755926   0.0770331   0.09510271  0.06453477
 -0.10527828 -0.40471175 -0.08798094 -0.04828709 -0.09369022 -0.00406559
 -0.0403209   0.11911304 -0.15781    -0.04717977  0.10325603  0.0867686
 -0.04020428 -0.16209108  0.06859724 -0.01586622 -0.33102071 -0.03508347
  0.16814186  0.20509857  0.22051567  0.0179678  -0.01458066 -0.11649973
  0.08797829 -0.22425084  0.04894006  0.03193152  0.06806362  0.0258252
  0.04709164 -0.20238493  0.07338849  0.14038327 -0.19253951 -0.05312944
  0.10482603 -0.12521893  0.03754982 -0.10326792  0.22777052  0.16792902
 -0.15168209 -0.10857362  0.07285425 -0.11014369  0.00488685  0.03316343
 -0.21285182 -0.24634933 -0.31879133 -0.04985714  0.43667871  0.1343267
 -0.14609103 -0.03475792  0.01731598  0.0832787   0.07303603  0.23437941
  0.02761807 -0.03349559 -0.04133366  0.01488413  0.15347561 -0.09951448
 -0.06408394  0.29392964 -0.05896929 -0.01294161 -0.00396085  0.09966191
 -0.14260773  0.05355919 -0.12573078 -0.01885611 -0.05239495 -0.03850039
  0.02760876  0.12977976 -0.21474345  0.09507863 -0.0360929   0.0197589
  0.05002234 -0.06216069 -0.02666567 -0.06621423  0.09779464 -0.22217359
  0.14205794  0.18379357  0.05556784  0.23325732  0.03706105  0.09040996
  0.01486788 -0.04691928 -0.17303932  0.02191081  0.09764717 -0.07899625
  0.06985628  0.0172251 ]