[-0.09859099  0.07439126  0.05616375  0.02821877 -0.06617982 -0.02032956
 -0.08787224 -0.027478    0.09343356 -0.02217231  0.24198057 -0.09372419
 -0.21427166  0.01709251 -0.01598617  0.1388171  -0.22870292 -0.0993469
 -0.07688879 -0.07435095  0.00975335  0.06751221 -0.01012093  0.08772371
 -0.10661405 -0.35187244 -0.03679249 -0.19661227  0.13193585 -0.12503277
 -0.07169932 -0.0099676  -0.17033125 -0.0534879   0.05535425  0.03661927
 -0.0024628  -0.07516513  0.23071282 -0.00771374 -0.12599969 -0.0282647
  0.04799233  0.25070933  0.15901126  0.05189139  0.00990802 -0.12482381
  0.14477748 -0.26126647  0.12881625  0.1954568   0.08461775  0.12661651
  0.08397508 -0.15019932 -0.01856123  0.07767115 -0.15711552  0.11226228
  0.09550781  0.11279377  0.04123925 -0.09989936  0.20129478  0.0423379
 -0.11992446 -0.10730351  0.09079929 -0.15053181 -0.05709217  0.06219937
 -0.11700485 -0.20544641 -0.28777835  0.08778517  0.38460311  0.1290568
 -0.1941428  -0.00714073 -0.02014182 -0.15231062  0.10118741  0.0697066
 -0.0543302  -0.04159691 -0.04184981  0.08799191  0.21620815 -0.01379877
  0.01761096  0.17144451 -0.05221124  0.0374396   0.03179315  0.12726471
 -0.12257551 -0.00886564 -0.12740785  0.03596016  0.02250987  0.00906662
 -0.02572157  0.11289978 -0.09362484  0.09850904 -0.01314513 -0.07215238
 -0.03458784  0.03074122 -0.16481338 -0.06913954  0.19622472 -0.16759643
  0.21143781  0.12632678  0.06120339  0.08808325  0.02880867  0.07033131
 -0.00440362 -0.0044423  -0.18492296 -0.05920733  0.07053776 -0.01449995
 -0.03270469 -0.0126353 ]