[-0.07351073  0.06483401  0.0393447  -0.06496972 -0.10837338  0.03727736
  0.00465645 -0.03489099  0.1745037  -0.13644643  0.17433032 -0.02078219
 -0.29225546  0.05060821 -0.05638653  0.17033988 -0.13329186 -0.14388064
 -0.09627646 -0.12502551  0.05465075  0.08218168 -0.10342281 -0.00252486
 -0.16468263 -0.26955202 -0.02911312 -0.08758859  0.04244971 -0.08590809
  0.07285685 -0.02299245 -0.10645863  0.06049447  0.01288028  0.04819763
 -0.10589295 -0.10536154  0.22618948  0.06367008 -0.16849433 -0.0156235
  0.01289655  0.26275793  0.09169662  0.00173998  0.0960142  -0.09911653
  0.11776283 -0.30808198  0.1722104   0.14445056  0.18041122  0.11117207
  0.1069202  -0.18020603 -0.02942569  0.17278033 -0.18653074  0.09969741
  0.16138093  0.02125037 -0.06362896 -0.10925069  0.19897056  0.12747498
 -0.1551653  -0.11708017  0.18183531 -0.15830342 -0.11921541 -0.00572589
 -0.07354193 -0.14089282 -0.26275572  0.07816317  0.3293502   0.17382307
 -0.14660849 -0.04337046 -0.06431065  0.06153492  0.05861752 -0.0128729
 -0.10051855 -0.10424309 -0.0264457   0.00204367  0.18697746 -0.02369098
 -0.05899642  0.12360127  0.02117465 -0.08967927 -0.03516896  0.02598238
 -0.12896065 -0.02883367  0.00339399 -0.00590754  0.03151076 -0.09497705
  0.02195641  0.11937188 -0.21272056  0.27058658 -0.05194042 -0.03357455
  0.03900565  0.0817371  -0.16249804  0.01687408  0.19120818 -0.21649502
  0.22166771  0.12731348  0.01421596  0.14109126  0.07786522  0.1145831
 -0.03220738  0.00258203 -0.21322374 -0.14829077  0.01839739 -0.00183445
  0.03349014  0.06797111]