[-0.10336578  0.00904468 -0.04045491 -0.0704582  -0.14563356 -0.05688825
  0.07299535 -0.08849151  0.23543145 -0.08598282  0.12972432 -0.09289859
 -0.25408939  0.0769785  -0.09956972  0.1480816  -0.16764838 -0.16012028
 -0.03868794 -0.07884552  0.12799788  0.00179324 -0.00945743  0.18226899
 -0.05782926 -0.29815879 -0.10294922 -0.05003486  0.03542343 -0.03271739
  0.01633813  0.16300856 -0.176534   -0.02854176  0.05464579  0.00425836
 -0.06784804 -0.10247852  0.2393474   0.01085617 -0.22934791 -0.06096057
  0.08969207  0.28983077  0.14383018  0.0917239  -0.02262323 -0.10414898
  0.08652508 -0.36110201  0.07657101  0.24910608 -0.01445312  0.03787534
  0.04684535 -0.21077991  0.02231396  0.1066812  -0.24320245  0.1289313
  0.04650084 -0.13794594 -0.05043922 -0.12980287  0.17538226  0.16796005
 -0.10552904 -0.13280739  0.2190688  -0.23730731 -0.04130068  0.09233923
 -0.10712515 -0.29054731 -0.20994452  0.00092653  0.40335649  0.21784359
 -0.08671689  0.08078218 -0.03443741  0.01200762  0.10271896  0.1168441
 -0.06926578 -0.03208621 -0.12683412  0.0324137   0.17817737 -0.03790309
 -0.05149363  0.32325384 -0.00122717 -0.07668921  0.03529292  0.13857162
 -0.09878981 -0.0183632  -0.1956597  -0.0630303   0.10188488 -0.05891121
 -0.01380035  0.09685613 -0.20560084  0.10719779 -0.07627226 -0.05667476
 -0.07893001 -0.10386992 -0.1117465   0.01070232  0.13901693 -0.21862365
  0.18914899  0.13730337  0.04292451  0.20414861  0.01610832  0.06123109
  0.04102703 -0.186471   -0.15022527 -0.06866066  0.1033505   0.01999328
  0.01120654  0.01709003]