[-0.13332771  0.05224719  0.05803845 -0.11366577 -0.16203947 -0.00438804
 -0.06081701 -0.09729997  0.13905038 -0.12551397  0.23637079 -0.05423136
 -0.1658722  -0.05482699 -0.08699846  0.23533005 -0.30367112 -0.09430763
  0.02177424  0.0433628   0.11960649  0.00616029  0.00940058  0.08845194
 -0.14045361 -0.41183379 -0.12284081 -0.10211561 -0.05432645 -0.07317085
 -0.03330673  0.08311471 -0.22522692 -0.01343329 -0.03109106  0.09264106
 -0.0054122  -0.07560579  0.10510022  0.05265064 -0.22494693  0.08523382
  0.08225937  0.2123383   0.19131905  0.04111017  0.05643919 -0.14425522
  0.11328141 -0.17309281  0.00728071  0.11412707  0.04508223  0.02170097
  0.04472147 -0.12124962 -0.00286422  0.07584807 -0.12067676  0.04055988
  0.06576061 -0.03398815  0.04607214 -0.15352324  0.23589991  0.11018769
 -0.0771476  -0.16891468  0.17490382 -0.12005474 -0.10417799  0.01856112
 -0.17101061 -0.18400793 -0.27411607 -0.01908065  0.35690987  0.11905231
 -0.16276656  0.06858057 -0.07695495 -0.04812694  0.09206051  0.21004552
  0.07275273  0.03839275 -0.05395837  0.05024044  0.2312074  -0.06928913
  0.05070904  0.2716206  -0.02455402  0.04904192  0.01183438 -0.05824692
 -0.11333558  0.09450929 -0.10953835  0.00198014 -0.07056648 -0.03480605
 -0.01333592  0.09873036 -0.12485987  0.07098958 -0.04095788  0.0075571
 -0.02647655  0.01163047 -0.10677706 -0.05461223  0.12141575 -0.21822619
  0.22201605  0.16493018  0.01150603  0.11594139  0.08695289  0.14621548
 -0.04118608 -0.01305453 -0.21999259  0.05004219  0.1164944  -0.08761684
  0.05700557 -0.00325148]