[-9.59352776e-02  7.07035437e-02  4.85686883e-02 -9.91022661e-02
 -1.02370858e-01 -1.51689984e-02 -6.52828738e-02  8.98175873e-04
  1.55306473e-01 -2.66608950e-02  2.00393632e-01 -7.78954551e-02
 -1.70241073e-01  6.14858158e-02 -4.93124872e-02  2.21522287e-01
 -1.97464809e-01 -1.78563431e-01 -1.44633710e-01 -1.42315309e-02
  4.36920114e-02  6.52957037e-02  4.07622382e-02  1.13320895e-01
 -4.43969294e-02 -4.12964284e-01 -2.56005023e-03 -1.00984737e-01
  2.09782310e-02 -1.01119652e-01  4.92266864e-02  1.26908183e-01
 -1.89822465e-01 -2.62878146e-02  6.50120899e-02  2.63061021e-02
 -1.38928279e-01 -1.49030745e-01  2.72613138e-01  6.57871962e-02
 -2.23234728e-01 -1.94011666e-02  5.87274134e-02  2.96232134e-01
  2.41806045e-01  3.58880050e-02  6.21445738e-02 -1.01677060e-01
  1.02304049e-01 -3.48508060e-01  2.96971221e-02  2.23780692e-01
  5.75907342e-03  1.32596448e-01  3.58491540e-02 -1.41490012e-01
  7.83545226e-02  1.38401002e-01 -2.43068472e-01  7.31799603e-02
  5.08997357e-03 -7.91936740e-02  1.46685746e-02 -1.12701893e-01
  2.73917437e-01  1.08808160e-01 -1.16500236e-01 -1.45157143e-01
  2.07698479e-01 -9.87671167e-02 -8.62691551e-02  6.56718314e-02
 -1.46651521e-01 -2.35123903e-01 -2.32302740e-01 -4.87577915e-02
  3.33649784e-01  1.03039451e-01 -1.61314085e-01  8.84094462e-02
 -7.18476549e-02 -1.00406982e-01 -5.79863377e-02  1.92810178e-01
 -2.52257176e-02 -4.14204635e-02 -4.68764640e-02 -3.39142047e-03
  2.20902473e-01 -1.89014003e-02 -6.91007171e-03  3.10493588e-01
  1.71358436e-02 -7.48425871e-02  4.55334038e-02  8.84978622e-02
 -1.10430509e-01 -1.01607982e-02 -1.76984757e-01 -9.41434801e-02
 -7.32251406e-02  7.87975732e-03 -4.44287881e-02  1.09093845e-01
 -1.84260577e-01  2.07641006e-01 -5.95187098e-02  1.65947322e-02
 -5.04933782e-02 -5.98901734e-02  2.67675146e-03 -7.27132633e-02
  1.36726215e-01 -1.81648716e-01  1.38440832e-01  1.82544768e-01
  1.47797316e-01  1.59814864e-01  3.97130810e-02  6.06485307e-02
  2.81663500e-02 -3.40949446e-02 -2.55790681e-01  3.72781971e-04
  4.76156883e-02  5.71468621e-02 -7.05871955e-02  1.00633226e-01]