[-0.09413075  0.00772047  0.03596495 -0.0365809  -0.09599011 -0.00962614
  0.01025398 -0.05182107  0.13302122 -0.14964439  0.18584873 -0.10104155
 -0.2350913   0.11292357 -0.02935676  0.07116045 -0.15842509 -0.07618347
 -0.10590719 -0.09075108  0.01862698  0.06153158 -0.0610838   0.0727748
 -0.09440041 -0.3239857  -0.04888012 -0.12270341  0.05244418 -0.0343065
  0.01991655  0.00383177 -0.07420335  0.03527738  0.07752801  0.01512442
 -0.10058237 -0.06215733  0.27041501 -0.01257956 -0.14007723 -0.0889523
  0.0442145   0.24181992  0.11757927  0.04247137  0.01208699 -0.1257346
  0.15071948 -0.28845245 -0.04382093  0.15647535  0.10340647  0.09067345
  0.05586152 -0.18387431  0.03796387  0.09515204 -0.16104379  0.12857004
  0.02394185 -0.13471077 -0.04199369 -0.03210484  0.17817293  0.0181158
 -0.12019636 -0.12930979  0.12888706 -0.23778026 -0.02559131  0.12108116
 -0.0642509  -0.26023948 -0.17751463 -0.02169209  0.37979653  0.19061542
 -0.13197093 -0.03422438 -0.03288152 -0.05409291  0.11633164  0.08414345
 -0.11250975 -0.06572177 -0.08477655  0.05700364  0.23609231 -0.08413145
  0.02142433  0.19976243  0.00385528  0.05360921 -0.0193183   0.01775011
 -0.14171244 -0.00485534 -0.0729813  -0.00475367  0.08528557 -0.05104776
  0.06778827  0.08558021 -0.22376448  0.17517604 -0.08758578 -0.0901219
  0.01094823 -0.04239393 -0.09669615 -0.00427572  0.22882599 -0.18953736
  0.09634779  0.20819895  0.08151345  0.16566543  0.03031487 -0.02128541
 -0.00722165 -0.02271841 -0.22930309 -0.03587151  0.00319871 -0.01760157
 -0.01738428 -0.07933562]