[-0.09423232  0.04478704  0.05902917 -0.11404832 -0.09277871 -0.04114372
 -0.03523903 -0.10738765  0.14077869 -0.10603909  0.17025092 -0.03065137
 -0.19346169  0.11181214 -0.03305081  0.15945305 -0.2445748  -0.22657499
  0.01210934 -0.0421856   0.06727026  0.05037093  0.08615958  0.13988462
 -0.11552098 -0.27842575 -0.07016867 -0.07766503  0.05549343 -0.10515802
  0.06113597  0.07891145 -0.19222157  0.07933661  0.02109043  0.02579826
 -0.07284462 -0.18240607  0.31511509  0.04343741 -0.2867074  -0.08295359
  0.03286245  0.26483464  0.18941975 -0.06024257 -0.05046537 -0.09198952
  0.03524155 -0.27231076  0.09791645  0.20459163  0.03941658  0.07992511
 -0.02236883 -0.13673274  0.04798479  0.10622509 -0.20401756  0.02473591
  0.0578257  -0.11804589  0.07864527 -0.15013075  0.20768744  0.1117218
 -0.13771737 -0.12686856  0.11619704 -0.13806859 -0.14038086  0.09758729
 -0.14063333 -0.19144851 -0.26432052 -0.06482158  0.30801862  0.11361098
 -0.11744437  0.05858418 -0.02064051 -0.07671283  0.00109276  0.24195689
 -0.05155069 -0.00748995 -0.01878308  0.04670257  0.14698948 -0.00629478
 -0.10752651  0.23767455 -0.05819286  0.00210127  0.04543879  0.14022999
 -0.06713334  0.0194039  -0.11157914 -0.01217267 -0.08044385  0.01367457
 -0.0316178   0.21139766 -0.16454704  0.15308918 -0.02746299 -0.0504171
 -0.00329389  0.01989511 -0.04320737 -0.11887759  0.08312195 -0.25576547
  0.12485355  0.19048215  0.04199741  0.14025994  0.0091954   0.09673104
 -0.01920164 -0.02735818 -0.24363317  0.03203705  0.09362329  0.01995678
  0.032174    0.06590465]