[-0.06824841  0.06589451  0.11355605 -0.05157086 -0.13992612  0.02673619
 -0.0047118  -0.04556621  0.15351547 -0.06550166  0.13706575 -0.04475225
 -0.24821867 -0.00362604 -0.015307    0.24344154 -0.10283469 -0.25453103
 -0.11033869 -0.05996827 -0.01368428  0.12656511 -0.06338443  0.11367953
 -0.19432899 -0.35033819 -0.01944336 -0.02713623 -0.08135195 -0.11872832
 -0.0274154   0.17348367 -0.14624161  0.01765499  0.05820641  0.15148312
 -0.05493657 -0.10233157  0.1889869   0.12746923 -0.33601731  0.03531637
  0.15083335  0.35124591  0.23950015 -0.03534095  0.0376975  -0.00677295
  0.13505997 -0.3214044  -0.01262502  0.16095679  0.0479565   0.11277902
  0.03571017 -0.19149077  0.00876868  0.09580026 -0.24604906  0.08261487
  0.04553508 -0.2163623   0.01727824 -0.04657294  0.23601347  0.14102249
 -0.09922054 -0.21765961  0.19960338 -0.23254654 -0.14481975  0.08537051
 -0.11182372 -0.11695057 -0.36145425 -0.02701982  0.38089645  0.08003479
 -0.18025649  0.11150544 -0.01785372  0.01076809  0.03584644  0.20169999
  0.00913749  0.04086003 -0.11713529 -0.01882702  0.2967653   0.02854084
 -0.01296427  0.27548441  0.05561805 -0.01324221  0.10207348  0.10732152
 -0.10490648 -0.02175084 -0.13617383 -0.02057019 -0.06905313 -0.07384887
  0.05091014  0.10782503 -0.18301266  0.2299249  -0.02072424  0.05688409
 -0.04036476  0.06703288 -0.05177725 -0.04804893  0.14175868 -0.29554912
  0.14851896  0.15205254  0.0168305   0.10542221  0.0681896   0.10070428
 -0.03103164 -0.02735699 -0.14304332 -0.0602718   0.01825876 -0.06161178
  0.04114455  0.14428763]