[-0.14922865  0.06362197  0.03189914 -0.08018219 -0.15735075 -0.00506076
 -0.02285148 -0.12401683  0.14275993 -0.09887352  0.20566453 -0.02682215
 -0.30670941 -0.06080101  0.11092877  0.09892675 -0.01529719 -0.18203549
 -0.13113046 -0.073185   -0.0592119   0.05520761  0.0202744   0.04859331
 -0.21502692 -0.22412595 -0.11816326 -0.10384221 -0.01580962 -0.08273111
 -0.02563684  0.12765875 -0.11635236 -0.0650917   0.11872823  0.11466362
 -0.09778854 -0.12627001  0.21528314 -0.05950429 -0.19316734 -0.05747578
  0.05803556  0.22800456  0.15900278 -0.03183886  0.08933507 -0.07408938
  0.08041544 -0.28143799  0.16250478  0.16392149  0.05446782  0.10937101
  0.0500017  -0.22710545  0.00693253  0.19318037 -0.18720035  0.06045624
  0.08525334 -0.09161983 -0.10394064 -0.06971766  0.18629618  0.17515124
 -0.15285693 -0.16676858  0.19054164 -0.1328197  -0.07135291  0.1351372
 -0.24684501 -0.22976094 -0.24908039  0.10214967  0.36580592  0.15283969
 -0.10558939  0.0077237  -0.02526708 -0.01001132 -0.07681469  0.0915822
 -0.03976929 -0.09642743  0.01261799  0.11176571  0.26564297 -0.04227374
 -0.0464573   0.2150891   0.05660186 -0.0316693   0.00724746  0.06232141
  0.04292293 -0.08832142 -0.08011191  0.06297371  0.04655142 -0.09735692
 -0.01424782  0.15151872 -0.19755954  0.20262159  0.01567584 -0.04104901
 -0.06548542 -0.08317471 -0.04821295  0.01715244  0.17250702 -0.26865983
  0.22885695  0.1809966   0.12779598  0.14430089  0.01785594  0.02787236
  0.11767954 -0.04191752 -0.16855645 -0.1052698   0.10323136  0.00047069
 -0.00108111  0.08963232]