[-0.07784551  0.04203273 -0.04452483 -0.01971786 -0.09925364  0.0034029
  0.01987512 -0.08212386  0.1669277  -0.14904591  0.23153862 -0.03325404
 -0.25893569 -0.11332639  0.00132398  0.11828499 -0.13703161 -0.1449362
 -0.08011901 -0.07432523  0.01935889  0.006257   -0.03062073  0.09902747
 -0.11184515 -0.33544767 -0.07553528 -0.11860529  0.08136007 -0.14207944
  0.05065958  0.08750702 -0.09625037 -0.00589008  0.00257185  0.11278381
 -0.02934569 -0.03259648  0.26162961 -0.04492737 -0.21677856 -0.02655204
  0.09407709  0.30422193  0.17298636 -0.04769048  0.0312225   0.00536727
  0.14367762 -0.22370318  0.10602166  0.06746694  0.23863743  0.01474705
  0.12984179 -0.17024633 -0.07953042  0.23842396 -0.23458949  0.13373265
  0.05404484 -0.10917094 -0.06808353 -0.01494352  0.22200094  0.12266238
 -0.15986076 -0.09933671  0.26081976 -0.21409026 -0.02291192  0.10561561
 -0.06493232 -0.19188313 -0.23725091  0.06492101  0.44458741  0.16842365
 -0.15486641  0.03582807  0.02312659 -0.03165309  0.10419981  0.11428757
 -0.07428832 -0.05677589 -0.07896349  0.04679525  0.13846794  0.07971747
 -0.05375804  0.19146237  0.00661479  0.01177842  0.04691328 -0.01212637
 -0.04887301 -0.04069232 -0.11873014  0.01538729 -0.02451748 -0.14227243
  0.02307332  0.03093024 -0.08724721  0.14289226  0.02683706  0.0340339
  0.01321442  0.08910433 -0.10290553  0.00688369  0.16556741 -0.34126508
  0.16844419  0.06530461  0.0155741   0.17569616  0.06211185  0.09161712
  0.08667883 -0.12335549 -0.1965417  -0.05889149  0.04506955 -0.08638518
  0.12343603  0.03617774]