[-0.09073276  0.05175946  0.00886502 -0.00299866 -0.09021925 -0.00063071
 -0.02224229 -0.01092229  0.13760047 -0.00699517  0.15520488 -0.05873281
 -0.25830787 -0.09984334  0.0090201   0.13985963 -0.17590755 -0.05679172
 -0.06525937 -0.02318674  0.04487639  0.06472433  0.04557827  0.15216108
 -0.08428974 -0.43353724 -0.03827128 -0.22080678 -0.00313227 -0.15504438
 -0.1216054   0.11147653 -0.12158713 -0.1125989   0.02732612  0.09836634
 -0.01628087 -0.05381805  0.15359725  0.07228108 -0.14395659  0.03545681
  0.0417724   0.33967724  0.08679307  0.07845628  0.06762106 -0.00076831
  0.14106078 -0.21812309  0.06514993  0.11360747  0.10528727  0.01035194
  0.13327584 -0.16883162  0.02103158  0.03851177 -0.24356921  0.15363941
  0.06749447 -0.04526581  0.00643601 -0.06656233  0.20936152  0.08552879
 -0.0697155  -0.07937119  0.0967278  -0.14255212 -0.05416125  0.01649028
 -0.11005484 -0.18105148 -0.22119078  0.03010541  0.38500649  0.1753858
 -0.19077633  0.03176652 -0.10198685 -0.11681788  0.06812157  0.08201077
 -0.0403915   0.07046741 -0.11435892  0.05021431  0.16113707  0.01843568
  0.02762694  0.23265761  0.0145965   0.00311851  0.05441478 -0.04201932
 -0.16192612  0.00925211 -0.138576   -0.02534129  0.01073737 -0.16832155
 -0.00448701 -0.01088558 -0.22377601  0.09676189  0.01728893 -0.05901287
 -0.03232479  0.04796712 -0.21310183  0.00985025  0.17609894 -0.26536494
  0.19582766  0.17155382  0.13143574  0.14851706  0.03229983  0.02958554
 -0.00235091 -0.06619059 -0.14713086 -0.10290751  0.12717026 -0.00539928
  0.04337445  0.03141791]