[-0.15080473  0.08717877  0.05745089 -0.02809451 -0.08246674 -0.03542482
  0.0233133  -0.08582787  0.17696406 -0.08422932  0.24030213  0.05166944
 -0.25456923 -0.01356239  0.02658125  0.15218967 -0.10654974 -0.05135913
 -0.16711684 -0.1584591   0.01940772  0.05212929  0.04208089  0.04256906
 -0.21639144 -0.22426984 -0.06321187 -0.08005198  0.0023271  -0.06967814
  0.08489497  0.00662261 -0.08717151 -0.03414388  0.03617326  0.111487
 -0.13553946 -0.07279108  0.26675442  0.00792509 -0.08774321  0.02356265
  0.02571147  0.32401115  0.17928343 -0.03541729  0.11954097 -0.11349878
  0.1132652  -0.29908353  0.12387568  0.04104877  0.03583511  0.11701652
  0.19218153 -0.17874137  0.04752153  0.16516481 -0.10222691  0.13212276
  0.07528509 -0.0967659  -0.01483401 -0.03681833  0.18836097  0.03965564
 -0.10106137 -0.11643172  0.10966913 -0.15212075 -0.09712824  0.11209414
 -0.10271955 -0.17188913 -0.40629917  0.09360988  0.44480366  0.19350778
 -0.1827133  -0.03489973 -0.01474284 -0.01479685  0.1170454   0.04485909
 -0.09315817 -0.10031254 -0.12475234  0.05375196  0.25068307 -0.00917835
 -0.09464211  0.24878435  0.1075665  -0.0333463   0.03060712  0.01839864
 -0.11025038 -0.0584607  -0.08790501 -0.01562788  0.0994561  -0.12771028
  0.04317689  0.09467246 -0.22361234  0.19433515 -0.031295   -0.03561457
 -0.0279526   0.06052438 -0.2254995   0.02780203  0.22009602 -0.24438585
  0.16829784  0.22870004  0.07852034  0.12438633  0.09288085  0.05477236
 -0.03828035  0.09499767 -0.07813592 -0.03853862 -0.00876901  0.024868
  0.0882234   0.10683158]