[-0.00176378  0.03151288  0.11838119 -0.08864542 -0.16103482 -0.00388355
 -0.07398808 -0.10090552  0.14363861 -0.16411552  0.21346097  0.008358
 -0.30771965  0.05028923 -0.03637177  0.23943846 -0.06909999 -0.11213756
 -0.11838219  0.00172132 -0.03817477  0.03584401  0.14195107  0.02785236
 -0.06407823 -0.3474724  -0.117146   -0.03947868 -0.0595524   0.01392462
 -0.00253093  0.10089896 -0.11873392  0.00297414  0.03567361  0.02178759
 -0.09756245 -0.13880706  0.17815441  0.02707675 -0.22526087 -0.00349671
  0.04110516  0.16654339  0.21924832  0.06392767  0.1320695  -0.14560391
  0.09278544 -0.31852779  0.05039008  0.05081192  0.07230004  0.0401337
  0.09357349 -0.20591687  0.07365487  0.18605688 -0.18844511  0.08750748
 -0.00857248 -0.00157182  0.04090644 -0.07663208  0.31904143  0.12790476
 -0.18507965 -0.10761627  0.2218564  -0.14014305 -0.0489405   0.08856773
 -0.17630449 -0.22261789 -0.26340815 -0.06895532  0.3867932   0.12753651
 -0.17097296 -0.0095379  -0.07962007 -0.01558058 -0.03344894  0.14237536
  0.00096237 -0.13228638 -0.08879304 -0.09986653  0.29128325 -0.10979852
 -0.0472733   0.34698877  0.02602734  0.02870987 -0.03268009  0.0805653
 -0.10990646  0.00683376 -0.13334732 -0.02084835 -0.09565176 -0.06964896
 -0.05165167  0.07482142 -0.18383193  0.17460659 -0.08542912  0.03513827
  0.00581227 -0.0058177  -0.11256771 -0.05573398  0.17812642 -0.26015827
  0.16665095  0.21459827  0.08372459  0.12418874  0.07610944  0.09759781
  0.04544722 -0.040796   -0.19762009 -0.07123474  0.05864605 -0.10929729
 -0.00872227  0.11999864]