[-0.06725882  0.06719401  0.06541792 -0.11391266 -0.20323871 -0.01559162
 -0.03250672 -0.05847208  0.16012138 -0.16503027  0.15254241 -0.09408677
 -0.13973847  0.0612983   0.00107112  0.09385485 -0.18757677 -0.15808503
  0.03293421 -0.03516082  0.00476225 -0.00115207 -0.04284355  0.06434338
 -0.11456538 -0.28985232 -0.10060077 -0.02153488  0.0576035  -0.11094818
 -0.0326033   0.13441221 -0.17802879 -0.02981345  0.01158373  0.10409649
 -0.10319893 -0.11502793  0.17274563  0.03404981 -0.16685288  0.00321609
  0.0197936   0.29995477  0.18568042  0.04592012 -0.04216624 -0.0987781
  0.15832369 -0.26357925  0.08785664  0.17348272  0.06263208  0.05365807
  0.03906191 -0.10263594  0.06329264  0.09630513 -0.18995632  0.02763961
  0.09242596 -0.03661671  0.06767868 -0.12086377  0.25896719  0.11241537
 -0.05108456 -0.0757109   0.20351954 -0.11429255 -0.09936795  0.02505619
 -0.09539123 -0.18146206 -0.15868238  0.04101318  0.34243476  0.17125937
 -0.10634014  0.0467052  -0.03436063 -0.0958335   0.07295471  0.12360145
 -0.07394613 -0.05837961 -0.03742029  0.06441534  0.25980237 -0.04444307
 -0.0011917   0.21416853  0.04404861 -0.00870008  0.04602534 -0.03285692
 -0.08128041  0.0568374  -0.19450907 -0.01863635 -0.00689291 -0.08007471
 -0.06133648  0.19088939 -0.22649081  0.18230011  0.00935337 -0.0775242
 -0.03794922 -0.06664044 -0.08774421 -0.03030963  0.12249956 -0.26168707
  0.1285888   0.12472796  0.09735189  0.1691934   0.03738817  0.03925147
  0.07089639 -0.09470024 -0.17245089 -0.03093449  0.11873229 -0.0062827
 -0.0053922   0.06832303]