[-0.1243311   0.03556995  0.04290095 -0.05659125 -0.07527462 -0.02550688
 -0.02935469 -0.09445164  0.14982609 -0.1613476   0.15687041  0.00428996
 -0.28233886 -0.03025126  0.07312595  0.0970944  -0.06816625 -0.21869896
 -0.07809431 -0.06710086  0.05404716  0.03985905 -0.02392745  0.02391736
 -0.15781084 -0.38057014 -0.09673095 -0.07147534 -0.00536663 -0.02965584
 -0.05450994  0.03072613 -0.1332805  -0.06630073  0.04673938  0.08995505
 -0.08170691 -0.1028878   0.18225068  0.09579679 -0.17038709 -0.08291592
  0.05304758  0.3181701   0.16257253  0.06278311  0.10267477 -0.0460632
  0.08411977 -0.3289381   0.11497919  0.11172294  0.1501828   0.08681364
  0.15767919 -0.12789448  0.05648091  0.05281448 -0.20156796  0.14305931
  0.10704035 -0.06353626 -0.04607513 -0.06497917  0.23486175  0.11315263
 -0.0840126  -0.05598955  0.1566156  -0.18395786 -0.12648611  0.04401471
 -0.10599448 -0.2002071  -0.24647772 -0.00402278  0.38070887  0.247291
 -0.15599301 -0.01572986 -0.02429274 -0.0091015   0.11034285  0.03492418
 -0.08257706  0.00853587 -0.09690166  0.05375882  0.28187439  0.01409737
 -0.05295313  0.23406971  0.05020816 -0.0251786   0.08304891  0.07168156
 -0.07232235 -0.0744589  -0.12358445 -0.08493894  0.10422686 -0.0973741
  0.03495121  0.1162809  -0.21625276  0.17254074 -0.05584295 -0.02599137
  0.01410528  0.00317725 -0.12344705 -0.03342142  0.10608412 -0.18719818
  0.06869575  0.20999643  0.02985077  0.11996525  0.00794774  0.01523308
 -0.01315044 -0.06143841 -0.16401184 -0.14126249  0.01284875  0.06511207
  0.05920681  0.05985349]