[-0.03389549  0.11962878  0.06858771 -0.08835451 -0.11553888  0.04807562
 -0.01932811 -0.04659995  0.27227864 -0.09717765  0.26459786 -0.00831644
 -0.20394506  0.01965498 -0.05890461  0.18146519 -0.16775136 -0.08409385
 -0.13311078 -0.08930345  0.02922779  0.01096749  0.00337317  0.02783642
 -0.15200262 -0.24969284 -0.01068848 -0.05966339 -0.02497972 -0.15265089
  0.00891482  0.19315697 -0.09660127 -0.02304469  0.03158801  0.12181751
 -0.09457051 -0.15009028  0.22047818 -0.03575992 -0.19185932  0.03700373
  0.09701548  0.28235614  0.27800354 -0.08934211  0.03786833 -0.08978055
  0.23960112 -0.33335161  0.04013348  0.15839279  0.07573111  0.11909095
  0.10757074 -0.16223486  0.00300452  0.16478594 -0.20116258 -0.01566454
  0.08696397 -0.06235444 -0.07420888 -0.16012664  0.17776905  0.16112743
 -0.17144699 -0.18175183  0.14943689 -0.10270714 -0.04333892  0.15288201
 -0.19718219 -0.23323669 -0.21900837  0.05446734  0.36528829  0.16112348
 -0.0726204   0.0719949  -0.05201861 -0.07739779 -0.10484406  0.14198644
 -0.00505709  0.00766435 -0.0139326   0.09404662  0.19871378 -0.0324871
 -0.02756996  0.29637226  0.01973603 -0.07752778 -0.06924368  0.04920001
 -0.08822824  0.02938091 -0.17384295 -0.02350016 -0.0035076  -0.06230417
 -0.00965387  0.06481079 -0.22463953  0.2217683  -0.06140445  0.07978946
 -0.0166033  -0.14105172 -0.03099377  0.09397223  0.20962496 -0.31273234
  0.10543627  0.08783082  0.13990612  0.12541446  0.05053486  0.04263106
  0.08676109 -0.05957128 -0.20334473 -0.01734034  0.0213519  -0.0331416
 -0.01309366  0.06754354]