[-0.04724586  0.04295684  0.04515273 -0.10475262 -0.21277271  0.03536469
 -0.070989   -0.11623352  0.15005814 -0.21914245  0.16652942  0.02169272
 -0.19291705  0.02154683 -0.00326112  0.19292146 -0.05196251 -0.17916285
 -0.11842626 -0.05050442  0.0017372   0.087305   -0.0519212   0.0229205
 -0.0933523  -0.33492017 -0.05415362  0.03720018  0.04270233  0.02191549
 -0.07826586  0.12081757 -0.16176009  0.00406002  0.05793272  0.06232455
 -0.12748021 -0.08267058  0.14645451  0.05142352 -0.26266015 -0.06002323
  0.02677052  0.23681359  0.2207585  -0.00180614  0.07816587 -0.11607803
  0.1051165  -0.36758715  0.06590007  0.12092724 -0.01187547  0.11241981
  0.03345092 -0.18662295  0.00394179  0.11964186 -0.12959653  0.02917167
  0.04964077 -0.15300533 -0.10175935 -0.11323497  0.29823685  0.14517124
 -0.13383721 -0.17811085  0.21164104 -0.1443933  -0.08305942  0.02248957
 -0.11876881 -0.14799041 -0.31922746  0.0540245   0.3617425   0.16211507
 -0.14359777  0.04278185 -0.0637801   0.08288518  0.08477163  0.08674765
 -0.0171282  -0.0664171  -0.05144498  0.01280148  0.25177473 -0.11377543
 -0.00413884  0.29069322  0.04417236  0.00375953  0.03502011  0.17882647
 -0.08266822 -0.03576014 -0.13166434 -0.01068069  0.12536283 -0.0504346
  0.0673016   0.20714179 -0.19243537  0.23574464 -0.08360609  0.06022079
  0.11535147 -0.05698197 -0.07257406 -0.13145815  0.09705211 -0.18957317
  0.14902371  0.15957665  0.05987034  0.17438309  0.09955994  0.08704773
 -0.00183152 -0.06718313 -0.18788436 -0.0650195   0.07257414  0.01579529
 -0.09860481  0.09707934]