[-8.17627758e-02  1.00620747e-01  3.14590558e-02 -5.55448830e-02
 -2.37438679e-01 -8.76031816e-03  2.18288973e-04 -4.72392254e-02
  1.29551768e-01 -8.87177959e-02  1.71057552e-01 -1.34471714e-01
 -2.35989794e-01  3.98436822e-02 -4.21062931e-02  2.38612190e-01
 -1.74826249e-01 -1.44875258e-01 -1.40432138e-02 -4.00269851e-02
  6.83988631e-02  1.21089652e-01 -7.06179142e-02  9.64265615e-02
 -1.90980494e-01 -2.98660874e-01 -1.81593541e-02 -5.32377064e-02
 -3.72197255e-02 -1.00145899e-01 -5.73453680e-03  1.35498732e-01
 -8.40877295e-02  4.90382239e-02  7.89880157e-02  8.51231217e-02
 -1.25869745e-02 -5.02313823e-02  2.02538207e-01  8.50619972e-02
 -3.68373722e-01  2.81642471e-02  1.17818743e-01  3.59020799e-01
  1.87961012e-01 -3.01752035e-02 -4.15110886e-02 -3.41103226e-02
  1.29392087e-01 -2.91392386e-01 -2.24499870e-02  1.31903142e-01
  2.68875379e-02  2.67402232e-02  1.22556519e-02 -1.67706624e-01
  4.66350801e-02  1.07867233e-01 -2.80139267e-01 -3.13143842e-02
  1.25544235e-01 -1.91503555e-01  4.50023040e-02 -2.52687242e-02
  2.04930663e-01  6.56880662e-02 -7.73482174e-02 -1.61872983e-01
  9.20451432e-02 -2.15416566e-01 -8.81287158e-02  9.36323032e-02
 -9.76417810e-02 -1.95422918e-01 -3.18884701e-01  1.18613467e-02
  3.91806662e-01  1.56655982e-01 -1.45563886e-01  1.10021926e-01
  6.56927079e-02  2.00475194e-02  1.92790240e-01  1.52394176e-01
  1.35003775e-02  1.57982986e-02 -1.32970348e-01  2.80810427e-02
  2.19103754e-01 -1.09731294e-01  1.93583798e-02  2.56582469e-01
  5.27243316e-02 -1.52796851e-02  5.67434989e-02  4.73784506e-02
 -9.93440673e-02  2.14723628e-02 -1.05281487e-01  4.46712319e-03
 -4.06048261e-04 -6.67488575e-02  5.53404950e-02  9.46793631e-02
 -2.50925541e-01  1.79654151e-01 -1.20317414e-02 -5.19494750e-02
 -1.01288915e-01 -2.86904294e-02 -2.82434206e-02  1.28378673e-02
  1.37827769e-01 -2.68065125e-01  1.50266901e-01  1.47131324e-01
  1.37887560e-02  1.72861561e-01  7.05606192e-02 -7.97850080e-03
 -2.34456602e-02 -6.38183057e-02 -1.17534600e-01 -3.79026793e-02
  9.40955281e-02 -7.94600919e-02  1.06039070e-01  3.11473049e-02]