[-0.20667282  0.08697976  0.05555067 -0.03418877 -0.01498133 -0.08296525
  0.04639498 -0.11928789  0.16873848 -0.02914196  0.25853774 -0.00848799
 -0.21454236 -0.1852932   0.02605559  0.13864602 -0.18076557 -0.16132496
 -0.03073418 -0.06941424  0.07254884 -0.04622004 -0.0208775   0.10389102
 -0.13529958 -0.31696007 -0.07546368 -0.09621516 -0.0013614  -0.07038893
  0.06293277  0.07896683 -0.2080963  -0.05053943 -0.06141583  0.05249168
  0.02260622 -0.01868448  0.17813621  0.01965978 -0.14860283 -0.13924433
 -0.02951251  0.27407256  0.1543218  -0.08874836  0.0488909   0.04905188
  0.0434986  -0.25629357 -0.08313572  0.15525976  0.10277107  0.06221091
  0.00736971 -0.09757461 -0.03011248  0.09807783 -0.14967665  0.02173618
 -0.02708874 -0.12464152 -0.06634592 -0.04414806  0.23422834  0.11915263
 -0.1201786  -0.09080016  0.12623639 -0.08243802 -0.06504612  0.06550714
 -0.14579715 -0.1652716  -0.2995384   0.05561314  0.38840759  0.04834793
 -0.19940166  0.00128408 -0.16302024  0.02350863  0.03557434  0.00818125
 -0.07223118  0.08766769 -0.10757187  0.06657144  0.15887605  0.00897295
 -0.0525036   0.17823368 -0.03204601  0.05659176  0.04309529  0.02251509
  0.05690299  0.00270331 -0.07336296  0.02404551  0.07362948 -0.08081137
  0.03637718  0.05167474 -0.14200795  0.11023866  0.0832022   0.03324186
 -0.04549197  0.03921844 -0.12997286 -0.01252765  0.13162552 -0.22060768
  0.22904906  0.19422288 -0.05401652  0.12792337  0.00594286  0.03418488
 -0.09632441 -0.05045309 -0.01525813 -0.0216012   0.09115569 -0.00918383
  0.06067023 -0.03205705]