[-5.50608933e-02  1.67682096e-01  6.07327409e-02 -4.70809639e-02
 -1.13257229e-01  7.67023712e-02 -8.31973255e-02 -4.20520678e-02
  8.02930072e-02 -1.03014827e-01  3.13326180e-01 -2.26402469e-02
 -1.63389385e-01 -7.67561793e-02 -5.00200465e-02  1.67727545e-01
 -1.78368390e-01 -2.95547210e-02 -1.14426985e-01 -7.05656260e-02
  3.87241989e-02  7.56374449e-02  2.80329827e-02  6.45127892e-02
 -4.49149013e-02 -3.84622663e-01 -2.06324905e-02 -8.93091857e-02
  1.52721941e-01 -1.36450797e-01 -1.15830712e-01 -1.90287810e-02
 -1.39679879e-01 -5.84702902e-02  2.83145346e-04 -3.91227603e-02
 -8.83338898e-02 -1.11888036e-01  1.95513368e-01  1.50240092e-02
 -1.09140798e-01  6.73042163e-02  1.17848366e-02  3.05401415e-01
  2.19884098e-01 -3.38101350e-02  1.00668781e-01 -8.28732625e-02
  1.21039152e-01 -2.15894952e-01  9.04363543e-02  1.26109928e-01
  1.44584641e-01  2.13635564e-02  8.59322995e-02 -9.34175402e-02
 -1.17934838e-01  1.97930083e-01 -1.30046844e-01  1.58423483e-01
  6.97030500e-02  8.02476890e-03 -3.55471894e-02 -1.43409699e-01
  2.09438637e-01  1.59149855e-01 -1.30966380e-01 -1.82662353e-01
  1.52197257e-01 -8.99811462e-02 -3.51870507e-02  1.20145418e-02
 -1.14965446e-01 -1.79959923e-01 -1.73870966e-01  7.27856830e-02
  3.45385790e-01  2.20235273e-01 -2.20974043e-01 -1.33689102e-02
 -9.53515619e-02 -3.94567214e-02  1.04044355e-01  9.95824710e-02
 -5.20880781e-02 -5.30784503e-02 -2.41677761e-02  6.59852028e-02
  1.56990767e-01 -3.27106752e-03 -5.87963164e-02  2.71811843e-01
 -1.25121605e-02 -3.43031436e-02  3.05835269e-02 -4.06742189e-03
 -1.56997472e-01  1.53544098e-02 -1.14463732e-01 -2.57684179e-02
 -2.28519328e-02 -1.15670778e-01  4.57800664e-02  1.06203586e-01
 -1.04129829e-01  1.61468238e-01 -5.91951273e-02  9.54593420e-02
  8.89395401e-02  3.82285193e-02 -1.11588567e-01 -3.99285369e-02
  1.56792983e-01 -1.82316199e-01  1.82170376e-01  1.04563721e-01
  1.03613846e-01  1.27163559e-01  1.37766153e-01  9.61805731e-02
  7.44737014e-02 -2.95261294e-02 -1.63367212e-01 -3.46241482e-02
  5.38014956e-02 -5.15953191e-02  6.69727698e-02  7.16821430e-03]