[-0.10355611 -0.0114877   0.06374856 -0.13222289 -0.15549345 -0.00822268
  0.01033456 -0.03619267  0.15901516 -0.13367617  0.16665313 -0.03288196
 -0.16494514  0.07963713 -0.06675858  0.21948272 -0.12119063 -0.16841158
 -0.1246395  -0.06580378  0.02975129  0.13779923 -0.0697474   0.09317959
 -0.14924197 -0.40032724 -0.05037875 -0.03607089 -0.06545294 -0.08158804
  0.08038884  0.18113546 -0.14514148  0.03960191  0.07461458  0.03487851
 -0.03968559 -0.1276051   0.20233867  0.1214117  -0.30995452  0.05506862
  0.13236357  0.29453462  0.12092215  0.01771965  0.0480695  -0.08202668
  0.14791699 -0.30245304  0.00475996  0.09762921  0.00929782  0.03445845
  0.07492863 -0.14620399  0.00558823  0.12133621 -0.23148838  0.03697558
 -0.00355308 -0.1439676  -0.04882286 -0.17433597  0.20217915  0.11222225
 -0.14177169 -0.1137629   0.22444336 -0.11553664 -0.10924608  0.04031079
 -0.11895213 -0.17462471 -0.2842443   0.0324382   0.42609611  0.14206629
 -0.11454824  0.08521324 -0.01649296 -0.01216588 -0.02035641  0.21284851
 -0.01285564 -0.03366978  0.03262382  0.05495745  0.21889661  0.04159371
 -0.02427511  0.24988775  0.00176914  0.00678041 -0.04397818  0.06501105
 -0.16644813 -0.01211266 -0.0891372  -0.02330165 -0.01529379  0.04675287
  0.03767133  0.18706253 -0.22610137  0.2459442  -0.06667281 -0.04557219
  0.01780936  0.0749158   0.02933173 -0.01773995  0.04137378 -0.234639
  0.11708792  0.16087124  0.07046884  0.1676814   0.04467206  0.00353863
  0.01903585 -0.01573662 -0.29208183 -0.07193231  0.11057026 -0.05372727
  0.005489    0.05850728]