[-0.13432908  0.12462306  0.03033907 -0.05917036 -0.10925512 -0.03355784
 -0.00765842  0.01869528  0.22931425  0.00152633  0.16638967 -0.01663231
 -0.2411194   0.01692357  0.00318838  0.18164644 -0.11351319 -0.06190451
 -0.04038252 -0.03085979  0.157396    0.12429924 -0.00819028  0.11954574
 -0.09845462 -0.34929758 -0.10015353 -0.08184454  0.05722222 -0.08384397
 -0.01064125  0.02704047 -0.1310219  -0.10080488  0.09265766  0.15267073
 -0.01657281 -0.10722428  0.17982234  0.15164118 -0.07907873  0.03252726
  0.04447456  0.33718619  0.07460763  0.10174023  0.08737964 -0.08115528
  0.12899399 -0.24004319  0.06214539  0.12552604  0.05168956  0.11853614
  0.10205369 -0.15848412  0.1087689   0.16511084 -0.3451696   0.14045113
  0.09886891 -0.01124388 -0.03117714 -0.03914953  0.27899471  0.1063141
 -0.13048334 -0.08595085  0.12369387 -0.11887933 -0.09729633 -0.02655393
 -0.12794065 -0.15607558 -0.23995498  0.09156768  0.39510566  0.18670247
 -0.20057967  0.06196557 -0.04344349 -0.02272145  0.07281875  0.06969927
 -0.06108546  0.01666935 -0.0962235   0.02331011  0.18542621  0.04340313
  0.04198622  0.32404932  0.07729658  0.05398776  0.03158079  0.01424903
 -0.13365352 -0.06305473 -0.12519605 -0.08072415  0.02279996 -0.09708385
  0.02845019  0.06031655 -0.25564259  0.1534835   0.01016353 -0.04725157
 -0.07436632  0.04010133 -0.1929145   0.01023494  0.15445772 -0.23602754
  0.22391891  0.17728458  0.07484921  0.139219    0.07712422  0.06212913
  0.04212367 -0.04740797 -0.09371971 -0.07713645  0.07188697 -0.00644492
  0.04388804  0.0637943 ]