[-1.48218662e-01  1.49539560e-01  7.28677958e-02 -1.35120019e-01
 -1.42544508e-01 -6.00511022e-03  1.62016507e-02 -8.78282413e-02
  2.03951597e-01 -1.27658546e-01  2.01443925e-01 -4.95955646e-02
 -1.58677727e-01  5.68366572e-02 -6.86604604e-02  1.93158060e-01
 -1.89038709e-01 -1.43290758e-01 -1.43411264e-01 -1.31947011e-01
  1.76764317e-02  1.03974834e-01 -3.67552303e-02  1.13095485e-01
 -2.16567278e-01 -3.10399443e-01 -4.72903401e-02 -4.09176722e-02
  8.26709419e-02 -9.07091573e-02  2.14554481e-02  1.49444491e-01
 -1.51509836e-01  4.22203466e-02 -6.19928259e-03  1.49784297e-01
 -5.54649346e-02 -1.31897688e-01  2.14811698e-01  5.25090694e-02
 -2.94697881e-01  6.64921552e-02  1.08623497e-01  3.26440573e-01
  2.48202905e-01 -8.38927254e-02  4.01687212e-02 -5.38801625e-02
  1.93067014e-01 -2.73785591e-01  3.33586261e-02  1.99913114e-01
  3.52112614e-02  6.36042506e-02  4.59342524e-02 -1.27183542e-01
 -3.66838202e-02  1.43282294e-01 -2.40991473e-01 -4.10128944e-02
  9.15804803e-02 -8.38876888e-02 -4.40452248e-02 -9.34674218e-02
  1.70173436e-01  1.90402195e-01 -1.62358537e-01 -1.43003851e-01
  2.20425934e-01 -1.41341060e-01 -1.59786381e-02  9.86193120e-02
 -1.55741215e-01 -1.51799902e-01 -2.12880835e-01  9.63305160e-02
  5.03294110e-01  1.28282890e-01 -4.50919718e-02  1.15493074e-01
 -1.09565623e-01 -5.94041795e-02  1.46110533e-02  1.56206995e-01
 -3.71266156e-02 -4.84246016e-02 -4.41055261e-02  1.52542636e-01
  1.89240143e-01 -6.38340600e-03 -2.15895642e-02  2.12675333e-01
  4.97109257e-02 -5.29404879e-02 -3.51950228e-02  1.23451635e-01
 -2.25324005e-01  1.81600787e-02 -8.93937498e-02 -2.24596113e-02
  1.94526333e-02  1.30522065e-02  1.44145302e-02  1.22468621e-01
 -1.50209665e-01  2.89404541e-01  2.95365471e-02  1.41814686e-02
  9.83439945e-03  7.48163881e-03 -1.51441433e-04 -1.74374916e-02
  1.08160190e-01 -2.28848845e-01  1.32402912e-01  6.18810020e-02
 -3.86889651e-02  1.73308402e-01  1.06514648e-01  8.26711059e-02
  5.65794334e-02 -2.86735836e-02 -1.59529805e-01 -6.58135340e-02
  7.67073408e-02 -4.37711924e-02  7.33079314e-02  4.39220183e-02]