[-8.42628330e-02  3.70240025e-03 -3.56008410e-02 -8.32138434e-02
 -1.36294842e-01  6.74276501e-02  5.14816772e-03  4.03469056e-03
  8.74083862e-02 -1.07751712e-01  1.92918986e-01 -2.14624573e-02
 -1.68983862e-01  2.86086984e-02 -5.99135086e-02  2.02512830e-01
 -1.60191596e-01 -1.82843998e-01 -4.55653742e-02 -2.93999463e-02
  5.60026988e-03  4.02916931e-02 -6.33708574e-03  1.08619578e-01
 -1.51089564e-01 -3.93927693e-01 -3.07090189e-02 -8.73528123e-02
 -6.64370805e-02 -5.40743843e-02  5.42679057e-02  1.41444802e-01
 -1.43501028e-01  9.75037888e-02  4.66851331e-02  1.66451409e-02
 -6.40782192e-02 -7.36491382e-02  2.69005626e-01  1.51274920e-01
 -2.56362557e-01  4.86323982e-02  1.42335624e-01  3.84579062e-01
  2.42121175e-01 -3.46529856e-02  3.64570506e-02  2.07664315e-02
  1.29386142e-01 -3.79765421e-01  3.36191803e-02  1.30255520e-01
  3.50322202e-02  5.41299954e-02  7.92101100e-02 -6.63432032e-02
  1.32559352e-02  1.08752891e-01 -2.15866610e-01  8.20584297e-02
 -2.78163813e-02 -7.32861012e-02 -4.13802546e-03 -1.34425238e-01
  2.90981919e-01  1.67675376e-01 -1.47647932e-01 -1.53184637e-01
  1.69994891e-01 -1.79390341e-01 -1.41184002e-01  4.56546396e-02
 -1.31165147e-01 -1.94597244e-01 -2.84937501e-01  2.22742464e-02
  2.87640750e-01  2.06377134e-01 -9.33204889e-02  1.49118483e-01
  3.21980659e-03 -3.63121964e-02  2.75765620e-02  2.02192426e-01
  1.18998308e-02 -7.55222049e-03 -1.30774956e-02  2.19751317e-02
  2.27173626e-01  1.69576183e-02 -6.59324676e-02  2.98317701e-01
 -4.49301153e-02 -4.86311018e-02  3.85158658e-02  8.83877650e-02
 -1.14791535e-01 -3.72257903e-02 -1.47313073e-01 -5.25601245e-02
 -4.25263271e-02 -2.41675600e-02  5.32045066e-02  1.32040277e-01
 -2.37607092e-01  1.80620164e-01 -1.44948363e-01  2.75605079e-02
 -9.18560755e-03  1.52767487e-02 -2.18006223e-02  4.99553196e-02
  4.90059890e-02 -2.79129952e-01  1.63292781e-01  1.10563412e-01
  4.93859872e-02  1.03771113e-01  9.68381315e-02 -4.59941924e-02
 -1.57825649e-04 -2.43860278e-02 -2.25438341e-01 -5.04117608e-02
  3.20013054e-02 -3.62177305e-02  3.12314089e-02  6.64283633e-02]