[-4.18369919e-02  3.72435059e-03  9.71820056e-02 -6.22051917e-02
 -9.29935277e-02 -1.11811087e-01  3.33178192e-02 -1.48344874e-01
  1.87532827e-01 -6.79135248e-02  1.39050275e-01 -5.18507846e-02
 -2.15385750e-01  3.91538776e-02 -5.38207367e-02  1.14987053e-01
 -1.25761867e-01 -2.04574987e-01 -1.02899730e-01 -4.03400883e-02
 -1.81866577e-03  6.12695888e-03 -1.18213147e-02  1.39520273e-01
 -1.28322065e-01 -3.30082774e-01 -4.47280034e-02 -6.32569268e-02
 -2.35585403e-02  1.29464432e-04  9.92719382e-02  1.79258123e-01
 -1.77855924e-01  1.80459768e-03  8.08433890e-02  7.88260922e-02
 -6.67871460e-02 -1.13336891e-01  2.51532465e-01  5.04943654e-02
 -2.34706208e-01  4.56877612e-02  1.44250896e-02  2.70810395e-01
  2.00900003e-01 -3.98500226e-02  9.83448625e-02 -1.90886423e-01
  1.56720996e-01 -3.40404779e-01  1.15935262e-02  2.27361798e-01
 -1.03028193e-02  4.92465608e-02  1.21667057e-01 -1.79008946e-01
  3.82676050e-02  9.84811336e-02 -2.37313002e-01  1.34998530e-01
  7.33759925e-02 -1.03846639e-01 -1.59686506e-02 -1.98949426e-01
  2.06195578e-01  1.29610419e-01 -1.56832069e-01 -1.04595684e-01
  2.19662547e-01 -2.19413146e-01 -8.05667415e-02  8.86671245e-02
 -1.20264255e-01 -1.84241146e-01 -2.95779496e-01 -2.05511432e-02
  4.74462211e-01  1.99219152e-01 -1.59971803e-01  8.41144249e-02
 -1.01510741e-01  2.11933833e-02  1.28633240e-02  1.93725780e-01
 -4.32265326e-02 -1.29459687e-02 -3.77874542e-03  3.33381742e-02
  1.94697455e-01  8.05781856e-02 -4.86392491e-02  2.70843476e-01
 -1.67468600e-02  2.07223110e-02  1.60695352e-02 -1.12677338e-02
 -1.17366947e-01 -4.27357666e-02 -1.26870662e-01 -5.18768188e-03
 -8.37727711e-02 -1.34000638e-02  9.40404758e-02  1.23303004e-01
 -1.64063245e-01  1.94038302e-01 -8.05426687e-02  9.19999555e-03
  6.59757294e-03  3.51689383e-02 -1.35464622e-02  9.31230560e-03
  1.30423337e-01 -3.02738607e-01  2.09657952e-01  9.37764943e-02
  7.83505067e-02  1.10971905e-01 -1.69071779e-02  7.38646984e-02
 -3.45548019e-02 -1.70345195e-02 -1.59533963e-01 -7.62697542e-03
 -1.54662672e-02 -4.42128479e-02  3.90210785e-02  4.24726829e-02]