[ 0.00254855  0.13048831  0.12104306 -0.11894064 -0.16540918  0.05194164
 -0.05075786 -0.06685649  0.08473255 -0.17171009  0.14548726 -0.08666273
 -0.23897508  0.04746446 -0.02940512  0.25994626 -0.15677334 -0.15608718
 -0.1261539  -0.04766629 -0.02917601  0.12326334  0.00859136  0.0772984
 -0.07171563 -0.32655001  0.03109409 -0.02899488  0.0341386  -0.07138788
 -0.10609428  0.10939497 -0.06897522  0.08418101  0.12852421  0.09902624
 -0.02675171 -0.0838028   0.20829581  0.09700087 -0.28799531  0.04200142
  0.12216029  0.26962614  0.24673358 -0.03918511  0.05957293 -0.05789499
  0.14162171 -0.32759687 -0.0003758   0.15110278  0.11368061  0.06569487
  0.0635507  -0.19351476 -0.00794805  0.09774339 -0.15399478  0.06788125
  0.10012871 -0.07150094 -0.00095837 -0.02844441  0.22777204  0.08895361
 -0.16997045 -0.17218655  0.16832219 -0.19493647 -0.10465371  0.03243555
 -0.13084225 -0.10768916 -0.19844565 -0.05653825  0.36151683  0.19441576
 -0.21998499  0.01890042 -0.05233539 -0.00902384  0.02228531  0.17746487
 -0.05323805  0.00538741 -0.02642123 -0.00965303  0.24411932 -0.05828511
  0.0134058   0.29303622  0.07694512  0.00347968 -0.00082337  0.00895191
 -0.10287002 -0.06442457 -0.17500822 -0.07614663 -0.11805856 -0.10969537
  0.02408218  0.16017558 -0.29844454  0.22399503 -0.08123856 -0.01773531
 -0.0006606   0.1168612  -0.02382698 -0.04214683  0.15105025 -0.20146579
  0.09255473  0.2643224   0.11461381  0.06982145  0.10241364  0.0470968
  0.11371255 -0.01664498 -0.09572014 -0.12822038  0.00594225 -0.08951385
 -0.02061073  0.06021711]