[-0.06077576  0.0670586   0.02134954 -0.02857702 -0.15470421 -0.03119133
 -0.00484043 -0.11280086  0.06958671 -0.11753227  0.21372615 -0.11861487
 -0.31083289  0.00043397 -0.08362725  0.10638228 -0.17288785 -0.10187719
 -0.11106155 -0.08788392  0.10240238  0.0728897  -0.03690913  0.08317267
 -0.10394122 -0.24233155 -0.01131555 -0.16453464  0.00095849 -0.11163829
 -0.04029379  0.11620881 -0.08002354  0.0223332   0.02571475  0.05440452
 -0.04813739 -0.0765484   0.22393934  0.05474606 -0.15143438  0.01326295
  0.04690198  0.27685037  0.197447    0.00438206 -0.03164896 -0.09647562
  0.17192277 -0.34949642  0.05711307  0.16858473  0.15026796  0.04993939
  0.1506305  -0.24048418  0.01713789  0.12089878 -0.19417509  0.10451362
  0.05496326 -0.0587296  -0.02275869 -0.10449246  0.20249423  0.11140808
 -0.12403134 -0.03600203  0.15808299 -0.18058628 -0.1305981   0.07848593
 -0.11789759 -0.19298202 -0.20489135  0.03149437  0.42273241  0.22217856
 -0.20155035 -0.01198441 -0.02053986 -0.05004283  0.12968796  0.04472157
 -0.12640838 -0.06448171 -0.08911723  0.02307337  0.16629297 -0.03009926
 -0.01809619  0.30579644  0.00513477  0.02309773  0.0482043  -0.08549799
 -0.08078524 -0.03512727 -0.12915695 -0.03531884  0.02128118 -0.18860348
 -0.01804202  0.07742849 -0.19988838  0.0554806  -0.05296627 -0.03457546
 -0.03927635 -0.07147282 -0.15087837  0.08998219  0.20787632 -0.25764936
  0.17061707  0.13410042  0.1059934   0.11611115  0.09666826 -0.00984685
  0.02881434 -0.09565441 -0.20443924 -0.0645652   0.14170562 -0.03844628
 -0.00420443 -0.00126746]