[-0.0306727   0.10263536  0.01987941 -0.04193698 -0.15010215  0.11832225
  0.03556466 -0.04239555  0.12150155 -0.12866707  0.30325735 -0.00340041
 -0.25458091 -0.0537091   0.07350709  0.1553292  -0.11448369 -0.13737281
 -0.07768539 -0.08156545 -0.03168283  0.03158447  0.02297891  0.05543834
 -0.14035803 -0.28859547 -0.03576789 -0.09133247  0.12838545 -0.13008597
 -0.02569772  0.08639777 -0.11190022  0.01655925  0.0731032   0.04923978
 -0.12884204 -0.07432534  0.28024194 -0.00234132 -0.19865015 -0.01816776
  0.04341428  0.30077359  0.14822157 -0.01169594  0.05057351 -0.00593388
  0.10860416 -0.27756158  0.09677258  0.12363005  0.11667003  0.06622739
  0.02884428 -0.18334395 -0.05421114  0.15450563 -0.18925118  0.14396042
  0.04206978 -0.1406856  -0.05168238 -0.09516524  0.21197313  0.08752238
 -0.16458398 -0.21822743  0.16330293 -0.14496845 -0.08228765  0.1756728
 -0.15748866 -0.17551211 -0.26423147  0.07746591  0.38659781  0.12219509
 -0.08934023 -0.04266108  0.02275136 -0.06708188 -0.00983852  0.1505186
 -0.0312225  -0.13284528 -0.04228989  0.05630907  0.22653414 -0.06420227
 -0.08747205  0.20991401 -0.03289074  0.02024272 -0.06266805  0.102065
 -0.0530305   0.00210148 -0.05364347  0.02342103 -0.00346903 -0.1552638
  0.00421293  0.15556876 -0.20715807  0.18750021 -0.07121097  0.01927188
  0.02516396  0.02847175 -0.1296002   0.00432073  0.16799165 -0.33379236
  0.2260301   0.23664968  0.11061701  0.0658043   0.07272273  0.01335375
  0.10012545 -0.04325171 -0.23513584 -0.11177098  0.02723152 -0.08744957
 -0.01161564  0.03373715]