[-0.05691576  0.09437653  0.02340901 -0.07856946 -0.0909565   0.08656656
  0.02197453 -0.05197067  0.1974653  -0.09905331  0.20018676 -0.04441433
 -0.25988874 -0.0535622   0.02825987  0.14686444 -0.14216138 -0.12081005
 -0.06283934 -0.06503549 -0.00805378  0.01866701 -0.0068192   0.01653029
 -0.16661881 -0.33779746 -0.03115768 -0.06773587  0.05502382 -0.1233816
 -0.01939817  0.10167459 -0.11638847 -0.01621776 -0.04196416  0.0792539
 -0.14347015 -0.00165508  0.23454046  0.09357777 -0.18467276 -0.01855345
 -0.01852416  0.3286795   0.18001139  0.00145598  0.07341331 -0.0581461
  0.09618758 -0.40264046  0.0629802   0.11219303  0.02997839  0.08302238
  0.05890574 -0.16518818 -0.05580133  0.18125761 -0.19534191  0.16043292
  0.05531158 -0.10664348 -0.04946202 -0.05310071  0.22559576  0.10083859
 -0.13519929 -0.1009367   0.11335846 -0.13329516 -0.07462941  0.12584648
 -0.05768357 -0.22655885 -0.36637256  0.07234933  0.3402001   0.1703359
 -0.12467532 -0.04722206 -0.04264878 -0.01246554  0.12653296  0.07948498
 -0.06452903 -0.04065851 -0.08711108  0.04036894  0.19073786 -0.0351572
 -0.05658898  0.24217166  0.03910287  0.08759411 -0.05058426  0.11868592
 -0.07526928 -0.03681898 -0.15847436 -0.03306719  0.0519307  -0.05297899
  0.01987891  0.12923516 -0.20161827  0.25212604 -0.00873658 -0.02951681
 -0.01698286 -0.06940898 -0.06966626  0.05103577  0.19416866 -0.29886872
  0.10389727  0.25478828  0.07287018  0.13183488  0.0962856  -0.06749593
 -0.00714683 -0.06797766 -0.2075762  -0.00259919  0.04564563 -0.01897799
 -0.00821603  0.04778307]