[-0.11036265  0.00956143  0.03510539 -0.09506775 -0.10773122 -0.08452309
 -0.05778926 -0.03500059  0.15603407 -0.04672532  0.1576492  -0.06197337
 -0.19292341  0.04426092 -0.06117423  0.16619641 -0.25331518 -0.14789958
  0.01078913 -0.01761529  0.03319151  0.02174617 -0.00393291  0.10111975
 -0.18013905 -0.34268624 -0.0015248  -0.05285669  0.02015006 -0.01813515
  0.01624353  0.1243524  -0.22759348 -0.02419478  0.09822283  0.09432007
 -0.04821692 -0.10124051  0.23686872  0.08127427 -0.29673746 -0.10991781
  0.09609532  0.3118937   0.23216777  0.05094467 -0.00241293 -0.08011161
  0.14657375 -0.35428137  0.04155046  0.16030408  0.04454735  0.0095763
  0.0159347  -0.16521323  0.04347496  0.13306619 -0.26238024 -0.00634457
  0.07709129 -0.08525563  0.03817154 -0.10189241  0.21601541  0.08688995
 -0.13701059 -0.04651505  0.20622462 -0.17491369 -0.04099026  0.05820081
 -0.0632235  -0.25589183 -0.37436312 -0.05279189  0.31928891  0.1981554
 -0.08919641  0.03048792  0.03523219  0.00165871  0.09880707  0.18565996
 -0.06783509  0.04355092 -0.04364796  0.02868182  0.21343975  0.01329614
 -0.02734825  0.19244139  0.00274274 -0.04267442  0.02144917  0.09705927
 -0.12698606 -0.02831429 -0.22838436 -0.0212125  -0.03012265  0.06816113
  0.05268498  0.22237512 -0.20054887  0.10794273 -0.02971091 -0.12613058
 -0.06333687 -0.06785531 -0.00493839 -0.08604786  0.05204346 -0.18929143
  0.08334456  0.17294961  0.07600611  0.18158475  0.03783581 -0.04218481
 -0.00291948 -0.07254441 -0.18063343 -0.04490873  0.04165247 -0.02566838
  0.10103764 -0.00375006]