[-7.02316640e-03  5.15873879e-02  1.06763870e-01 -1.17342947e-02
 -1.15724213e-01  1.58201251e-03 -6.90980814e-03 -4.81695961e-03
  1.19316638e-01 -7.97865167e-02  1.85149342e-01 -8.89501795e-02
 -2.68268228e-01  5.18416381e-03 -7.34278411e-02  1.35149896e-01
 -1.17093295e-01 -1.62415475e-01 -6.90685213e-02 -1.12887830e-01
  1.68446321e-02  7.20974430e-02 -7.84601122e-02  5.85446432e-02
 -9.54841822e-02 -3.52266103e-01 -5.01146838e-02 -1.05814844e-01
 -7.50346482e-02 -1.86490253e-01  3.40874121e-03  6.11393489e-02
 -1.21962719e-01 -2.22232752e-03  5.06016985e-02  6.57005981e-02
  8.87839124e-05 -1.20064139e-01  1.73880726e-01  6.08313344e-02
 -1.33737668e-01  9.18725729e-02  8.88356566e-02  3.38100612e-01
  1.28395036e-01  2.61826683e-02 -4.30787094e-02 -6.07041456e-02
  2.04853430e-01 -2.02810422e-01  1.23634614e-01  1.46532536e-01
  1.38998613e-01  9.54612121e-02  7.24654421e-02 -1.52491242e-01
  3.41830328e-02  1.75759330e-01 -2.53685683e-01  6.78742304e-02
  7.59248659e-02 -8.20426643e-02 -2.70484779e-02 -9.40665305e-02
  1.67244151e-01  9.94015485e-02 -9.53163207e-02 -1.21041849e-01
  1.57396168e-01 -1.10137701e-01 -8.89515206e-02 -1.75003354e-02
 -1.31093159e-01 -1.23500124e-01 -1.80978760e-01  1.11037411e-01
  4.27665293e-01  1.42225415e-01 -2.02924937e-01  1.97969675e-02
 -6.43199533e-02 -2.50831302e-02  2.80205365e-02  3.81888971e-02
 -5.60894459e-02 -6.71448857e-02 -9.22991410e-02  5.83861172e-02
  1.61247090e-01  6.29957914e-02 -5.06076217e-02  1.52139336e-01
 -2.68756524e-02 -2.17741579e-02  5.10674603e-02 -3.16802375e-02
 -1.64929867e-01  5.30141592e-02 -1.55702576e-01 -4.66311499e-02
 -4.60228845e-02 -1.14371099e-01 -4.35089655e-02  4.60782796e-02
 -2.41169140e-01  1.99175075e-01  3.68107408e-02 -4.92687002e-02
 -2.76997071e-02  3.55001613e-02 -1.06369711e-01  8.64883214e-02
  1.63531303e-01 -3.13516140e-01  2.28825495e-01  8.42742026e-02
  1.60509959e-01  1.91890448e-01  2.61110254e-02  3.50876600e-02
  1.09351296e-02 -1.17604658e-01 -2.17896566e-01 -1.10158347e-01
  7.14981034e-02  2.74886936e-02  8.32669809e-02  7.59342760e-02]