[-6.10327944e-02  4.43475433e-02 -2.62033157e-02 -2.98000928e-02
 -1.58168152e-01  8.33118428e-03 -1.29479915e-04 -5.89619465e-02
  6.56443462e-02 -1.07851669e-01  2.01836109e-01 -1.08084351e-01
 -2.59582132e-01  6.64077932e-03  2.39224564e-02  1.28876179e-01
 -1.31213546e-01 -7.53563046e-02 -1.56486750e-01 -7.35633820e-02
 -5.02574034e-02 -3.22621949e-02 -3.69477272e-02  2.51404792e-02
 -1.07744187e-02 -3.43435556e-01 -5.03240414e-02 -9.87388641e-02
  4.18502949e-02 -9.47854742e-02 -1.78233422e-02  9.72318575e-02
 -6.86575249e-02 -5.59680872e-02  1.52752204e-02  3.41424868e-02
 -1.20423734e-01 -7.56726414e-02  2.56761163e-01 -2.11911276e-02
 -1.43445164e-01 -1.03012174e-01  4.05594110e-02  2.67653465e-01
  1.83098570e-01  1.81456245e-02  1.04436725e-02 -3.90311256e-02
  1.07669465e-01 -3.03553998e-01  6.91727474e-02  1.14308357e-01
  8.10563862e-02  6.83658123e-02  8.37341174e-02 -8.77530128e-02
  2.97949910e-02  1.15839019e-01 -2.12701544e-01  2.35923082e-02
  9.73661318e-02 -1.39175370e-01 -1.02173418e-01 -9.87284184e-02
  2.65046835e-01  1.91128880e-01 -5.32074086e-02 -9.18526053e-02
  2.14076519e-01 -1.44277617e-01 -9.46096256e-02 -4.53654677e-02
 -9.76374596e-02 -1.80724144e-01 -2.52770901e-01  4.93696518e-02
  3.29500437e-01  2.05808550e-01 -1.11853816e-01  1.78868324e-02
  1.78549886e-02 -5.09685799e-02  1.81115434e-01  4.76661138e-02
 -9.71818939e-02 -7.37185329e-02 -2.22651977e-02  7.89710507e-02
  1.44682124e-01 -7.86557868e-02 -5.13096191e-02  1.33132443e-01
 -1.74656287e-02 -1.14115886e-02  9.23189521e-02 -1.14827575e-02
 -1.33927204e-02 -6.73260586e-03 -1.93216383e-01  3.02835088e-02
  1.41230628e-01 -1.07330196e-01  6.93788007e-02  7.19466209e-02
 -1.02814525e-01  8.23079199e-02 -2.58486848e-02 -1.44768544e-02
  4.13068794e-02 -8.98809284e-02 -1.35077551e-01 -1.07952515e-02
  2.00204730e-01 -1.83529899e-01  1.74669996e-01  1.09293409e-01
  1.14300754e-02  1.19419321e-01  9.79920700e-02  4.61590588e-02
  3.55218314e-02 -7.52656609e-02 -2.30404317e-01 -3.98919955e-02
  1.22141965e-01  8.37298259e-02  1.87610500e-02  3.75438780e-02]