[-0.05938953  0.04742824  0.09384649 -0.09769049 -0.18164665  0.02909957
 -0.04422849 -0.09479987  0.17191067 -0.18097939  0.12915201 -0.04681339
 -0.15198229  0.08890837 -0.02417514  0.20141104 -0.1397441  -0.14480045
 -0.12008999 -0.06595588  0.04416465  0.06892617 -0.01277262  0.15175429
 -0.1311512  -0.34033862 -0.02820437 -0.04516611  0.07106341 -0.08065815
 -0.02099686  0.07467292 -0.20223303  0.00536099  0.01255031  0.05060168
 -0.04320784 -0.14874594  0.15658517  0.03358229 -0.24977146  0.01500165
  0.10548063  0.19758178  0.22283018  0.06793453  0.08147004 -0.09731022
  0.08803011 -0.33497232  0.06036147  0.10138488 -0.03428797  0.09541486
  0.07901143 -0.21540855  0.02552203  0.07590429 -0.14470859  0.03134027
  0.07656062  0.02545092 -0.02852098 -0.08159073  0.24843208  0.09318424
 -0.11364881 -0.10971859  0.16534826 -0.19586584 -0.08877254  0.02906499
 -0.11337946 -0.15591592 -0.25439042  0.03106776  0.43802273  0.24956563
 -0.13632292  0.0756887  -0.02410547  0.00835441  0.05179728  0.1651689
  0.0077402  -0.03341222  0.03422388  0.0989686   0.16788377  0.03574964
  0.03290069  0.28893635  0.07077333 -0.05546793 -0.03695193  0.08076104
 -0.12806614  0.02106698 -0.12378603 -0.02307235  0.02070496  0.13955231
  0.05379759  0.17719761 -0.24922226  0.26584557 -0.0899287  -0.0564929
  0.02792769  0.04140267 -0.04407027 -0.01357101  0.0856358  -0.22342427
  0.07123142  0.198548    0.06360078  0.1424634   0.04323918  0.0786811
  0.10850171  0.00236687 -0.24050744 -0.06170797  0.07992785 -0.1194934
 -0.01773615  0.07236204]