[-2.46303994e-02  1.12732939e-01  3.87531519e-02 -8.69106408e-03
 -2.42707003e-02 -3.35841887e-02 -7.47009218e-02 -4.87949364e-02
  1.33885071e-01 -5.41874617e-02  1.73158377e-01 -4.17651646e-02
 -2.04040796e-01 -8.81899148e-02  2.62109376e-02  1.47276267e-01
 -1.37684569e-01 -1.49644867e-01 -2.67943759e-02 -8.72519612e-03
  4.31913361e-02  5.93679771e-02  5.02346866e-02  9.00978893e-02
 -1.17337316e-01 -4.49153364e-01 -8.95513222e-02 -1.07756987e-01
  6.44498244e-02 -8.21917281e-02 -6.16753921e-02  7.29112551e-02
 -1.79449096e-01 -2.13053208e-02  7.87210539e-02  6.68822229e-02
  6.36678860e-02 -1.47425756e-03  1.77535698e-01  1.27650257e-02
 -2.03061223e-01  4.20337319e-02  5.22589758e-02  3.04948092e-01
  1.88387275e-01  8.77070576e-02  4.45053428e-02 -5.58150038e-02
  9.82931927e-02 -1.18307061e-01  1.36787266e-01  1.57311261e-01
  1.16111793e-01  2.89902501e-02  3.26907858e-02 -7.18612149e-02
  4.10053972e-03  9.88406539e-02 -2.18125522e-01  8.77231061e-02
  1.18036449e-01 -1.73041429e-02 -3.00270487e-02 -1.91677548e-02
  2.16753319e-01 -2.11499748e-03 -1.37379050e-01 -1.76780626e-01
  9.48303416e-02 -2.02035621e-01 -5.97530007e-02  7.51733966e-03
 -1.52952060e-01 -1.55250594e-01 -3.00515562e-01  8.13925117e-02
  3.34575266e-01  1.50336295e-01 -2.38183528e-01  1.00862823e-01
 -1.79681983e-02 -3.86175402e-02  8.66037458e-02  1.09120972e-01
 -5.55622242e-02  4.95570619e-03 -1.16586223e-01  2.44844798e-02
  2.27925405e-01  2.95674019e-02 -3.41516808e-02  2.09502727e-01
 -3.96351367e-02  2.87577920e-02  1.01793166e-02  4.13122214e-02
 -1.24066070e-01 -1.06713288e-02 -1.65515125e-01 -5.88109940e-02
  2.15556659e-02  9.40929446e-03 -5.14705777e-02  1.50676921e-01
 -1.95093110e-01  1.77555859e-01 -2.52889246e-02 -7.43410503e-03
  3.64918225e-02  1.15748040e-01 -1.67234018e-01 -1.42377332e-01
  1.19928911e-01 -1.89250603e-01  1.73662424e-01  1.55617312e-01
  1.35260075e-01  8.04813281e-02  8.78749043e-02  7.82218724e-02
  5.10518551e-02  3.03400680e-04 -1.95175782e-01 -9.22795385e-02
  1.23263657e-01 -4.70892191e-02  9.81931463e-02  1.50430631e-02]