[-1.67078912e-01 -2.64805704e-02  9.55744553e-03 -6.50726035e-02
 -9.61839706e-02  4.30587493e-02 -1.93667840e-02 -1.42276585e-01
  1.78605452e-01 -1.42691121e-01  2.26335943e-01  3.28225195e-02
 -2.15314776e-01 -2.08540782e-02 -1.20941997e-02  8.38284418e-02
 -1.00535154e-01 -1.45270184e-01  4.10932042e-02 -7.98413381e-02
  2.77901720e-02  3.23774177e-04 -4.29813080e-02  9.88684148e-02
 -9.56331491e-02 -2.31807396e-01 -1.26166567e-01 -6.22481257e-02
  6.76842257e-02 -1.10230885e-01 -1.06538320e-02  7.64544904e-02
 -1.43972024e-01 -1.30536761e-02  5.11163995e-02  1.13635503e-01
 -1.37053002e-02 -3.97099666e-02  2.40876496e-01  7.44811147e-02
 -9.48112905e-02 -7.17893094e-02  5.20695932e-04  3.26328933e-01
  1.80051446e-01 -1.42970998e-02 -1.24669857e-02 -1.38826862e-01
  1.64558649e-01 -2.23642290e-01  9.77903530e-02  1.70548022e-01
  1.34273902e-01  8.29337388e-02  2.16587074e-02 -1.44418836e-01
  5.93278632e-02  1.44508898e-01 -2.19094694e-01  1.34893730e-01
  9.00399610e-02 -1.03022993e-01  4.23456170e-02 -2.84972601e-02
  2.33531773e-01  7.31148124e-02 -1.44173533e-01 -1.49498537e-01
  1.38056263e-01 -1.28245950e-01 -8.72403681e-02  5.81253655e-02
 -1.60815448e-01 -2.36103952e-01 -2.55705327e-01  1.15254022e-01
  4.07972127e-01  2.12746933e-01 -1.98519200e-01  4.81530987e-02
 -6.32029027e-02 -1.00881480e-01  1.33496955e-01  1.60261840e-01
 -7.44847022e-03 -8.62147957e-02 -5.49608283e-02  1.48057379e-03
  1.95431843e-01  4.57498096e-02 -3.69777605e-02  2.16541037e-01
 -9.47013497e-04  3.68880816e-02  5.05639277e-02  1.09365650e-01
 -1.16856992e-01  7.06175668e-03 -1.36624917e-01 -6.74261749e-02
 -1.08727455e-01 -2.89392769e-02  8.32644701e-02  1.45502359e-01
 -1.66520149e-01  2.33122379e-01 -2.06680410e-02 -3.99065986e-02
 -7.01066852e-02 -7.38016516e-02 -9.08571556e-02 -8.21830984e-03
  1.06378734e-01 -2.94876426e-01  1.61092788e-01  1.16558120e-01
  1.26097932e-01  1.87300190e-01  4.73516211e-02  8.61586481e-02
  4.26634029e-02 -2.87257507e-02 -1.09874979e-01 -6.71587535e-04
  2.49328371e-02 -2.23670416e-02  5.88495955e-02  1.77097116e-02]