[-0.02579336 -0.03932297 -0.02399088 -0.06219659 -0.05305628 -0.10251554
  0.02061468 -0.10728975  0.12127081 -0.05265375  0.23718731 -0.09752203
 -0.22095753 -0.07549668  0.00661361  0.14048739 -0.1769437  -0.09249337
 -0.04679063 -0.02976525  0.0316713  -0.00999974  0.01741963  0.11582776
 -0.08343741 -0.31720993 -0.10029326 -0.14747833  0.03083937  0.00507596
  0.0439956   0.19797099 -0.07850495 -0.00070041  0.10398728  0.06873469
 -0.07231119 -0.05243734  0.27627787  0.03894312 -0.16763642 -0.00197444
 -0.01507649  0.27498829  0.16604206  0.03614918  0.03532242 -0.0375777
  0.17218992 -0.28763419  0.0083425   0.17398188  0.1442163   0.03572607
  0.08586265 -0.1575329   0.02404376  0.13973081 -0.28227973  0.08785449
 -0.02764644 -0.12806329  0.02279991 -0.10404394  0.23209974  0.13984159
 -0.17657791 -0.02460378  0.23223232 -0.13488358 -0.07163594  0.01302504
 -0.18512498 -0.23231192 -0.25202578  0.00824707  0.31128421  0.13788263
 -0.18039779  0.01398724  0.01721563 -0.00913128  0.04565341  0.12956205
 -0.07606249 -0.06028269 -0.04473886 -0.03056446  0.1519392  -0.0846042
 -0.03531186  0.26045033 -0.08061264  0.09640104 -0.00253857 -0.04057199
 -0.03999368 -0.01791092 -0.1311729   0.0255295   0.00207108 -0.08444791
  0.051794    0.08844863 -0.13455032  0.10377081 -0.04222417 -0.01019141
 -0.06546649 -0.00972352 -0.09874751  0.01580261  0.14627235 -0.22850755
  0.27307796  0.1584319   0.06728426  0.12745725  0.03126858 -0.01728074
  0.00858915 -0.09046982 -0.17622077 -0.04982227  0.10792072  0.0104675
 -0.00241894 -0.00435444]