[-0.07692971  0.09063306  0.08586387 -0.09866619 -0.09666947 -0.04757364
  0.0364642  -0.13342586  0.23812501 -0.12980035  0.1885092  -0.04666829
 -0.27599967  0.08469277  0.01802659  0.22780123 -0.21601921 -0.15511209
 -0.10809774 -0.09916984 -0.01760597  0.10224859  0.018812    0.11387192
 -0.00427464 -0.32209384 -0.07605482 -0.06923109  0.09256575  0.02382954
 -0.00256002  0.09846815 -0.10858817  0.00709142  0.11225068  0.10333545
 -0.10020123 -0.18290676  0.28650567  0.04242349 -0.20765066 -0.03189527
  0.06475959  0.21690519  0.20629419  0.00675335  0.04930794 -0.17497121
  0.17068967 -0.27182785  0.04760961  0.19662374  0.08376343  0.01239508
  0.15296197 -0.1864946  -0.00278213  0.13583574 -0.1772237   0.0491665
  0.11694463 -0.07368282 -0.02667679 -0.14663208  0.18603292  0.11586358
 -0.11410289 -0.13620771  0.2271951  -0.17649671 -0.1526756   0.07693479
 -0.15237033 -0.15833554 -0.24224286 -0.05606646  0.46089718  0.14510563
 -0.12029608  0.05087667 -0.00976333 -0.03959907  0.09581675  0.15625754
 -0.09407514 -0.11364904 -0.07816865 -0.0285353   0.24718863 -0.01022238
 -0.04565493  0.21403998 -0.02590454  0.02804761 -0.02057771 -0.01256147
 -0.07337022 -0.0375655  -0.17011158 -0.11249872 -0.00789721 -0.03026333
 -0.01416614  0.13306922 -0.22784783  0.08641866 -0.04163271 -0.02415189
  0.02577458  0.0219103  -0.12079033  0.00662871  0.19582246 -0.20427248
  0.15408704  0.15504238 -0.01935071  0.08645988  0.05120597  0.10928924
  0.00834393 -0.07117698 -0.22490981 -0.09393873  0.0742199   0.02737309
  0.0449916   0.03089082]