[-0.14128312  0.1270037   0.06463437 -0.04253538 -0.11385633 -0.04208512
 -0.018391   -0.00262432  0.15495849 -0.02113524  0.23322956 -0.09047212
 -0.28022814 -0.05019367 -0.0665229   0.15794489 -0.11703782 -0.07850853
 -0.06606902 -0.0421964   0.06147517  0.05581576 -0.0029511   0.00584744
 -0.02661518 -0.36561334 -0.04369174 -0.10677037  0.02341224 -0.13223982
  0.05395768  0.03337162 -0.21086697 -0.11597315  0.03703388  0.0565061
 -0.08340309 -0.09301427  0.20203981  0.04340984 -0.17888044 -0.1675237
  0.060721    0.30573797  0.06746671  0.05114331  0.01816387 -0.06431229
  0.15093976 -0.27815625  0.09796833  0.11978038  0.18244874  0.0315146
  0.10224551 -0.11785783  0.08646455  0.14561103 -0.30438763  0.06865281
  0.09704848  0.00764325 -0.12201742 -0.06354002  0.20939296  0.13363594
 -0.08522292 -0.16077285  0.1949193  -0.11934903 -0.03354765  0.16479975
 -0.09710693 -0.21148048 -0.31448337  0.02449435  0.37511829  0.08590595
 -0.10142032 -0.09925583  0.00657952 -0.05711311  0.03316253  0.07056624
 -0.12571904  0.02421345 -0.06853122  0.06219896  0.17287412 -0.03873104
 -0.10075846  0.16744961 -0.00392133 -0.03768132 -0.036914    0.04070155
 -0.04676532 -0.00951708 -0.13248542 -0.03684177  0.13552943 -0.06602035
 -0.06565713  0.13143729 -0.20352325  0.06730133 -0.02279563 -0.07144288
 -0.0415774  -0.11285369 -0.14297852 -0.00193928  0.1697754  -0.19015022
  0.17486586  0.15103422  0.03467156  0.06167496  0.02803306 -0.04117318
  0.06124156 -0.13033298 -0.20123188 -0.11244292  0.08385481 -0.03236001
 -0.00371546 -0.05182734]