[-0.06324656  0.02826094 -0.00095909 -0.05020945 -0.19679955 -0.0351061
  0.00716267 -0.02131037  0.03505901 -0.04648641  0.22091791 -0.07800233
 -0.22605699 -0.05044943  0.02755675  0.13056144 -0.04659696 -0.13768584
 -0.15822095 -0.13295832 -0.02955447 -0.02808642 -0.08869512  0.05607556
 -0.12480603 -0.23710245 -0.03740434 -0.05314561  0.10352705 -0.1038295
  0.01827394  0.08485054 -0.12590624 -0.02295587  0.10798479  0.11254285
 -0.03249136 -0.11739255  0.23237956 -0.06782734 -0.16125622 -0.01732033
  0.0902719   0.2068367   0.11063344 -0.00783961  0.11690971 -0.10304317
  0.09508703 -0.2120914   0.09950672  0.13415723  0.07515204  0.02571861
  0.09202879 -0.19530883  0.02105693  0.15183827 -0.16430336  0.06883135
  0.05955897 -0.06250726 -0.15124963 -0.13034867  0.20719339  0.08023272
 -0.12235528 -0.22396752  0.18751425 -0.17427562 -0.08364849  0.11600664
 -0.06763691 -0.13260081 -0.29415309  0.09147906  0.41340718  0.17106104
 -0.22494161  0.0689453  -0.01277779 -0.0459216   0.11056091  0.07243337
 -0.081496   -0.04348871 -0.11850102  0.04722696  0.21786512 -0.02566948
 -0.01381389  0.1279911   0.04690956 -0.00503569  0.00893315  0.04642331
 -0.10122906 -0.03233936 -0.04652803 -0.031786    0.19062859 -0.09053199
  0.01685363  0.11670397 -0.15633161  0.12966421 -0.06825768 -0.01569737
 -0.0155431  -0.02456411 -0.09368265  0.00707141  0.17377822 -0.27484766
  0.1557194   0.13320827  0.02695168  0.08553007  0.16431612  0.06620686
  0.07824687 -0.0600441  -0.18341602 -0.08795289  0.01790689 -0.05401646
  0.04135266  0.04799353]