[-1.66251659e-01  1.03732862e-01  9.13659036e-02  7.00588804e-04
 -9.30090770e-02  6.08582757e-02 -6.62172288e-02 -5.58579676e-02
  7.74661228e-02 -1.08431458e-01  1.88011423e-01  3.00579946e-02
 -1.83116272e-01  8.02576989e-02 -8.42761900e-03  1.47420153e-01
 -1.45150974e-01 -8.47368613e-02 -5.37487529e-02 -7.39004314e-02
  2.80791223e-02  5.82752563e-02 -3.16279978e-02  6.15327321e-02
 -1.20275021e-01 -3.32141012e-01 -1.00258335e-01 -1.78716779e-02
  5.89763448e-02 -9.52559896e-03  4.58760038e-02  3.15310992e-02
 -7.12367222e-02  1.21650040e-01  1.50296111e-02  2.28077080e-02
 -8.03110003e-03 -8.52579102e-02  2.14905307e-01  2.83660889e-02
 -1.59048200e-01  4.71652895e-02  5.37641272e-02  3.25602412e-01
  1.54189765e-01  3.12365848e-03  5.02537265e-02 -4.42427844e-02
  1.34955913e-01 -2.61630297e-01  1.27270281e-01  1.31029874e-01
  6.23493493e-02  1.11872658e-01  2.03972664e-02 -1.22599602e-01
  1.79229267e-02  1.81574881e-01 -1.70462027e-01  1.36335775e-01
  5.93329482e-02 -1.12258308e-01  6.92358054e-03 -8.30036253e-02
  2.25880235e-01  1.67639241e-01 -1.54378414e-01 -1.51503518e-01
  1.14794210e-01 -1.12404615e-01 -5.33276275e-02  4.15611416e-02
 -1.63635507e-01 -1.60447568e-01 -2.77546346e-01  1.41528443e-01
  3.86827081e-01  1.72943652e-01 -1.19577095e-01 -2.33642291e-03
 -4.60463241e-02 -3.76664102e-05  7.42026865e-02  1.15132801e-01
 -9.16097090e-02 -1.86949000e-01 -3.25681195e-02  4.55818400e-02
  2.57455319e-01  4.96357158e-02 -7.19553456e-02  2.57656783e-01
  3.79761532e-02 -4.34328802e-02 -3.91442850e-02  1.10891700e-01
 -7.88004622e-02 -5.28393202e-02 -4.23238166e-02 -2.20528897e-03
 -8.04600120e-03 -8.63913670e-02  3.57987210e-02  1.39855102e-01
 -2.60197312e-01  2.21519172e-01 -2.41217911e-02  4.81015630e-02
  1.01263940e-01  8.48498046e-02 -1.35481015e-01 -9.47640929e-03
  1.45196408e-01 -2.45257378e-01  1.88276500e-01  1.54949844e-01
  1.32179081e-01  1.45339236e-01  6.27349764e-02  1.03625976e-01
 -8.41659214e-03 -1.67216323e-02 -1.30504787e-01 -3.49700972e-02
  7.88098052e-02 -2.20648311e-02  4.43822797e-03  8.95103961e-02]