[-1.05690904e-01 -3.94496508e-03  9.86751541e-02 -4.97959182e-02
 -5.93538620e-02  6.67727664e-02  2.74030250e-02  4.83305939e-03
  2.36529201e-01 -1.69352025e-01  2.23597705e-01 -4.52235416e-02
 -3.39214534e-01  7.16816485e-02 -1.28290489e-01  1.54591367e-01
 -1.33303389e-01 -1.04232766e-01 -5.83526418e-02 -8.73021632e-02
  1.57134429e-01  2.48512011e-02  1.87740959e-02  8.91114250e-02
 -2.08917856e-01 -3.38214427e-01 -9.29171592e-02 -5.95892519e-02
 -9.09771770e-04 -4.95022349e-02  3.17464545e-02  8.78758430e-02
 -1.39367759e-01  8.20604861e-02 -2.53792610e-02  4.99220341e-02
 -6.09695427e-02 -1.73384592e-01  2.05978632e-01  4.46365587e-02
 -2.27558136e-01 -1.53957484e-02 -1.06369369e-02  2.80403078e-01
  1.04712680e-01 -1.55703751e-02  5.72706982e-02 -5.49009666e-02
  1.16425239e-01 -3.44072998e-01 -6.24481589e-03  2.44406939e-01
  2.95796786e-02  3.85573916e-02  1.21564969e-01 -1.59534425e-01
  5.27620241e-02  1.24705367e-01 -1.61613226e-01  3.50918137e-02
  2.72019841e-02 -7.64879435e-02 -3.07086855e-04 -1.35522127e-01
  1.33746549e-01  9.30439904e-02 -1.74378067e-01 -1.46837115e-01
  2.48752266e-01 -1.38013750e-01  5.36176115e-02  1.64207429e-01
 -1.73090532e-01 -2.49564350e-01 -1.54975757e-01  3.82025242e-02
  4.88583624e-01  2.14045301e-01 -6.50317371e-02  1.13391683e-01
 -1.30605116e-01  3.10757495e-02  1.77329928e-02  1.70715719e-01
  1.69190746e-02  5.76556660e-03 -1.17644884e-01  7.05182105e-02
  1.14285551e-01 -3.36222649e-02 -2.87496652e-02  2.74920881e-01
  3.90076376e-02 -4.84266952e-02  4.08749841e-03  4.91450429e-02
 -1.99201152e-01  9.59907845e-03 -5.35441078e-02  1.55968284e-02
 -4.34979051e-03 -3.30590159e-02  1.77178113e-03  5.18752895e-02
 -1.32328942e-01  2.14816675e-01 -6.97620362e-02 -8.63259844e-03
  1.38716185e-02 -3.77477449e-03 -7.48150796e-02  3.91089395e-02
  8.83418620e-02 -3.41575295e-01  5.53009585e-02  1.02993816e-01
  3.58952880e-02  1.67825192e-01  4.25155126e-02  1.18664593e-01
 -2.17558816e-03 -5.34540750e-02 -2.37440780e-01 -1.03050418e-01
 -2.04242654e-02 -6.18755482e-02 -2.49686260e-02 -2.93634254e-02]