[-0.04983142  0.02025046 -0.00524738 -0.06430027 -0.12639651  0.04424413
  0.01750435 -0.11923835  0.13175429 -0.09120075  0.08091129 -0.05322724
 -0.25519368 -0.02440613  0.05131147  0.09566266 -0.09190921 -0.14006197
 -0.15054789 -0.07218567  0.00730038  0.08078127 -0.04280161  0.03402133
 -0.12331416 -0.38403949 -0.11770486 -0.13812384 -0.07533002 -0.10721669
 -0.03659439  0.10376163 -0.11250932 -0.08856251  0.03827842 -0.01959947
 -0.08965148 -0.08968732  0.18996041  0.08473805 -0.14050993 -0.05735389
  0.08140706  0.2721763   0.17876787  0.0273035   0.06107023 -0.04259564
  0.11541484 -0.30414522  0.09875255  0.07254165  0.12305916  0.1025317
  0.15057218 -0.14402132 -0.01982214  0.06701636 -0.19374433  0.15866593
  0.05284953 -0.14964151 -0.11822633 -0.10131888  0.27300569  0.16512842
 -0.10887375 -0.08585551  0.16833049 -0.15441149 -0.12975845 -0.01564563
 -0.12300142 -0.16599773 -0.31288993  0.03104981  0.3456572   0.18189092
 -0.28023365 -0.08834514 -0.04591381  0.01604482  0.12154761  0.13992678
 -0.03497737 -0.03176529 -0.00487906  0.03054391  0.19815926 -0.01927857
 -0.0971819   0.24576892  0.01190591  0.01461435  0.06459086  0.04501311
 -0.07475089 -0.10918219 -0.12540226 -0.00663077  0.09707619 -0.04233506
  0.00157043  0.18264204 -0.1212585   0.18904699 -0.05573396 -0.05026858
 -0.01865589 -0.09657554 -0.09214981 -0.01504952  0.15845479 -0.22541288
  0.08881722  0.13760166 -0.04603502  0.1335721  -0.04987906  0.04605702
 -0.02292594 -0.0165103  -0.23829529 -0.07268472  0.12891692  0.04910482
 -0.02781231  0.01981086]