[-0.14029048  0.15163541  0.08935604  0.01535335 -0.05263908 -0.02874414
  0.05218074 -0.06797425  0.177329   -0.04233902  0.29651418  0.0038716
 -0.13834009 -0.09297699  0.02151671  0.12456651 -0.16306788 -0.12187706
 -0.10423496 -0.08972909 -0.11774283  0.04992377  0.05057241  0.03949799
 -0.05515242 -0.27634925 -0.01463536 -0.17162332  0.14018589 -0.05150383
  0.03793117  0.0203668  -0.19068268 -0.09652059  0.0405248   0.05843772
 -0.0222898   0.01010222  0.26768661 -0.01038012 -0.13381106 -0.04550861
  0.03197069  0.35119358  0.18611662  0.03852749 -0.01024726  0.02280844
  0.10741822 -0.19661663  0.05032669  0.07520948  0.19383977  0.04657039
 -0.02185797 -0.19285269  0.01323592  0.08019599 -0.1889189   0.10357065
  0.05220005 -0.11763582 -0.03254363  0.04539767  0.33812043  0.07773785
 -0.10438644 -0.12301249  0.15938798 -0.1533969   0.0163298   0.13488752
 -0.10847199 -0.07833941 -0.22426856  0.04118621  0.43691716  0.03491196
 -0.16132241 -0.04804506 -0.1169145  -0.02382101 -0.02307289  0.11591692
 -0.11528286 -0.04412893 -0.09661595 -0.0580181   0.20457916  0.00870847
 -0.07328964  0.18081798 -0.0235069  -0.03332905  0.00455928 -0.04922804
 -0.03862826 -0.0368281  -0.03677192 -0.0541932  -0.00725595 -0.14231856
  0.00931226  0.09346862 -0.26768076  0.14434403 -0.01990004  0.05182097
  0.06569919  0.08009233 -0.00630176 -0.07760456  0.21679604 -0.22889784
  0.24500775  0.17173721  0.0069582   0.15371898  0.00786382  0.10481171
 -0.01723404  0.07009648 -0.09324152 -0.08260471 -0.02933062 -0.10151263
  0.11839915  0.06168891]