[-3.86503935e-02  8.32500607e-02  5.08638564e-04  2.91640274e-02
 -4.30448316e-02  5.65754902e-03 -3.91810127e-02 -1.07906178e-01
  1.67451069e-01 -7.10466579e-02  2.73981780e-01  3.03091714e-03
 -2.36357778e-01 -7.87740648e-02 -2.35253330e-02  1.81741387e-01
 -1.36973605e-01 -9.42565277e-02 -4.22654226e-02  2.31104828e-02
  9.95662436e-02  6.44476153e-03  4.49318923e-02  1.28176566e-02
 -4.64223996e-02 -3.62702250e-01 -1.11163020e-01 -6.06324375e-02
 -7.66952615e-03 -7.42077529e-02 -1.06636891e-02  3.37805375e-02
 -1.67407632e-01 -1.07273022e-02  3.08610462e-02  2.85454988e-02
 -5.03620692e-02 -7.83695132e-02  2.74527371e-01  3.88599038e-02
 -2.47612000e-01  3.90286036e-02  3.31226178e-02  2.25702748e-01
  1.46402836e-01  1.87326465e-02  3.19113620e-02 -1.47587106e-01
  6.80411607e-02 -1.53264284e-01  1.80391949e-02  2.06700683e-01
  7.32800514e-02  8.53259861e-03 -2.02021450e-02 -9.65019912e-02
 -1.21768015e-02  4.17758450e-02 -1.13887347e-01  2.19554873e-04
  1.03031114e-01 -5.05417958e-02 -6.72836527e-02 -6.43554777e-02
  1.98841423e-01  7.45647624e-02 -1.20688178e-01 -2.04916984e-01
  7.75973946e-02 -1.64482802e-01 -1.01025112e-01  8.71037692e-02
 -1.87840864e-01 -2.34267473e-01 -2.91731328e-01  6.23673294e-03
  4.31129664e-01  3.76509577e-02 -1.83528826e-01  6.82652220e-02
 -7.31050894e-02 -3.95081937e-02  1.49323955e-01  1.78299576e-01
  2.10866425e-02  9.70224477e-03 -9.43837687e-02 -1.73864886e-04
  2.73974061e-01 -8.49786401e-02 -6.54850155e-02  2.22450256e-01
 -1.33832535e-02  9.70902443e-02 -7.17393309e-03  1.77424457e-02
  2.90976241e-02  1.70445126e-02 -1.23601332e-01 -2.54321899e-02
  2.94374283e-02 -2.30036881e-02 -1.68974567e-02  9.34668332e-02
 -1.69092983e-01  6.96258247e-02  3.08058877e-02  3.59220132e-02
  1.00862302e-01  2.80225221e-02 -1.80286735e-01 -1.00310601e-01
  1.45131886e-01 -2.26171374e-01  2.10028008e-01  1.57035768e-01
  4.95604500e-02  3.92605178e-02  1.49193525e-01  1.37997746e-01
 -7.74883013e-03 -1.06478520e-02 -2.42850110e-01 -9.30541102e-03
  5.56668565e-02  3.33947092e-02  5.40124029e-02 -4.61159348e-02]