[-6.91903979e-02  4.54808399e-02 -3.01553980e-02  1.03433356e-02
 -1.88366532e-01  2.27516610e-02  5.30564561e-02 -7.86830559e-02
  1.54914349e-01 -8.74956548e-02  1.27327934e-01 -1.17397420e-02
 -2.44516000e-01  1.75501611e-02  3.48899066e-02  1.71006039e-01
 -1.44453987e-01 -1.68841794e-01 -1.79537714e-01 -1.08841270e-01
 -6.41444400e-02 -7.03236274e-03 -4.10623029e-02  3.33237015e-02
 -8.52035284e-02 -2.88241863e-01 -3.92588004e-02 -1.09318547e-01
  1.28494292e-01 -2.23716889e-02  2.23826431e-02  3.01674544e-03
 -1.58102661e-01 -5.88106513e-02  6.71182051e-02  5.05107939e-02
 -4.91425730e-02 -1.00958057e-01  2.19701409e-01 -3.33918408e-02
 -1.86088011e-01 -4.16246951e-02  5.30659035e-02  2.83739001e-01
  9.49928835e-02  2.58808807e-02  7.92305619e-02 -6.61277398e-02
  1.17375523e-01 -2.14176163e-01  1.23091288e-01  7.61689246e-02
  1.33638680e-01  1.01120003e-01 -1.06460880e-03 -1.56157926e-01
  6.96755275e-02  1.81751579e-01 -2.43656397e-01  1.40708864e-01
  1.73024744e-01 -1.30382285e-01 -5.57062626e-02 -6.33386075e-02
  3.18063051e-01  1.17033109e-01 -9.14881974e-02 -1.76406965e-01
  1.56843737e-01 -1.92164496e-01 -8.21472406e-02 -4.68951836e-02
 -9.27336216e-02 -1.12846449e-01 -3.18872839e-01  4.45160158e-02
  4.60950792e-01  1.73098862e-01 -1.51231676e-01 -9.70492139e-04
 -6.07948229e-02  2.41250917e-03  1.12041220e-01  1.18495874e-01
 -7.07769394e-02 -7.92731047e-02 -7.11171031e-02  2.17040312e-02
  2.60459304e-01 -4.59615067e-02 -4.75632586e-02  1.45838439e-01
  3.10372077e-02 -8.58471841e-02 -1.76361986e-02 -2.70289136e-04
 -9.21660960e-02 -1.54250329e-02 -2.74892487e-02 -4.08774707e-03
  4.19112369e-02 -9.91673023e-02  8.73000100e-02  7.38331974e-02
 -1.81657761e-01  1.82183102e-01 -2.85626147e-02  2.51073167e-02
  5.93846440e-02  3.63467000e-02 -1.13607578e-01 -7.94450566e-02
  1.93720803e-01 -2.22673565e-01  2.62882471e-01  1.70577005e-01
  7.57963732e-02  1.43801332e-01  2.74977107e-02  1.27955616e-01
  2.17791125e-02  3.71779427e-02 -1.85711280e-01 -7.80212805e-02
  5.07419966e-02 -3.35692018e-02  9.66468975e-02  1.23552866e-01]