[-9.73652825e-02  7.04828203e-02  2.18317322e-02 -4.46413234e-02
 -2.01103047e-01  3.54028642e-02  1.07371863e-02 -1.06086835e-01
  5.61432913e-02  3.36217470e-02  2.75680572e-01 -9.63007212e-02
 -2.47365996e-01 -1.81732386e-01  5.98324575e-02  1.31027594e-01
 -7.43219778e-02 -1.76095501e-01 -1.16295025e-01 -5.02688438e-02
 -1.61158405e-02 -1.50560355e-02 -7.27551207e-02  6.58905283e-02
 -1.39422670e-01 -3.26836050e-01 -3.54848020e-02 -1.34811953e-01
  5.69466203e-02 -2.22144112e-01 -4.42823209e-02  1.59749851e-01
 -1.47196010e-01 -1.26719832e-01  3.62536386e-02  9.39361006e-02
 -1.16187170e-01 -7.24986345e-02  1.50490418e-01 -6.77155703e-02
 -1.96100608e-01 -3.13317291e-02  1.21207461e-01  2.58123547e-01
  2.09976122e-01 -2.06949073e-04  4.34541330e-02  3.82976681e-02
  8.38211700e-02 -2.46619895e-01  6.30126745e-02  1.46611243e-01
  1.82283908e-01  8.06744993e-02  1.40039936e-01 -1.38686061e-01
 -3.16656232e-02  1.25050053e-01 -1.86721504e-01  7.47193247e-02
  7.91900009e-02 -1.15091495e-01 -3.30355465e-02 -1.43015757e-01
  1.66645408e-01  5.12038171e-02 -8.78923982e-02 -7.57033378e-02
  9.44817439e-02 -8.73935297e-02 -1.12465739e-01  6.93099499e-02
 -1.27677783e-01 -2.08079964e-01 -2.69476354e-01  8.34234580e-02
  3.50780725e-01  1.91072419e-01 -2.43325695e-01  2.30389927e-02
  2.78856307e-02 -6.49470016e-02  6.42820224e-02  2.26902533e-02
  2.22184137e-02 -4.92941402e-02 -1.12070099e-01  3.68863717e-02
  1.42428204e-01 -3.98745462e-02  4.99667227e-02  1.64513126e-01
 -3.62106040e-02 -5.16079133e-03  1.70896761e-02  4.60152104e-02
 -6.74785748e-02  4.16574404e-02 -6.78438991e-02  3.30790039e-03
  4.01316620e-02 -7.33237118e-02  3.29255164e-02  3.21697071e-02
 -6.39375672e-02  1.67716578e-01  3.56697030e-02  7.77492747e-02
 -8.88228789e-02 -9.82307792e-02 -5.13602793e-02  5.60967587e-02
  1.43702120e-01 -2.78767765e-01  2.14418069e-01  1.17341518e-01
 -3.96970324e-02  9.82611626e-02  7.53107443e-02  1.20965894e-02
  3.14320698e-02 -9.71651301e-02 -1.50494084e-01 -9.92139429e-02
  1.16649851e-01 -7.00737908e-02  4.05712016e-02  4.14307229e-02]