[-1.23685740e-01  3.38746943e-02 -9.46796685e-03 -3.16187888e-02
 -8.47953409e-02  2.52026767e-02  2.44366229e-02 -3.17750089e-02
  1.58155277e-01 -9.60911736e-02  2.06600562e-01 -9.21509191e-02
 -2.28237361e-01 -7.11927414e-02 -1.77835152e-02  1.52248472e-01
 -1.01623893e-01 -1.56360209e-01 -1.31496921e-01 -6.91493303e-02
  3.68758962e-02  2.82403994e-02 -4.01838310e-02  1.17195867e-01
 -8.68343413e-02 -2.71950960e-01 -3.96723077e-02 -1.67582497e-01
 -4.23912033e-02 -8.55264738e-02  4.54405881e-02  9.13496241e-02
 -8.63982663e-02 -7.07525201e-03  3.78636792e-02  8.02873597e-02
 -1.05369039e-01 -4.89405878e-02  2.10462913e-01 -3.45982276e-02
 -2.11080179e-01  1.38301402e-07  2.50264946e-02  2.80492365e-01
  1.56948298e-01  6.82152510e-02 -2.26242114e-02 -5.24193123e-02
  1.50084510e-01 -2.34830990e-01  9.56471823e-03  1.86678037e-01
  1.61668986e-01  1.15401089e-01  7.18199313e-02 -1.80843413e-01
  1.09582484e-01  1.82356402e-01 -3.03667337e-01  5.68069480e-02
 -4.66266647e-02 -1.62949368e-01  4.24684025e-02 -4.33570556e-02
  2.10339293e-01  1.77415937e-01 -9.82976481e-02 -1.53870478e-01
  1.93902075e-01 -2.32841849e-01 -6.98460191e-02  1.40251741e-01
 -1.13093458e-01 -2.39765048e-01 -2.18022898e-01 -1.75831504e-02
  3.07048976e-01  1.60257712e-01 -1.78021505e-01 -1.81704573e-02
  3.88113707e-02 -1.43811572e-02  5.24467565e-02  1.28687322e-01
 -1.15406692e-01 -9.22321230e-02 -8.54196474e-02 -1.15600489e-01
  1.79452360e-01 -2.48947926e-03 -3.15344781e-02  2.20389813e-01
  1.45037165e-02 -1.07259877e-01  6.56360611e-02 -6.89933961e-03
 -5.44846132e-02  1.06951129e-02 -3.87119874e-02 -1.29221650e-02
 -5.30814677e-02 -1.86090410e-01 -1.44041162e-02 -5.52778505e-03
 -2.01415271e-01  1.80757254e-01 -8.71384591e-02  2.38561202e-02
 -1.11630350e-01 -3.03058792e-02 -2.52780989e-02  6.72176704e-02
  2.04188764e-01 -2.76170909e-01  2.27892622e-01  1.58043683e-01
  4.59067822e-02  2.03301787e-01  1.21227317e-02  1.10777512e-01
 -6.37409985e-02 -7.85726756e-02 -1.86667874e-01 -8.91122818e-02
  7.15980679e-02 -3.28573249e-02  6.43595159e-02  3.74627821e-02]