[-0.08477666  0.15882523  0.02381739 -0.06691679 -0.19151095 -0.0531447
 -0.05512968 -0.12072787  0.14018448 -0.18013127  0.18830393 -0.12405463
 -0.20305926  0.06459352 -0.10480887  0.1796857  -0.1711081  -0.15944856
 -0.00649254 -0.1641683   0.00313922  0.07730833 -0.0313726   0.12824151
 -0.18417127 -0.30716336 -0.04870103  0.01842449 -0.00258855 -0.07669611
  0.06816693  0.2108396  -0.1258083   0.10894215  0.05395512  0.07506083
  0.01325186 -0.07988533  0.18487293  0.07175022 -0.2308661  -0.05572572
  0.13496684  0.36065716  0.21096498 -0.08858564 -0.00175571 -0.09198592
  0.13800892 -0.20847978  0.00484504  0.18736674 -0.02235246  0.04634837
  0.03722219 -0.11816444 -0.00220483  0.11322664 -0.16541232 -0.07034728
  0.09863362 -0.10527962 -0.04386422 -0.13682492  0.22304745  0.12754953
 -0.10637583 -0.15524961  0.18086006 -0.22341299 -0.08759572  0.0852915
 -0.0966355  -0.13316078 -0.25061154  0.01700784  0.38372847  0.20427996
 -0.04861375  0.12836976  0.03576078 -0.05418087  0.07274924  0.19281492
 -0.07498164  0.00977578 -0.02398064  0.11230814  0.20540398  0.02440019
 -0.05982178  0.2175934   0.00213454 -0.04159515  0.05129714  0.01960411
 -0.17448375 -0.01997012 -0.13631067 -0.05004909 -0.05678789 -0.0385334
 -0.00650506  0.12160063 -0.20101926  0.22577381 -0.01803655 -0.03281201
 -0.06495835  0.00670315  0.00413012  0.01619948  0.10423123 -0.24288766
  0.08728911  0.03425349  0.08579341  0.21073394  0.06856831  0.06458467
  0.00691228 -0.08728691 -0.06858478 -0.05408319  0.04180185 -0.10471544
  0.09487906 -0.00506189]