[-0.08644909 -0.05789044 -0.02287034 -0.03987416 -0.0803975  -0.00848579
 -0.04917676 -0.09536245  0.21901721 -0.11373091  0.12893854 -0.03491163
 -0.20914033 -0.02106268 -0.01327544  0.1478975  -0.15657629 -0.17876644
 -0.09514218 -0.05999638  0.08293669  0.0360918  -0.02095648  0.13617401
 -0.17356545 -0.32921112 -0.01382078 -0.16631557 -0.03532599 -0.03355454
  0.06064455  0.14404625 -0.17820607  0.04662771  0.04601884  0.16613445
  0.00605766 -0.09805504  0.26816508  0.01166582 -0.21835536 -0.03711337
  0.06142282  0.20768094  0.17696396 -0.03042071  0.05514517 -0.07278597
  0.19517109 -0.37223235  0.07087993  0.18090494  0.07476112  0.11658435
  0.19609644 -0.25639355  0.04864511  0.12592384 -0.1716764   0.09333219
 -0.02613919 -0.07873946 -0.00163845 -0.13648903  0.24915718  0.05979327
 -0.14627527 -0.06362401  0.20824629 -0.13335806 -0.0730474   0.10716261
 -0.12482778 -0.23540394 -0.33248982  0.00759016  0.38795283  0.20862283
 -0.22436686  0.11807404 -0.08301691 -0.03088241  0.008214    0.13354333
  0.08094193 -0.01735018 -0.06363592  0.0104202   0.18315391  0.01304978
  0.05310187  0.30379921 -0.00875547 -0.01405526 -0.03842136  0.05801954
 -0.09846682 -0.0366566  -0.0713577  -0.00240017  0.02119819 -0.00689816
  0.03811954  0.0619201  -0.25402692  0.14461185 -0.05945567 -0.02253056
 -0.01770947 -0.01097993 -0.05891998  0.04695249  0.15833011 -0.36704308
  0.18603167  0.11929132  0.01656453  0.22864226 -0.0360342   0.11052935
 -0.02039896 -0.08662022 -0.24121638 -0.07579727 -0.00629901  0.02397462
 -0.10005233  0.12215052]