[-0.01260009  0.09050658  0.03879197 -0.07725778 -0.14525692 -0.01159615
 -0.09925632 -0.08726434  0.12096939 -0.12532471  0.22769594  0.03669143
 -0.19583112 -0.12670182  0.05216646  0.13750196 -0.08510889 -0.1551327
 -0.0775065  -0.13084687  0.0008847   0.13294537  0.03216854  0.10330725
 -0.18944001 -0.29271826 -0.11625143 -0.09274785  0.03083361 -0.10967257
  0.00674591  0.11148905 -0.13406315  0.02953752  0.00599248  0.03898001
 -0.10075162 -0.04046396  0.21809015  0.02946842 -0.22420695  0.02370967
 -0.02089191  0.27004692  0.27258042 -0.00316354  0.05394191 -0.04244637
  0.14283697 -0.23877047  0.13474539  0.1526347   0.04717145  0.05586097
  0.02981983 -0.12893665  0.00131392  0.17005986 -0.26948491  0.0289751
 -0.01096911 -0.23216009 -0.0616786  -0.00593762  0.20022646  0.15959696
 -0.08043341 -0.26185688  0.18464306 -0.25240263 -0.12689345  0.18770082
 -0.1223561  -0.12057576 -0.36738449  0.04839717  0.36696029  0.10943419
 -0.17105258  0.0806374   0.00554868 -0.02411583  0.09348024  0.09661983
 -0.04632439 -0.11961228 -0.13832465  0.02667461  0.22333807 -0.04742565
 -0.09517595  0.26043946  0.04377946  0.06619851  0.09086536  0.11477672
 -0.07044265 -0.01632278 -0.03726543  0.01991545  0.05769086 -0.02508649
 -0.03139044  0.10057535 -0.11492309  0.30372313 -0.04211257  0.02517481
 -0.04833526 -0.06577341 -0.09267219 -0.03134327  0.17073219 -0.28484893
  0.19906017  0.08831993  0.03764581  0.17800935  0.06221914  0.07358783
 -0.06752513 -0.131552   -0.22079346 -0.05555039  0.11474607 -0.06423957
  0.09653547  0.07818119]