[-0.12530337  0.06074423  0.09320671  0.07468235 -0.02208725 -0.08823256
  0.05890617 -0.06808525  0.09439211 -0.08140673  0.28933924 -0.01397696
 -0.1763795  -0.09144311  0.05490984  0.13992371 -0.07653881 -0.12805232
 -0.06757775 -0.11115213  0.04537934  0.04559556 -0.02017567  0.10837593
 -0.03671144 -0.26347923 -0.07918625 -0.13986008  0.13201891 -0.09860465
  0.03066111  0.10459746 -0.13272622 -0.01347676 -0.0049757  -0.01468645
 -0.00585179 -0.00205933  0.2136648   0.0145198  -0.17493407 -0.03127085
 -0.05016723  0.33566868  0.11436095  0.00684721 -0.00269476 -0.03345915
 -0.01692685 -0.14346935  0.05317884  0.1211051   0.18636055  0.04668173
 -0.07157888 -0.15268192 -0.03385634 -0.03012227 -0.22315215  0.07532595
  0.04925993 -0.16557716 -0.08908471 -0.05532891  0.25916374  0.04077242
 -0.11055538 -0.13630353  0.23001201 -0.15337442 -0.03462759  0.14656733
 -0.13513619 -0.12562086 -0.19138163  0.08890077  0.36783478  0.06708243
 -0.20760712  0.01323871 -0.185422   -0.01223967 -0.02255042  0.08146144
 -0.04288443 -0.03340608 -0.08521216  0.00506498  0.13550949 -0.04748242
 -0.06230262  0.22319444  0.02596178 -0.0322455   0.02228065 -0.02445898
  0.00678427 -0.04357794 -0.07986633 -0.10616142  0.00305778 -0.08961804
  0.00460546  0.09082926 -0.19806308  0.21044442  0.05315712  0.01818849
  0.07301421  0.10874006 -0.13980423 -0.1235194   0.16835536 -0.20847559
  0.18389136  0.15722698  0.14606322  0.11142604  0.02164997  0.13908397
 -0.04885013 -0.09517197 -0.17678832 -0.00850252  0.12474266 -0.0425968
  0.01239972  0.0483162 ]