[-1.08934194e-02  1.60859883e-01  3.55463922e-02 -5.79325594e-02
 -1.28391474e-01  6.01307191e-02 -8.39011669e-02 -1.44882482e-02
  2.14630023e-01 -1.00750744e-01  2.03170270e-01 -1.06964797e-01
 -1.68815464e-01 -7.77666364e-03 -2.14103404e-02  2.08173096e-01
 -2.05348253e-01 -1.38071328e-01 -1.14038158e-02 -1.32382922e-02
  1.17846355e-01  4.79450915e-03 -3.51723060e-02  1.82779074e-01
 -1.97185397e-01 -3.98279935e-01  7.62825925e-03 -8.65352973e-02
  3.64015624e-03 -2.08956003e-01 -4.73970883e-02  7.62305632e-02
 -1.97464556e-01  2.03297399e-02  8.45981203e-03  8.86107013e-02
 -2.83468850e-02 -7.91288093e-02  1.55943036e-01  1.20374456e-01
 -2.62269139e-01 -1.35343801e-02  3.86394709e-02  2.67833203e-01
  2.45325863e-01  3.23504098e-02  4.04937379e-02  2.95310281e-04
  1.29981071e-01 -2.81052083e-01 -4.58456427e-02  1.87097579e-01
  2.48505436e-02  4.13508676e-02  7.91616589e-02 -1.41247720e-01
 -3.04718129e-02  8.11627880e-03 -1.52984008e-01  1.44544765e-02
  6.94229901e-02 -3.09117083e-02  1.12513015e-02 -6.84064850e-02
  2.01444164e-01  5.69246486e-02 -1.10427745e-01 -1.22864470e-01
  1.10734440e-01 -1.86594427e-01 -7.37115294e-02  8.98367539e-02
 -7.71320164e-02 -1.82662845e-01 -2.64641345e-01 -5.98980933e-02
  4.32179064e-01  1.76949933e-01 -1.72295168e-01  5.39403968e-02
 -4.87577878e-02 -4.97127399e-02  3.31212953e-02  1.31069243e-01
  8.43626074e-03  9.72067863e-02 -7.76781067e-02  7.70421028e-02
  2.04189703e-01  2.37301327e-02  3.76010463e-02  2.57177979e-01
 -3.85158248e-02  1.22090857e-02  3.25973891e-03  3.31567228e-02
 -1.44322023e-01  6.83020335e-03 -9.39650685e-02 -7.86862671e-02
 -5.45860268e-02 -1.17316442e-02 -6.32554013e-03  1.01901084e-01
 -2.58741647e-01  1.95556179e-01 -3.45705822e-02 -7.32480129e-03
 -6.76936731e-02  1.08407833e-01 -1.37974948e-01  1.77508350e-02
  1.44623548e-01 -2.66590446e-01  6.87348396e-02  1.68126985e-01
  3.93052436e-02  7.75211826e-02  7.06443563e-02  4.00770307e-02
  5.10124722e-03 -6.73425347e-02 -1.44579664e-01 -9.25453156e-02
 -3.45116630e-02 -8.30318481e-02  4.43020463e-02 -3.08126584e-02]