[-0.0677781   0.04293028  0.01586242 -0.08116211 -0.13253941 -0.03112913
  0.02483095 -0.07305613  0.21514581 -0.13610736  0.13608545 -0.0575016
 -0.26100615  0.12616368 -0.03862637  0.20414972 -0.16958164 -0.17227641
 -0.08979921 -0.12820165  0.04220119  0.09006218 -0.06948383  0.14968944
 -0.16711135 -0.17676228 -0.04084758 -0.13067427 -0.05554469 -0.07516423
 -0.00174272  0.08739679 -0.07292175  0.01068552  0.07847865  0.04786327
 -0.04330272 -0.13408622  0.31266329  0.08838665 -0.21362792 -0.01247311
  0.1614482   0.29204848  0.16171503 -0.02715182 -0.03381627 -0.05990842
  0.21715151 -0.33031893  0.0463993   0.14300124  0.07633776  0.15990523
  0.13784072 -0.18995614  0.0702562   0.11901787 -0.22967975  0.05181465
  0.07814396 -0.10121748  0.02305074 -0.08456033  0.25766271  0.11042713
 -0.10344618 -0.06006162  0.17363924 -0.17461354 -0.16384974  0.06141393
 -0.105167   -0.16606028 -0.20633733  0.0009653   0.33970469  0.2273459
 -0.1512109   0.09954131  0.02438203 -0.07566092  0.09518384  0.12902322
  0.00483837  0.01018454 -0.01882526  0.01167958  0.23866287 -0.00518247
  0.02206273  0.30237198  0.05379982 -0.0228724   0.05837052  0.02059302
 -0.10825956 -0.06548604 -0.15844183 -0.02632466 -0.01558131 -0.01085537
  0.03258532  0.05127497 -0.22816874  0.14503399 -0.02819117 -0.06429823
 -0.13720873  0.01126064 -0.06995174  0.05700388  0.14914834 -0.2412831
  0.15469751  0.06663486  0.00373355  0.12326656 -0.00204121  0.01690586
  0.0020549  -0.07879616 -0.15220699 -0.0935661   0.11473133 -0.01203895
  0.07938585  0.08135999]