[-0.14666423  0.00910138  0.00670313 -0.15550925 -0.10864414  0.01286917
 -0.01606653 -0.15631241  0.21494576 -0.18975779  0.14334352 -0.03458906
 -0.26101139 -0.0068497  -0.03117547  0.18803687 -0.14223005 -0.18093933
 -0.11350444 -0.11167593  0.01094049  0.03625431  0.02610013  0.08367534
 -0.1550841  -0.34589526 -0.12925509 -0.10058764 -0.06413954  0.0181391
  0.02648596  0.04828925 -0.19653107 -0.01062856  0.06277288  0.12363405
 -0.03642708 -0.09518725  0.14652705  0.00221152 -0.21752074 -0.05795111
  0.02412644  0.21308616  0.15046966 -0.0367061   0.00751869 -0.05284
  0.17569661 -0.22706513  0.02534648  0.10412178  0.05951829  0.04965346
  0.08546884 -0.12593535  0.10705768  0.22717631 -0.19159459  0.00715026
  0.01998052 -0.15405877 -0.02388665  0.01093039  0.21765617  0.15338399
 -0.1295118  -0.13693869  0.20653924 -0.10255015  0.02134426  0.02143701
 -0.19378524 -0.21414597 -0.25788116  0.00723224  0.4622817   0.14444762
 -0.17537394  0.04802974 -0.05845744  0.10626491  0.14748813  0.11238327
 -0.03533576  0.00701764 -0.09519686  0.03135938  0.19388379 -0.03938126
 -0.09554718  0.25330144 -0.02712106  0.05077028  0.0888293   0.03758232
 -0.09123784 -0.04852739 -0.13505314  0.00242619  0.02118501 -0.00885767
 -0.01048992  0.06963971 -0.10555616  0.13210875 -0.00134663  0.02596101
 -0.06864572  0.00218391 -0.08167505 -0.06018401  0.11136712 -0.23620082
  0.17051221  0.16355199 -0.0434342   0.21004739  0.05974364  0.0180566
  0.00613771 -0.04430636 -0.15516502 -0.0597783   0.12019712  0.02250535
  0.08065473  0.0027795 ]