[-0.05680106  0.06060998  0.01216776 -0.04872044 -0.14179055 -0.04927309
  0.01231937 -0.06348018  0.10485422 -0.09321969  0.15335955 -0.03516046
 -0.2045605   0.00419784  0.05149586  0.13698384 -0.14936647 -0.06272806
 -0.1453902  -0.10075294 -0.07275702  0.07365181  0.04603389  0.04928079
 -0.05108432 -0.2522248  -0.10753465 -0.03043132  0.09017204 -0.09633486
  0.02596953  0.11303925 -0.07792335 -0.013729    0.06010561  0.08403219
 -0.13367578 -0.13944821  0.18777174  0.04055864 -0.12246226 -0.08856442
  0.03354337  0.25421906  0.22073624 -0.03184215  0.03007315 -0.02304108
  0.03178773 -0.26323065  0.05631027  0.08468044  0.06625944  0.07043886
  0.02992815 -0.11269832  0.07631494  0.16222477 -0.16352673  0.04898306
  0.12234052 -0.21832749 -0.08256554  0.05422503  0.20824748  0.19138303
 -0.05705199 -0.15611058  0.15240879 -0.18894385 -0.11265927  0.00948396
 -0.05627981 -0.10210504 -0.2061404  -0.02842165  0.36610529  0.14761388
 -0.11362359  0.03480126 -0.05304644  0.00731494  0.11082216  0.08454219
 -0.15914375 -0.112858   -0.12222819  0.0412753   0.17856231 -0.02966297
 -0.06417596  0.17904997  0.0304186  -0.01262905  0.09584205 -0.05710961
 -0.0139919  -0.02330925 -0.05900261 -0.05769762  0.11533348 -0.17075932
  0.01599676  0.09237724 -0.17063299  0.19870134  0.00498157  0.01288892
  0.10343857 -0.05089884 -0.09268691  0.01254501  0.19228989 -0.20773152
  0.16040365  0.15097894  0.0088032   0.15450808  0.0963291   0.13307233
  0.01071798 -0.05664058 -0.12995015 -0.02699197  0.02835441  0.02853534
  0.05780751  0.06210124]