[-0.13044396  0.02025383  0.03791513 -0.0252359  -0.10005493 -0.12007786
 -0.0023332  -0.08495262  0.1358946  -0.06048342  0.19971429 -0.0237384
 -0.1888023  -0.07849299  0.00858429  0.06301884 -0.12972024 -0.08338796
  0.0415868  -0.03919433  0.08778659 -0.02462974  0.02034964  0.11690538
 -0.0617546  -0.28658718 -0.07227233 -0.11597195  0.01134702 -0.02910213
 -0.05099855  0.08291311 -0.11528327 -0.03890822  0.02653196  0.09189434
 -0.09441713 -0.04302252  0.20649949  0.01378897 -0.04852154 -0.17115022
 -0.01946722  0.27572304  0.18805657 -0.00313447  0.054493   -0.04000443
  0.17895789 -0.25041446 -0.02780523  0.16066462  0.15772322  0.02886327
  0.13023137 -0.12504759  0.05368231  0.09368116 -0.2211882   0.12570748
  0.01175327 -0.07719715 -0.04979122 -0.10978998  0.24524923  0.1088764
 -0.09577764 -0.10104817  0.15464148 -0.15189473 -0.08057053  0.06772393
 -0.12460669 -0.25882733 -0.13904074 -0.00182736  0.33583072  0.19844733
 -0.16427462  0.02772431 -0.05552051 -0.07530683  0.09941974  0.00182907
 -0.07993914  0.02685214 -0.15708181  0.00554438  0.16175573 -0.07430527
  0.0093745   0.18534176 -0.04081574  0.05898846  0.042645   -0.06429365
 -0.07719679  0.11628451 -0.13409446 -0.01784526  0.0497466  -0.1900184
  0.07337456 -0.00328557 -0.1411726   0.07891036 -0.02908762  0.01854628
 -0.07664169 -0.08177242 -0.24132024  0.02135632  0.15323375 -0.22481179
  0.21808046  0.102018    0.03590839  0.16313374  0.00749049  0.05467471
 -0.00530156 -0.08082438 -0.06165139 -0.01992417  0.05011846  0.00415586
  0.03057883 -0.02237316]