[-7.66402781e-02  8.87736753e-02  4.08517458e-02 -8.76743346e-02
 -1.16396822e-01  3.33321244e-02 -4.69441563e-02 -8.03964287e-02
  2.07486019e-01 -2.58211970e-01  2.22629130e-01 -1.08795866e-01
 -2.10134611e-01  5.56386262e-02 -4.37963828e-02  1.81171507e-01
 -1.07672036e-01 -1.74434319e-01 -9.16377455e-02 -1.19011581e-01
  4.58690077e-02  7.46543705e-02 -6.11978071e-03  1.12374961e-01
 -1.42507762e-01 -3.82542431e-01 -6.10771403e-02 -2.52877492e-02
 -5.57120293e-02 -8.18861574e-02 -2.74812207e-02  2.02602193e-01
 -1.22662902e-01  5.57875372e-02 -1.26928799e-02  1.20300293e-01
 -1.24223717e-01 -1.33030280e-01  1.90354303e-01  7.92557150e-02
 -2.45907232e-01 -2.48826332e-02  5.22188395e-02  2.90811598e-01
  1.61972180e-01 -8.48081186e-02 -6.99703395e-03 -2.99611874e-02
  1.07803859e-01 -3.05594504e-01  5.79620153e-02  2.30936795e-01
  6.09215349e-05  1.33825853e-01  7.50120431e-02 -1.18363574e-01
  2.69996002e-04  1.78872347e-01 -1.55536160e-01  8.04422330e-03
  7.40128905e-02 -1.13052495e-01 -4.94427048e-02 -1.51121020e-01
  1.65075094e-01  2.61514068e-01 -9.79464278e-02 -1.66795179e-01
  1.91298962e-01 -1.12961754e-01 -8.39931518e-02  1.05250724e-01
 -1.88827276e-01 -2.42333770e-01 -1.28507301e-01  7.90176243e-02
  3.30086321e-01  2.06710741e-01 -2.04498656e-02  3.46148685e-02
  7.57920370e-03 -4.09443751e-02  1.55756278e-02  1.15897916e-01
 -2.45286115e-02 -3.62779312e-02 -8.76774639e-03  1.23899162e-01
  1.68447509e-01  3.55902240e-02 -8.43392462e-02  2.73842365e-01
 -4.46502008e-02 -3.44734229e-02  3.51808034e-02  5.72270453e-02
 -1.09429225e-01  3.23701724e-02 -1.88955724e-01 -2.34342813e-02
 -4.13507223e-06 -9.11746919e-02 -6.82523549e-02  7.25611597e-02
 -1.52422845e-01  2.26423398e-01 -5.36572933e-02  3.06916498e-02
 -4.57517523e-03 -7.51232216e-03 -7.60454610e-02  5.89836873e-02
  1.38046160e-01 -1.94840014e-01  1.36940330e-01  9.32549387e-02
  1.43047318e-01  1.88897565e-01  1.03116944e-01  5.21806069e-02
  4.80274297e-02 -1.45555660e-01 -2.56967753e-01 -5.28328232e-02
  9.75358710e-02  2.44772304e-02 -3.05379555e-02  3.61541137e-02]