[-0.11447749  0.02687343  0.07405012 -0.10740341 -0.10207701 -0.05109701
 -0.06264628 -0.12063023  0.17493346 -0.15058914  0.07848463  0.01926848
 -0.22883579  0.05949119 -0.0336482   0.19224022 -0.13885176 -0.15080678
 -0.03210057 -0.04468205  0.00537821  0.06711116  0.05813954  0.05215954
 -0.04842943 -0.29817748 -0.12074133 -0.03885842 -0.05642737 -0.05074227
  0.02537101  0.08454008 -0.17470756  0.01367136  0.02102913  0.07290196
 -0.0512979  -0.13072094  0.21593046  0.06421176 -0.23273624 -0.08124367
  0.12699199  0.22177328  0.16107154  0.01646354  0.01217143 -0.0812801
  0.10906085 -0.2805005   0.00182933  0.13346611  0.01259687  0.08894502
  0.04609289 -0.17488147  0.11920755  0.06549146 -0.18871859  0.04026683
  0.11009932 -0.09933213  0.00661416 -0.03499208  0.28354791  0.14139067
 -0.10493886 -0.12162381  0.18040505 -0.1469285  -0.08162286  0.01920107
 -0.1533813  -0.18631573 -0.24120264 -0.0108171   0.34309211  0.18339261
 -0.06287263  0.07257908 -0.06627505 -0.01344501  0.02398614  0.16498455
 -0.04986097  0.0126557  -0.03530454  0.02828717  0.20793447 -0.00833777
 -0.01965047  0.22025804  0.02000058  0.03829234 -0.00346519  0.05698491
 -0.10667823  0.00452524 -0.18048814 -0.00242913 -0.02816195 -0.02312515
  0.0595253   0.17552853 -0.15958032  0.14174221 -0.03777163 -0.06707656
 -0.03949228  0.06047325 -0.07458909 -0.07013811  0.06351878 -0.17007469
  0.17997539  0.17323948  0.02681286  0.14165817  0.05669521  0.1533599
 -0.00359606 -0.01208705 -0.15061599 -0.05363783  0.06299579  0.02094412
  0.04461921  0.081304  ]