[-9.35737789e-02  9.24278647e-02  4.34434004e-02 -1.08482376e-01
 -1.14015497e-01 -4.70535308e-02 -6.49553686e-02 -1.23281240e-01
  3.01898867e-01 -1.88055202e-01  1.71081752e-01 -4.12353836e-02
 -1.44890219e-01 -1.39971375e-02 -1.38572142e-01  2.23389611e-01
 -1.79662853e-01 -2.18153968e-01  2.31471173e-02 -2.95608360e-02
  3.94687019e-02  1.55712394e-02 -8.99722055e-03  1.28341675e-01
 -1.08504169e-01 -3.36214602e-01 -6.57344609e-02 -1.56759769e-01
  1.81950480e-02 -5.50201051e-02 -2.97866464e-02  1.82948530e-01
 -2.31980994e-01 -3.25672403e-02 -2.91737262e-02  1.19147882e-01
 -5.11103533e-02 -6.10784953e-03  1.75634280e-01  4.61122319e-02
 -3.04913223e-01 -1.03502154e-01  1.24750674e-01  2.21297190e-01
  1.69742167e-01  1.94336753e-02  5.41085377e-04 -6.65521696e-02
  2.93678176e-02 -2.41611049e-01  4.81056906e-02  1.45875111e-01
  1.20656870e-01  9.05242562e-02  8.68454054e-02 -1.69935688e-01
  5.86447157e-02 -1.62721649e-02 -1.55399561e-01  5.50229922e-02
  9.32961106e-02 -5.86195588e-02 -5.03773894e-03  2.30346865e-04
  3.10020238e-01  1.51070938e-01 -3.78353372e-02 -1.08629934e-01
  2.60809720e-01 -2.21753508e-01 -1.15639143e-01  1.09231159e-01
 -5.36738038e-02 -1.42669305e-01 -2.44393796e-01 -1.05067387e-01
  3.96286607e-01  1.66568741e-01 -8.69801193e-02  1.24196030e-01
 -6.69101775e-02 -1.10109285e-01  4.07789461e-02  1.25599399e-01
 -5.70231117e-02  8.08789954e-02 -3.69471610e-02 -4.45818063e-03
  2.43206769e-01  1.97818782e-02  1.04302093e-02  2.15040490e-01
 -3.16569731e-02  1.98633485e-02  1.35084819e-02 -1.24422256e-02
 -4.96727787e-02  1.54228508e-02 -1.61601901e-01 -7.98939466e-02
 -3.83996479e-02 -1.26598645e-02 -6.24169447e-02  9.73148197e-02
 -2.14812607e-01  9.43350792e-02  8.68339324e-04 -2.92323977e-02
 -2.91162618e-02  1.21634439e-01 -9.81837660e-02 -6.55691698e-02
  1.68183833e-01 -1.60384879e-01  2.14312479e-01  1.04827493e-01
  3.02929431e-02  1.09063491e-01  1.09296620e-01  8.01146626e-02
  2.28889883e-02 -1.62153840e-01 -1.81610301e-01 -5.91709092e-02
  8.60918835e-02 -1.50126472e-01  6.89265504e-02  7.55370408e-02]