[-0.10483638 -0.00292865 -0.05487324 -0.09227039 -0.15680726  0.01033625
 -0.02845466 -0.03278019  0.09239507 -0.09064332  0.16267243 -0.07368245
 -0.31752238  0.00354847  0.01247371  0.08375813 -0.05291538 -0.11088587
 -0.14314027 -0.17148986 -0.02052686  0.06996518 -0.02976102  0.0754666
 -0.11612918 -0.24530594 -0.07433917 -0.09083751  0.08893315 -0.13586377
  0.04170582  0.08402311 -0.16287684 -0.06774901  0.05803766  0.1640809
 -0.07709247 -0.07055666  0.25955519  0.04952017 -0.0978984  -0.07920924
  0.09134684  0.3120048   0.13080075  0.00785762  0.0374993   0.04136884
  0.10302349 -0.32528087  0.07644223  0.11232119  0.15404469  0.09951696
  0.06280854 -0.19245918  0.0385289   0.21018416 -0.23504055  0.19058871
  0.07556198 -0.15946338 -0.15459467 -0.06098869  0.28479052  0.07696667
 -0.1772676  -0.1697538   0.16909799 -0.20345178 -0.07310271  0.14988558
 -0.06945241 -0.1500558  -0.26894605  0.10225584  0.34315878  0.16037726
 -0.14813054  0.05469924 -0.01484485 -0.04310352  0.02618779  0.06353988
 -0.03638709 -0.01232576 -0.06058212  0.02000879  0.19277719 -0.0051089
 -0.03684054  0.24192677  0.02674887  0.04445042  0.04587728  0.07261655
 -0.07790174 -0.13331148 -0.06270003  0.01654373  0.09546693 -0.19352353
  0.007006    0.0250227  -0.15691666  0.20962392 -0.06509114 -0.01389549
 -0.03511753 -0.05832613 -0.1460634   0.02156475  0.25554067 -0.37286878
  0.16770747  0.20050101  0.03980783  0.13693711  0.1197404   0.04287564
  0.08284726 -0.01697434 -0.18336901 -0.14965278  0.01136082 -0.07188514
 -0.00367209  0.06433185]