[-0.12432683  0.01679736  0.04888937 -0.12635411 -0.16959588 -0.02621179
 -0.03011582 -0.05114066  0.09756654 -0.13040665  0.13659307 -0.03170193
 -0.21555912  0.07254552 -0.00692998  0.1896971  -0.21790645 -0.10324152
 -0.14920802 -0.06528644 -0.00993908  0.09811787 -0.02956821  0.03051981
 -0.02665551 -0.32431236 -0.0550059  -0.05965504  0.02067926 -0.00324852
 -0.01148462  0.10095014 -0.08554292  0.04668172  0.01753689  0.00199852
 -0.07655833 -0.0987481   0.21845222  0.10562575 -0.2282293  -0.03323156
  0.04021045  0.27203599  0.24108304  0.02669017  0.02563571 -0.03908222
  0.07898962 -0.365601    0.04607549  0.18246019  0.02977769  0.0385207
  0.0614472  -0.17211765  0.03484809  0.13124985 -0.16207653  0.0802686
  0.08916013 -0.13070375 -0.01802435 -0.0445651   0.24028534  0.12605932
 -0.15226255 -0.06723528  0.13400719 -0.10300299 -0.12249756 -0.04867118
 -0.17149724 -0.21999942 -0.2890799   0.02567971  0.36336195  0.19312471
 -0.16201347  0.01850074 -0.07639268 -0.00068138  0.17035311  0.12791753
 -0.07744125 -0.12540591 -0.08939485  0.01623893  0.17713431 -0.06621474
 -0.04163796  0.26338869  0.02520512 -0.03541467 -0.03726303  0.07496934
 -0.05491572 -0.04069676 -0.13707502 -0.03941967  0.09496829 -0.05395928
  0.00260396  0.15410289 -0.19445439  0.13711421 -0.01984345 -0.01479218
 -0.00470351 -0.07883451 -0.08779286 -0.01094621  0.1384428  -0.12506762
  0.1463854   0.24483825  0.04226679  0.16658843  0.13312852  0.00757097
  0.01061237 -0.05918404 -0.18840978 -0.04915267  0.09135428  0.09044116
  0.00799264  0.09203807]