[-0.04697832  0.12042539  0.08773968 -0.05816194 -0.16050699 -0.06334097
  0.00361304 -0.04539255  0.19372036 -0.10490015  0.17275746 -0.04885892
 -0.25685078  0.02226161 -0.01136274  0.22375549 -0.07145862 -0.12689075
 -0.07935984 -0.09037279  0.08610986  0.0719723   0.04737507  0.17524394
 -0.16234885 -0.29091266 -0.09378355 -0.0583328  -0.02690266 -0.20552464
  0.03596718  0.10343991 -0.15436834 -0.0290899   0.02515422  0.03649573
 -0.03525833 -0.11446808  0.20717631  0.08671575 -0.29153267 -0.04764454
  0.14187889  0.28421265  0.28335539  0.04130189  0.04691666 -0.07299147
  0.14373225 -0.22188531  0.0057838   0.10301299  0.06305108  0.04344293
  0.0387953  -0.14369042  0.04702234  0.05212537 -0.3176682  -0.01338147
  0.11462372 -0.08567522 -0.07100832 -0.00784654  0.21988298  0.07269923
 -0.13841714 -0.16420226  0.23552021 -0.2968514  -0.06012329  0.16135833
 -0.12573786 -0.14903563 -0.27848852 -0.05520612  0.42693347  0.09796562
 -0.09384546  0.06410901 -0.02473416 -0.04340375 -0.03663699  0.17718868
 -0.01743533 -0.00404509 -0.05025337  0.06364132  0.21378793 -0.00324813
 -0.00458681  0.26919195  0.07442047 -0.05484661  0.03706428  0.11110798
 -0.14737028 -0.00900497 -0.1213221  -0.02323626 -0.08350718 -0.03720194
 -0.01189956  0.07713178 -0.23115616  0.2677722  -0.02733596 -0.04895752
 -0.11930792  0.00086216 -0.13765408 -0.01183835  0.14036331 -0.25728658
  0.08041205  0.13450167  0.02612956  0.07159613  0.01609969  0.11580083
  0.04110427 -0.07768133 -0.15511194 -0.07993793  0.05072932 -0.16773309
  0.10633605  0.01703494]