[-0.07018337  0.0507416   0.05421413 -0.07296098 -0.15381382  0.09078252
 -0.0554097  -0.06923823  0.11171573 -0.19257665  0.19091463  0.03481671
 -0.2330277   0.02274169  0.07032999  0.1536724  -0.06690535 -0.16259222
 -0.08748605 -0.1456634  -0.04824935  0.10943145 -0.03468108  0.02690061
 -0.1731586  -0.21696423 -0.08552529 -0.01614676  0.01599482 -0.08367462
 -0.04360056  0.05094064 -0.15916291  0.08128116  0.00188206  0.08452418
 -0.07687403 -0.09124526  0.17121629  0.04769297 -0.15869182  0.01285591
  0.0527478   0.2590479   0.18172683 -0.03506061  0.0432241   0.01201159
  0.11046107 -0.32124388  0.06489667  0.14133218  0.01394391  0.09324083
 -0.01380566 -0.13947965 -0.02200304  0.13974619 -0.08008307  0.10144063
  0.06465417 -0.11106854 -0.0857055  -0.04305819  0.24424627  0.12980996
 -0.14235224 -0.19797134  0.12643997 -0.1616257  -0.14484212  0.06061176
 -0.17843437 -0.14157252 -0.26256785  0.11855191  0.38057789  0.08887999
 -0.12911224  0.08144724 -0.01230948  0.00788373  0.06072024  0.11850293
  0.02547915 -0.10108551 -0.07512559  0.07881176  0.33295333 -0.07674114
 -0.01872602  0.23306262  0.04999266  0.03222133 -0.00565389  0.13200851
 -0.00663761 -0.05310247 -0.06380363  0.05959465  0.03704816 -0.0770338
 -0.04180782  0.14221677 -0.17702861  0.27153239 -0.01907817  0.01146088
  0.02292896  0.02037094 -0.10239121 -0.03200222  0.13190527 -0.24780673
  0.17180236  0.19662668  0.04119356  0.11093899  0.06595565  0.10249384
  0.04957774  0.03014624 -0.19369459 -0.13634056  0.02335411 -0.03263371
 -0.06102015  0.10146464]