[-3.84630519e-04 -1.83662996e-02 -2.19999114e-03 -1.18670411e-01
 -8.18958506e-02 -5.55430390e-02  2.91314870e-02 -1.76700987e-02
  2.29024380e-01 -1.83882281e-01  1.64977044e-01 -7.59279802e-02
 -1.94726378e-01 -3.30508500e-02  5.15821390e-04  1.74572974e-01
 -1.99300393e-01 -1.27740592e-01 -1.49576336e-01 -7.76601955e-02
  4.27211188e-02  1.45056382e-01  4.14192192e-02  1.07832760e-01
 -1.35668278e-01 -3.41274917e-01 -3.81237343e-02 -1.11979909e-01
 -6.82494864e-02 -1.17306128e-01  4.88182455e-02  2.08854139e-01
 -1.00443088e-01 -3.62115502e-02  1.04960725e-01  7.05663711e-02
 -2.88452338e-02 -1.35025784e-01  2.59507865e-01  8.59665126e-02
 -2.24735394e-01 -9.08988267e-02  1.31658018e-01  2.66116440e-01
  1.84012026e-01  3.08013591e-03 -2.75177304e-02 -6.17829300e-02
  1.82132661e-01 -3.45892131e-01  7.40118697e-03  1.16573751e-01
  8.25941563e-02  7.39704072e-02  1.37055039e-01 -1.14710376e-01
  6.35897517e-02  8.75355601e-02 -2.75048167e-01  2.09523812e-02
  4.46834192e-02 -1.66380167e-01 -4.75463867e-02 -9.80234072e-02
  2.12373361e-01  1.02672741e-01 -1.27373621e-01 -1.04216993e-01
  2.35922381e-01 -2.02975839e-01 -1.21039487e-01  9.66584757e-02
 -7.21459612e-02 -1.88783139e-01 -2.07088813e-01 -9.67303216e-02
  3.47235322e-01  1.98798031e-01 -1.34857804e-01  3.03494949e-02
 -4.72071171e-02 -8.27577561e-02 -3.41470004e-04  1.83119193e-01
  6.33460470e-03 -1.22401314e-02 -5.36777638e-03  3.69859561e-02
  1.94963545e-01 -2.26177461e-03 -3.94507833e-02  2.89348185e-01
  1.92757864e-02 -1.77014451e-02  3.13333832e-02 -4.46700864e-02
 -9.44516361e-02  6.96061505e-03 -1.48886502e-01  2.39490587e-02
 -1.70015916e-02 -5.88906184e-02 -8.90750159e-03  8.84810090e-02
 -1.84358209e-01  1.91629231e-01 -6.54093102e-02 -1.00101501e-01
 -4.62768227e-03 -2.91819274e-02 -6.08824119e-02 -1.17938584e-02
  1.31211117e-01 -2.63663173e-01  8.43285844e-02  1.25295088e-01
  7.32998028e-02  2.02453092e-01 -3.46526131e-02  1.03509113e-01
  3.57547998e-02 -1.01674765e-01 -2.43624091e-01 -1.08653851e-01
  5.25811985e-02 -9.88310948e-03  1.87478065e-02  1.65874548e-02]