[-0.08314484  0.08583556  0.00131057 -0.01488815 -0.05894951 -0.0326728
  0.01261295 -0.18065245  0.09060124 -0.09216085  0.17444211 -0.10333946
 -0.22243519 -0.04668465 -0.01737411  0.13969541 -0.13561699 -0.08036501
 -0.1268805  -0.07740215  0.05995312  0.03190275  0.00418133 -0.03932925
 -0.01199616 -0.28124064 -0.08769695 -0.07198795  0.04012337 -0.01757143
 -0.01115643 -0.02070796 -0.24030556 -0.05430346  0.01378315  0.00990801
 -0.11826506 -0.08369668  0.16461238  0.01363881 -0.1719351   0.03956231
  0.13125002  0.21482182  0.16210318  0.04745658 -0.0214095  -0.09563731
  0.12569727 -0.13626185  0.07343934  0.12881096  0.18436979  0.11006962
  0.03456416 -0.09810071  0.07344862  0.07401757 -0.17131349  0.02110672
  0.20623404 -0.0007261  -0.05731485 -0.00855101  0.21552387  0.13533558
 -0.09083695 -0.13467175  0.13023034 -0.1717145  -0.06526473  0.00780147
 -0.12506188 -0.12971446 -0.24204096  0.02774209  0.33607221  0.05770389
 -0.13915405 -0.07953133 -0.02541027 -0.00075731  0.12904656  0.10470652
 -0.07668462 -0.03926309 -0.04913351 -0.0120247   0.22358596 -0.0492266
 -0.04277347  0.20312344  0.04195475 -0.08378651 -0.00742261  0.01113514
 -0.07218807 -0.03670224 -0.10673761 -0.02366781 -0.01448864 -0.10705279
 -0.05017047  0.14064276 -0.18223481  0.17577986 -0.00654108  0.0101122
 -0.00379771 -0.04581489 -0.04082967 -0.02210804  0.04963874 -0.14492029
  0.18961671  0.11858918  0.03869879  0.04949395  0.00576628  0.09877101
 -0.00662449  0.0290792  -0.22236094 -0.12096016  0.03430499  0.0201002
  0.01465428  0.01912316]