[-4.27588597e-02  2.38010064e-02  1.01938702e-01 -1.02830596e-01
 -1.19233057e-01 -7.44401515e-02 -3.76585834e-02 -1.23703986e-01
  1.62651837e-01 -2.06353411e-01  1.89943850e-01 -1.41982511e-01
 -1.93114579e-01  1.08607650e-01 -1.48228467e-01  1.85706392e-01
 -1.14940435e-01 -1.42479107e-01 -5.57704791e-02 -8.36995766e-02
  9.33583081e-02  5.29047772e-02 -5.01494929e-02  1.40121579e-01
 -6.74564987e-02 -2.94060498e-01 -7.45684281e-02 -7.42607415e-02
 -2.72732396e-02 -8.48975033e-02 -2.58255098e-03  1.26866862e-01
 -1.58899263e-01  4.43721414e-02  3.81909236e-02  3.39370519e-02
  2.42151450e-02 -9.30791050e-02  1.88972816e-01  3.76448110e-02
 -2.58068711e-01  3.41845229e-02  1.24787703e-01  2.60938555e-01
  1.58880562e-01 -3.94622213e-04 -3.75208110e-02 -1.12109773e-01
  1.96793675e-01 -2.71325886e-01 -3.27781737e-02  1.19585559e-01
  1.09988369e-01 -9.31866467e-04  1.10773943e-01 -1.55504689e-01
  1.38066942e-02  3.76401693e-02 -1.63143426e-01  1.14613906e-01
  7.05346093e-02 -1.10162720e-01 -1.41463764e-02 -1.67739913e-01
  1.97890952e-01  8.34509432e-02 -1.54366240e-01 -5.36762178e-02
  2.13381633e-01 -1.94910139e-01 -3.07724532e-02  7.24593997e-02
 -1.17178060e-01 -1.59559131e-01 -2.18896374e-01 -4.98283580e-02
  4.88796175e-01  1.44635901e-01 -1.76437974e-01  5.18429540e-02
 -1.86225437e-02 -5.38199488e-03  4.59721200e-02  1.63942501e-01
 -4.10449281e-02  9.92039870e-03 -3.38799171e-02  3.25615592e-02
  2.45817229e-01 -2.81098206e-02  3.76465544e-03  2.59310067e-01
 -5.43569215e-02  3.62496972e-02 -1.26261953e-02  1.81409437e-02
 -1.59077883e-01 -7.10275471e-02 -1.56638563e-01  6.91550132e-03
 -1.24864578e-01 -8.49106088e-02 -3.97173055e-02  1.04753934e-01
 -2.04370633e-01  1.07067719e-01 -5.58756664e-02 -6.14354163e-02
 -5.54233193e-02  1.23464592e-01 -8.18613917e-02 -2.70751007e-02
  1.18100598e-01 -1.88887388e-01  1.00543626e-01  1.17696576e-01
  7.94246495e-02  1.10846765e-01  2.47192383e-02  7.44505972e-02
  1.47347124e-02 -5.20832986e-02 -1.43421531e-01 -1.09610245e-01
  4.74513024e-02 -8.14694017e-02  2.31145974e-02 -1.42550161e-02]