[-0.08218361  0.08533446 -0.03515298 -0.08525842 -0.0698713  -0.03685882
 -0.01366073 -0.15322323  0.17845137 -0.17162338  0.17193985 -0.02679969
 -0.16015455  0.02418359 -0.08572911  0.15089461 -0.22467585 -0.19950576
 -0.05136343 -0.01113249  0.05628539 -0.0317183  -0.01442492  0.16896364
 -0.1502012  -0.3430877  -0.07005502 -0.10871951  0.03319716 -0.06022569
 -0.00273506  0.10690683 -0.22979853  0.0308838  -0.01372992  0.04006285
 -0.01184655 -0.04146555  0.16799642  0.01116456 -0.23731394  0.01357611
  0.1051743   0.29009011  0.2202002   0.01034878  0.02350846 -0.10066288
  0.10532034 -0.2979514   0.02741633  0.15435641  0.06564756  0.09725166
  0.02517515 -0.10159433  0.0371915   0.03651236 -0.19578971  0.04334452
  0.05672162  0.02308254  0.01903396 -0.0802323   0.23082063  0.08937573
 -0.15013488 -0.02829874  0.13371581 -0.26453206 -0.06147176  0.02905102
 -0.10164002 -0.23077324 -0.29148296 -0.02527917  0.43096504  0.27646825
 -0.08915729  0.08695593 -0.09189847 -0.05962434  0.04621299  0.09096855
 -0.08266781  0.01950918 -0.03739149  0.11670403  0.25823861  0.04311952
 -0.01784462  0.23345278  0.00053182 -0.0462402  -0.00928338  0.09727254
 -0.11402195 -0.06770808 -0.17445855 -0.03267461 -0.11428365  0.02685728
 -0.03149004  0.14888266 -0.21644464  0.19759464 -0.01132521 -0.06632156
 -0.03111829  0.10669107 -0.08551983 -0.07479019  0.06255738 -0.1845779
  0.11987454  0.1646259   0.09238816  0.12815866  0.01577368  0.02497713
 -0.03838258 -0.06505226 -0.14654075 -0.08262134  0.09775261 -0.05233366
  0.09850696 -0.01582251]