[-0.03279716  0.07617426 -0.06164668 -0.09096923 -0.13956334 -0.04700425
  0.04892091 -0.12577233  0.13056189 -0.06564302  0.2385518  -0.03022233
 -0.26502433 -0.10188117  0.09146935  0.11582468 -0.10463346 -0.0667953
 -0.06484357 -0.11092035  0.03687901  0.04287814  0.0254898   0.10842378
 -0.0961533  -0.27507731 -0.08908487 -0.17631987  0.01327459 -0.1001075
  0.04619402  0.13793385 -0.118713   -0.04681862  0.01859251 -0.00891988
 -0.16149242 -0.07067046  0.20291336 -0.06974582 -0.13900922 -0.03943814
  0.05579171  0.24901764  0.1437373  -0.05735603  0.07954606 -0.05451687
  0.05498934 -0.17530467  0.0053348   0.12148575  0.11150283  0.10314859
  0.01477171 -0.1409518   0.035224    0.11090663 -0.30360332  0.06725596
  0.07077079 -0.13019793 -0.09255416 -0.04945751  0.2932612   0.11200174
 -0.13674837 -0.14039534  0.18583457 -0.15240513 -0.10188425  0.08661088
 -0.21010628 -0.24464215 -0.18885836  0.07759233  0.30220473  0.13675633
 -0.10365273  0.0420837  -0.0976503  -0.02701599  0.03830662  0.05552237
  0.01848293 -0.13041006 -0.02003925  0.12487449  0.16039148 -0.14716703
 -0.05067229  0.22576377  0.01292195  0.0091     -0.0424467   0.01436963
 -0.01976325  0.08545174 -0.068356    0.09287114  0.03409467 -0.13278484
  0.04519558  0.07300342 -0.14451785  0.19725749  0.0512621  -0.00354467
 -0.03103475 -0.0382733  -0.14084578 -0.01472219  0.15277989 -0.30135056
  0.35149032  0.15506394  0.09994943  0.14190616 -0.03013168  0.03703161
  0.05583775 -0.13590109 -0.22659153 -0.01348507  0.16106886 -0.01106906
  0.0027311   0.03077848]