[-0.17618659  0.05366261 -0.01638289 -0.06316826 -0.07870671 -0.0333545
 -0.07119727 -0.1294397   0.19512284 -0.07602301  0.25907305  0.0205504
 -0.24181221 -0.13832048  0.03905999  0.09563822 -0.12755662 -0.17033014
 -0.01578526 -0.06017442  0.06979932 -0.02136047 -0.068005    0.15482046
 -0.17557468 -0.29849577 -0.11148248 -0.13522786 -0.01770855 -0.02914791
 -0.04845373  0.02648162 -0.14278995 -0.06672855  0.07765076  0.14752561
 -0.03187088 -0.02386277  0.26114738 -0.02157936 -0.15005557 -0.02264144
  0.0208279   0.22666639  0.13990058 -0.02322777  0.02186713 -0.06418869
  0.17767838 -0.16245939  0.04968526  0.23144999  0.21601848  0.0677207
  0.06103566 -0.19905874  0.0241193   0.18088354 -0.27171248  0.03466351
 -0.02843054 -0.17857783 -0.03229979 -0.0497202   0.19595075  0.1250091
 -0.13422222 -0.17171769  0.16140811 -0.14125024 -0.06618337  0.06835968
 -0.17707111 -0.25555307 -0.33025894  0.08655132  0.36224192  0.17530254
 -0.24471557  0.08279025 -0.04184299 -0.07357043  0.04340734  0.05812313
 -0.06880225  0.00762979 -0.10250795  0.00220484  0.17028084  0.03071548
  0.01000907  0.20138891  0.01043965  0.12221842  0.08201118  0.00898135
 -0.07101483 -0.04777548 -0.10465328  0.03160726 -0.04544067 -0.07528226
  0.06117076  0.03319996 -0.16973871  0.10356301  0.03589664 -0.03611952
 -0.15350927  0.00189288 -0.15851207 -0.03991596  0.16549499 -0.29486465
  0.24034318  0.12679076  0.08974088  0.20971417  0.09447248  0.0039736
 -0.0248203  -0.07573954 -0.12916735 -0.03700533  0.09250831 -0.03848822
  0.12703727  0.02948643]