[-0.03661247  0.09817322  0.03605996 -0.01784162 -0.05313742 -0.03498278
  0.00035211 -0.13392851  0.07691047 -0.07681125  0.23582652 -0.09042693
 -0.27175418 -0.06773928  0.05931517  0.14408955 -0.06298395 -0.17479749
 -0.13790253 -0.0466942   0.01319431  0.01731963  0.02182758  0.05307166
 -0.09046146 -0.32203642 -0.04483872 -0.14394194 -0.05594939 -0.09696275
 -0.00428027  0.13165328 -0.11701343  0.0050896   0.04544519  0.04680995
 -0.11086684 -0.05493166  0.25273994 -0.03059021 -0.15271015 -0.01929903
  0.01156152  0.21159133  0.16177002  0.02411947  0.04703304 -0.0175304
  0.07968349 -0.18067218  0.08408406  0.14266457  0.14931905  0.12324789
  0.09188035 -0.17062408  0.04856812  0.05763455 -0.20779349  0.06258425
  0.05668353 -0.18021117 -0.03840022 -0.05420455  0.23756368  0.08049636
 -0.09077985 -0.0993069   0.17185147 -0.08113589 -0.10113788  0.0525125
 -0.16805378 -0.18581505 -0.17334722  0.06517877  0.30369192  0.12386151
 -0.25687087 -0.0043131   0.00904421 -0.05379137  0.04207362  0.03546398
 -0.023635   -0.09949306 -0.12946527 -0.01110587  0.18547842 -0.06344144
 -0.08837152  0.17944255 -0.06512309 -0.01382645  0.04631348 -0.00903546
 -0.06483236  0.03280072 -0.08789396 -0.02253359  0.04396529 -0.1110194
 -0.0762772   0.04577301 -0.08745357  0.17416441 -0.04657666  0.03079314
 -0.08239337  0.00274335 -0.13825957  0.00591323  0.142208   -0.21348502
  0.27311701  0.10340752  0.03439938  0.12377464  0.02786875  0.0905803
  0.01845239 -0.03094841 -0.22663137 -0.14887141  0.15551396  0.08538562
  0.07327318  0.07392052]