[-0.10705932 -0.03531478  0.02030108 -0.10176341 -0.06672655 -0.01549818
  0.0078229  -0.08712205  0.17976034 -0.08968056  0.14399388  0.00154468
 -0.18243352 -0.06234406  0.04793201  0.1317952  -0.13310018 -0.18559363
 -0.06304643 -0.0143638   0.00788946  0.02620445 -0.02101709  0.12479739
 -0.13798873 -0.32510039 -0.08600965 -0.0847574  -0.05042225 -0.02286086
  0.07191706  0.17137434 -0.21835734 -0.01673875  0.00673464  0.14178917
 -0.10199357 -0.03022711  0.20645726  0.05006892 -0.17599681  0.00776228
  0.01974205  0.30365592  0.16801478  0.05665165  0.04964291 -0.02441896
  0.1013721  -0.27820763  0.04531161  0.14531355  0.09139661  0.05527542
  0.00452748 -0.15219074  0.06507818  0.07777461 -0.24908333  0.12318987
  0.02811304 -0.19068162 -0.03804395 -0.08669567  0.27889431  0.11805731
 -0.11742981 -0.09914054  0.20540361 -0.17620024 -0.07216503  0.05770182
 -0.15560172 -0.17850456 -0.2833297   0.01764102  0.36814037  0.0712975
 -0.19157374  0.03462797 -0.02426127 -0.00297044  0.04573331  0.17024595
  0.00530345 -0.07543895 -0.06833315 -0.0043958   0.24461696 -0.00069727
 -0.01098373  0.2144911   0.0522439  -0.03075048  0.03346635 -0.00909113
 -0.01499495 -0.015367   -0.11091143  0.04264673 -0.07833728 -0.06143277
 -0.01520068  0.0856454  -0.13490927  0.23245312  0.00196944 -0.02768569
 -0.01086019  0.01203908 -0.11008237 -0.11220946  0.13890553 -0.2414452
  0.17571644  0.16198581  0.04228206  0.16274288 -0.03665472  0.17709023
 -0.05604682  0.04094168 -0.21662612 -0.03720902  0.07936017 -0.02054272
  0.03397543  0.06854378]