[-0.14460649  0.03259654  0.10395908 -0.13024928 -0.06532496 -0.01620432
 -0.00174517 -0.14674796  0.11552519 -0.08853523  0.15014745 -0.08385102
 -0.23532052 -0.03827389 -0.01382022  0.16589008 -0.10069323 -0.19600074
 -0.04235254 -0.11951273 -0.0197542   0.14077207 -0.00620788  0.03382338
 -0.12443039 -0.30994225 -0.0875567  -0.07377437  0.01347863 -0.01191568
  0.00615025  0.0862859  -0.22120863 -0.02542407  0.0484574   0.12881647
 -0.07622635 -0.09843294  0.14846882  0.07183275 -0.17780301  0.0159274
  0.14782375  0.26534343  0.19127657 -0.02466852  0.0103587  -0.04047906
  0.10654384 -0.25861624  0.05758914  0.12593378  0.13381785  0.08913075
  0.09340215 -0.11707781  0.01297047  0.08188972 -0.16123651  0.09616198
  0.09484089 -0.01396906 -0.04039042 -0.08592081  0.13308203  0.0367321
 -0.11262691 -0.15609246  0.12905209 -0.172059   -0.10315342  0.10531152
 -0.13641    -0.15044409 -0.26284367  0.08487695  0.31713429  0.12472299
 -0.14247866  0.04953652  0.00522206 -0.0007582   0.02647101  0.0795102
  0.00738548 -0.01934965 -0.05664617 -0.02539005  0.21627246 -0.0217958
 -0.03180889  0.24056207 -0.0016842   0.01394757  0.00584582  0.09565649
 -0.09047905 -0.01333951 -0.12028971 -0.03562091 -0.00156204 -0.04582468
 -0.0134431   0.13365845 -0.17850727  0.21898623 -0.03143954 -0.01359586
 -0.01627082  0.03606714 -0.05879188 -0.03907794  0.10711546 -0.21483299
  0.12003624  0.19664714 -0.01758985  0.09354425  0.05785285  0.05881499
  0.01406067  0.04027835 -0.14343734 -0.14361344  0.03908278 -0.02637442
 -0.03696922  0.0693004 ]