[-1.26901299e-01  8.31550285e-02  4.19121347e-02 -1.94892827e-02
 -1.31353676e-01 -5.89602701e-02  1.17786061e-02 -5.04401103e-02
  1.36604518e-01 -2.38918848e-02  1.59262285e-01 -2.84128934e-02
 -2.57479370e-01 -5.90821877e-02 -4.45031151e-02  1.25577047e-01
 -2.24973634e-02 -1.22580826e-01 -1.22809120e-01 -1.23409674e-01
  1.49316303e-02  8.30518268e-03  4.08284254e-02  6.26747236e-02
 -1.11182719e-01 -2.88619280e-01 -4.85572033e-02 -1.05957568e-01
  3.38225178e-02 -1.36303470e-01  3.35459001e-02  3.32701355e-02
 -1.50376529e-01 -1.16194904e-01 -1.84663665e-02  1.06741060e-02
 -9.37052965e-02 -9.03258249e-02  1.89167604e-01  3.04407254e-03
 -1.62045136e-01 -8.89655650e-02  8.10120907e-03  3.00780624e-01
  1.29416615e-01 -3.39308865e-02  5.91795184e-02 -7.81409666e-02
  1.10529877e-01 -3.17746401e-01  8.85386690e-02  1.35487527e-01
  6.09722100e-02  4.11483794e-02  1.52740717e-01 -4.67010587e-02
  7.09738955e-02  1.65358305e-01 -2.39880323e-01  7.48402625e-02
  8.64320248e-02  5.61747774e-02 -7.93094188e-02 -1.25421748e-01
  1.51968017e-01  1.32882029e-01 -8.73605907e-02 -6.78349882e-02
  6.42978698e-02 -1.83949962e-01 -1.07707111e-02  1.03554457e-01
 -7.81676918e-02 -2.18801692e-01 -3.20396155e-01  5.83034009e-02
  3.49857599e-01  2.42313370e-01 -1.05060801e-01 -1.46249114e-02
 -3.99428569e-02  3.34447734e-02  1.05702199e-01 -3.51770893e-02
 -1.60567626e-01  2.76296698e-02 -5.74998595e-02  6.97094500e-02
  9.79908854e-02  1.07431123e-02 -8.15307200e-02  2.04135329e-01
  2.97394376e-02 -3.00460085e-02  4.69678454e-02  8.42729062e-02
 -8.82415771e-02 -5.37031703e-02 -1.01755247e-01  1.54210944e-02
  1.16599433e-01 -7.67523497e-02  6.09267727e-02  4.68851514e-02
 -1.25216126e-01  1.04738347e-01 -3.54423448e-02  1.46201234e-02
 -1.81407481e-02 -1.96971148e-02 -1.57221675e-01 -2.74999216e-02
  1.45782650e-01 -1.78946897e-01  1.22528210e-01  1.33222625e-01
 -4.43982556e-02  7.14589879e-02  8.13589841e-02  4.08180058e-05
 -6.35568649e-02 -5.89015968e-02 -4.51099128e-02 -2.97235195e-02
  1.03132151e-01 -3.02151646e-02  5.49925864e-02 -1.51021890e-02]