[-0.04936656  0.04096138 -0.05445739 -0.0778416  -0.07280089 -0.06173848
  0.01475571 -0.16986617  0.13857237 -0.09853168  0.17863256 -0.13807996
 -0.31476855 -0.07779031 -0.0340778   0.19331628 -0.17434828 -0.1729811
 -0.13721184 -0.06839441  0.01032515  0.00728978  0.12558252  0.18439856
 -0.14168572 -0.31419036 -0.02990305 -0.11075063 -0.01544444 -0.09127101
  0.08466993  0.1388637  -0.14118434  0.0694392   0.0499532   0.10409474
 -0.05688877 -0.15244311  0.32722011  0.07969712 -0.27496293 -0.03171761
  0.09339404  0.33651429  0.27000761 -0.07787909  0.0364478  -0.07869987
  0.21632658 -0.38070121  0.08422957  0.18029168  0.06611037  0.02588342
  0.12812909 -0.10826072  0.04826727  0.16578133 -0.22784144 -0.00259751
  0.0706945  -0.02550888 -0.00378624 -0.04535155  0.25266019  0.12735152
 -0.16859281 -0.06379488  0.16656585 -0.19681756 -0.07137614  0.14218539
 -0.15798025 -0.20435393 -0.28801799  0.00140024  0.43056643  0.14646469
 -0.11702429  0.0806438  -0.07620542 -0.01944864  0.0636279   0.14352801
 -0.02768744 -0.04810554 -0.09634196  0.0441611   0.23278752 -0.07161716
 -0.07847556  0.29559121  0.04339395 -0.08187348  0.03196034  0.01462214
 -0.09392038 -0.04928716 -0.17416528 -0.05946086  0.00208525 -0.00085901
  0.00673762  0.02087255 -0.23151281  0.14655709  0.0213371  -0.08250672
 -0.00283631 -0.06340738 -0.10484061  0.00612295  0.10695722 -0.32501662
  0.16243486  0.08790299  0.11258417  0.12129596  0.03516301  0.02647871
  0.0476257  -0.06533864 -0.05062772 -0.07228484  0.10697206  0.06429523
  0.05481688 -0.00720513]