[-3.96571979e-02  1.06176227e-01  5.73349930e-02 -6.12044632e-02
 -1.01860367e-01  1.07788742e-02 -7.17328489e-02 -2.77352259e-02
  1.51584536e-01 -1.89072520e-01  1.35240912e-01 -3.03444378e-02
 -1.60566568e-01  3.92341539e-02 -3.82870995e-02  2.71605551e-01
 -1.72845036e-01 -1.80250078e-01 -9.05665830e-02 -4.49319975e-03
  5.77410497e-02  6.42460063e-02 -9.95435789e-02  1.07616171e-01
 -5.78350499e-02 -3.55434388e-01 -4.53070775e-02  1.00375637e-02
 -1.36343598e-01 -7.11988956e-02  5.83809055e-02  1.48049414e-01
 -1.69837087e-01  3.25055048e-02  1.71470903e-02  7.38346800e-02
 -1.13079324e-02 -9.94129553e-02  1.67553425e-01  1.27045542e-01
 -2.56485552e-01  2.95401700e-02  1.40977144e-01  3.16444099e-01
  1.89045936e-01  8.69613700e-03 -6.85091130e-03 -2.63078269e-02
  1.12199470e-01 -3.47001314e-01 -1.46520659e-02  1.27687559e-01
  4.03067060e-02  9.91106406e-02  3.18748653e-02 -1.60066724e-01
  8.04619193e-02  5.64543828e-02 -2.28382438e-01  6.40068501e-02
  5.64872026e-02 -1.94840163e-01 -1.17211482e-02 -1.15135118e-01
  2.74766862e-01  1.34032845e-01 -1.25786886e-01 -1.77041054e-01
  1.49596468e-01 -1.81579947e-01 -1.08348347e-01  3.21689993e-02
 -9.53196883e-02 -1.72162771e-01 -3.29812050e-01 -8.14455654e-03
  3.37642193e-01  1.63904101e-01 -1.73620075e-01  5.27872369e-02
 -1.33002475e-02 -7.19556361e-02  2.87340768e-02  2.43759453e-01
  9.15977210e-02 -6.71712607e-02 -4.92968261e-02 -3.82980425e-03
  2.68823802e-01  3.58600914e-02 -1.74184963e-02  3.00976664e-01
  1.42379664e-04 -7.83672333e-02 -4.58026230e-02  3.09446976e-02
 -1.04995757e-01 -1.31089315e-02 -1.45994663e-01 -1.29298037e-02
 -1.36550397e-01 -3.63279432e-02 -7.95016512e-02  1.25887185e-01
 -2.09430516e-01  1.84559941e-01 -7.63183311e-02 -1.29821580e-02
 -3.65179777e-02  2.09822077e-02 -1.21042237e-01 -3.69521901e-02
  1.32414237e-01 -1.92439407e-01  1.11339852e-01  1.66315481e-01
  9.16745588e-02  1.22834414e-01  6.51340708e-02  1.32931650e-01
  3.00647784e-03 -6.64169490e-02 -2.54033625e-01 -6.42981455e-02
  3.32415514e-02 -6.99001476e-02 -5.76317031e-03  6.74789324e-02]