[-0.06927986  0.12460189  0.00992394 -0.07422956 -0.0681519   0.00058822
 -0.02948945 -0.03495749  0.22471593 -0.06553093  0.17916612 -0.01905867
 -0.25638586 -0.05607446 -0.0145521   0.1425442  -0.20098768 -0.14267977
 -0.01791381 -0.00442356  0.12927414  0.08688742 -0.03447769  0.14384246
 -0.16834721 -0.3737829  -0.09930642 -0.07123052 -0.02647658 -0.17967658
  0.03891193  0.15546274 -0.1340905   0.02516304  0.01372767  0.01232138
 -0.0708946  -0.02706615  0.22574085  0.097164   -0.19847153 -0.00915637
  0.01552799  0.33291191  0.12903631  0.00549239  0.01709539 -0.07056868
  0.12050772 -0.27650768  0.03446325  0.2599946   0.0765075   0.0585702
  0.06845659 -0.0475846  -0.02295081  0.12982662 -0.25740013  0.15432011
  0.05151187 -0.16987157 -0.03811468 -0.09230658  0.10750554  0.08249599
 -0.11836275 -0.13297468  0.13027516 -0.19271278 -0.14226297  0.08536042
 -0.08220353 -0.24076766 -0.28153017 -0.01540069  0.3696861   0.15455031
 -0.17860989  0.05098797 -0.03680668 -0.1231292   0.04867425  0.11427411
 -0.0866131  -0.0410475  -0.07902653  0.09874163  0.24803381  0.02986529
  0.00757512  0.29494795  0.03125524  0.04916751 -0.00109428  0.01392994
 -0.05476219 -0.03723501 -0.10604174 -0.00617407 -0.046877   -0.08045517
 -0.05084125  0.09377921 -0.16719046  0.21426849  0.06288305 -0.05044847
 -0.03869685  0.05324828 -0.19048271 -0.04950127  0.15746614 -0.23366883
  0.16209315  0.14012702  0.1014051   0.09365532  0.01601131  0.05825241
 -0.02714922 -0.13681029 -0.1546074  -0.05749085  0.13366473 -0.0212531
  0.02624541 -0.03843467]