[-1.60758108e-01  4.39489745e-02  1.17416367e-01 -1.34399518e-01
 -1.22387826e-01 -4.13970556e-03 -9.14792530e-03 -7.22848848e-02
  1.88799813e-01 -1.34565875e-01  1.17700867e-01 -1.85267925e-02
 -1.58312976e-01  1.14952467e-01 -2.36211754e-02  1.77694678e-01
 -2.16404349e-01 -1.10220201e-01 -1.33851141e-01 -1.10055432e-01
 -6.34484813e-02  5.61826825e-02  4.31383103e-02  1.28519043e-01
 -1.76811904e-01 -3.12030584e-01 -7.68036097e-02 -4.83116731e-02
  6.17078915e-02 -1.36811184e-02 -3.27844620e-02  1.07557863e-01
 -1.20216034e-01  2.08338760e-02  3.19881737e-02  1.45938605e-01
 -1.17182821e-01 -9.87284184e-02  2.22184703e-01  1.52879329e-02
 -2.66192526e-01  5.58962598e-02  9.06088799e-02  3.01231146e-01
  2.56886303e-01  1.47420238e-03  8.04032534e-02 -7.36472979e-02
  1.35713622e-01 -3.50579888e-01  8.51660594e-02  1.70841902e-01
  2.74367314e-02  5.94074801e-02  1.02405973e-01 -1.43797562e-01
 -3.71344388e-04  1.92182615e-01 -1.60727367e-01  4.99760583e-02
  8.64391923e-02 -6.40220866e-02  1.03899501e-02 -9.55465287e-02
  1.84075102e-01  1.84926838e-01 -1.71805650e-01 -1.48170710e-01
  1.86098158e-01 -1.82303518e-01 -7.05410242e-02  1.08872086e-01
 -1.40312880e-01 -1.90033153e-01 -3.33422452e-01  1.52171412e-02
  4.61433113e-01  2.42780030e-01 -3.79320532e-02  6.17227815e-02
 -9.28765982e-02 -1.44655546e-02  6.61163731e-03  1.94388643e-01
 -1.21503547e-01 -1.92185622e-02 -1.20008281e-02  9.46218893e-02
  1.59057111e-01  4.78877798e-02 -5.50301112e-02  1.94222823e-01
  1.01199202e-01 -2.80614272e-02 -5.58223464e-02  1.05172768e-01
 -1.55736864e-01 -5.86313829e-02 -1.66066378e-01 -4.24574614e-02
 -1.78802386e-02  5.69296777e-02  5.41905016e-02  1.90945923e-01
 -2.45130643e-01  2.97306508e-01 -5.35449795e-02 -4.71185818e-02
 -7.29392748e-03  5.97309358e-02  6.35392684e-03  2.11564563e-02
  1.20619163e-01 -2.85158873e-01  3.16326544e-02  2.26526186e-01
  4.09394689e-02  1.43388465e-01  6.58410564e-02  2.04126388e-02
  1.98332779e-02  2.15324722e-02 -1.94561198e-01 -4.18521501e-02
  3.73117663e-02 -4.97548245e-02  7.48941377e-02  1.09367222e-01]