[-1.44265562e-01  1.53651416e-01  5.97874299e-02 -7.41534606e-02
 -2.12282479e-01 -3.34421732e-02 -8.05709697e-03 -9.28467363e-02
  1.22184940e-01 -9.68437791e-02  1.98087037e-01 -4.29304875e-02
 -2.00823292e-01 -2.33360846e-02  1.14748050e-02  1.55057043e-01
 -8.26407522e-02 -1.66897759e-01 -1.12314448e-01 -2.89808065e-02
 -1.15151703e-02  1.80638954e-02 -6.59491420e-02  4.92845625e-02
  1.69063583e-02 -3.11237752e-01 -3.59314680e-03 -3.69802490e-03
  4.89888154e-02 -1.42535865e-02  6.75593391e-02  1.38204545e-01
 -1.22011483e-01 -1.96107291e-03 -1.23079689e-02  7.18583241e-02
 -1.69653788e-01 -1.00814715e-01  2.15282947e-01 -5.66957816e-02
 -2.50759691e-01 -3.31461206e-02  5.10718860e-02  2.53456980e-01
  2.38848597e-01 -4.15885225e-02  6.40542358e-02 -5.98699935e-02
  6.94373623e-02 -2.43805826e-01  5.02125844e-02  1.52375489e-01
  1.06427029e-01  4.48499173e-02  1.24275111e-01 -1.17235437e-01
  2.04275902e-02  1.30050868e-01 -1.99190170e-01 -3.18886191e-02
  6.46086484e-02 -9.31570753e-02 -5.26211634e-02 -1.55894667e-01
  2.43111596e-01  1.59165531e-01 -6.10274188e-02 -1.72616392e-01
  2.15049371e-01 -1.87638521e-01 -1.84263021e-01  1.00328416e-01
 -6.91432208e-02 -1.20861113e-01 -2.67649978e-01  1.84282623e-02
  3.53629112e-01  1.57204330e-01 -1.30651116e-01  3.21901254e-02
  3.05117089e-02 -9.69305336e-02  6.07929341e-02  8.54811594e-02
 -9.21345577e-02 -1.38642490e-01 -6.76743910e-02 -5.46122566e-02
  2.26016402e-01  1.66490637e-02 -6.22069240e-02  1.77472353e-01
  8.44995156e-02 -1.25871360e-01  3.84872314e-04 -7.61051336e-03
  1.20215919e-02  2.34257001e-02 -1.18573517e-01 -5.51404543e-02
  2.35683713e-02 -1.17989361e-01 -3.80075835e-02  1.15307100e-01
 -2.13784546e-01  1.86985955e-01 -2.11513918e-02  7.52166733e-02
  1.46108679e-04 -4.53455076e-02 -6.64197206e-02  4.49402966e-02
  1.45292208e-01 -2.20301822e-01  1.75452143e-01  7.86142200e-02
  5.62255867e-02  1.07594043e-01  8.27201828e-02  5.33645451e-02
  3.53216715e-02 -9.28469598e-02 -1.84945211e-01 -1.05582647e-01
  8.28735977e-02 -2.56795473e-02  4.71062064e-02  1.38996243e-01]