[-0.20236175  0.01844234  0.07236955 -0.11983942 -0.16680928  0.035067
 -0.00888731 -0.06592671  0.01252498 -0.06100126  0.17018366 -0.06048646
 -0.33021343 -0.08862796  0.03070611  0.12949687 -0.09400989 -0.19920617
 -0.10579652 -0.12377228  0.00611981  0.03015953 -0.05948371  0.06591269
 -0.1407516  -0.28066128 -0.06023951 -0.10512272  0.08408771 -0.11225956
  0.00539351  0.01661872 -0.16531344 -0.02211605  0.01336307  0.11580358
 -0.15481479 -0.14418396  0.19796896 -0.03826755 -0.17662759 -0.11051389
  0.07967876  0.26355484  0.13534077  0.04598538  0.073131    0.01145255
  0.07576868 -0.24730028  0.11003974  0.18659353  0.17005138  0.10286063
  0.05470872 -0.13796146  0.04744504  0.16710338 -0.21434003  0.07403177
  0.08446185 -0.13086356 -0.07753339 -0.17237426  0.19174013  0.06485426
 -0.15319619 -0.13946539  0.17413764 -0.19244412 -0.14992867  0.07207613
 -0.11328956 -0.13192822 -0.29971644  0.01842368  0.2724238   0.20211643
 -0.1579182  -0.02270333  0.00438678 -0.03201502  0.02525654  0.10711224
 -0.0633877  -0.0263648  -0.05532389 -0.0068451   0.1654408  -0.01584186
  0.00086999  0.13984299  0.08003757 -0.05627746  0.01425767  0.0590864
 -0.07710956 -0.05778755 -0.00814978  0.02327603  0.01672557 -0.09381041
  0.00906989  0.08609729 -0.12995979  0.27731505 -0.00956053  0.01041134
 -0.07185882 -0.09338114 -0.08973747  0.00119346  0.15112147 -0.2521168
  0.12859401  0.23471676  0.0364825   0.1069353   0.09415646  0.0557083
 -0.01793452 -0.04389171 -0.24148941 -0.15901582  0.0921016  -0.08971994
  0.05985489  0.07339246]