[-1.06267355e-01  4.39708643e-02  5.79892583e-02 -9.64559913e-02
 -2.16607116e-02 -6.61117435e-02 -1.97147392e-02 -1.12969235e-01
  2.11777627e-01 -1.45773768e-01  1.62148908e-01  1.12886559e-02
 -2.19198465e-01  3.30102257e-02 -3.92372310e-02  2.17497200e-01
 -1.58734083e-01 -1.56132072e-01 -1.13803700e-01 -9.52929407e-02
  5.52080236e-02  1.13273881e-01 -6.46633580e-02  1.41795740e-01
 -1.48118362e-01 -2.33145446e-01 -9.49840620e-02 -1.63904764e-02
  4.73777875e-02 -9.45487916e-02  6.72691464e-02  1.31972209e-01
 -1.35987580e-01  5.13684899e-02  9.34575573e-02  8.38823169e-02
 -3.20392996e-02 -1.20021783e-01  2.15187132e-01  1.19232357e-01
 -2.42751747e-01 -5.41197546e-02  9.04924944e-02  3.23756605e-01
  2.24215522e-01 -7.89380074e-02  1.71279125e-02 -1.12858295e-01
  1.92210078e-01 -3.10182631e-01  1.44279329e-02  1.66778773e-01
  2.67257504e-02  1.14781067e-01  8.47649574e-02 -1.58621356e-01
  3.38890925e-02  1.15001045e-01 -2.36869097e-01  6.24885969e-02
  1.22765251e-01 -1.54552594e-01 -1.24179497e-01 -1.12783007e-01
  9.83569920e-02  9.48238894e-02 -2.03924373e-01 -2.02743605e-01
  1.93383381e-01 -2.29718193e-01 -6.70222268e-02  1.02157936e-01
 -1.24705873e-01 -1.51735798e-01 -3.10801446e-01 -6.97975606e-03
  3.80114973e-01  1.68621421e-01 -1.04319565e-01  1.07020132e-01
  3.45005989e-02 -4.37172167e-02 -1.78500433e-02  2.32653528e-01
 -3.63021418e-02  3.10278554e-02  1.87027585e-02  8.99719447e-02
  1.52481124e-01  7.94824213e-02  3.21411900e-02  2.87500530e-01
 -1.50883216e-02 -1.72913857e-02 -1.01252869e-02  1.01052113e-01
 -1.48865730e-01 -8.96817744e-02 -1.05962612e-01 -4.48424332e-02
 -3.45259830e-02  2.05768794e-02  6.50816783e-02  1.54905781e-01
 -1.35552660e-01  3.24388951e-01 -3.97877693e-02  2.67764516e-02
 -7.11749308e-03  5.94121218e-03 -4.77545261e-02 -4.02381923e-03
  1.06348306e-01 -1.66052863e-01  8.28940421e-02  1.04307652e-01
  8.37807730e-02  4.60422486e-02  2.88279690e-02  9.99755412e-02
 -1.58700310e-02 -4.07186802e-03 -2.10113332e-01 -3.82734872e-02
 -5.30722551e-03 -1.15319937e-01  1.32924877e-04 -2.72635333e-02]