[-0.09105974  0.08964732  0.03568573 -0.07195158 -0.07746727 -0.03305853
  0.04212209 -0.02458046  0.20852189 -0.03332273  0.10343472  0.02757151
 -0.23023129  0.01229057 -0.0957034   0.10313077 -0.2271404  -0.13566674
 -0.07891715 -0.09719744  0.05174142  0.07649762 -0.02556056  0.06044611
 -0.12179372 -0.18951276 -0.10764381 -0.11708928  0.1048488  -0.13720049
  0.04893108  0.0243927  -0.17839888 -0.12852168  0.02633257 -0.0148994
 -0.08861461 -0.1095054   0.20385008  0.04559734 -0.12513177 -0.03781817
 -0.02355263  0.3795974   0.08815244  0.10414697 -0.03582301 -0.0245232
  0.11234349 -0.30075419 -0.00110131  0.20871814  0.06597668  0.0867935
  0.05359024 -0.13737088  0.12778316  0.11814865 -0.26432624  0.08701197
  0.05218159 -0.11003405  0.12295066 -0.06866714  0.18021561 -0.0108265
 -0.10551385 -0.03082165  0.10785291 -0.18709294 -0.0344753   0.01617396
 -0.05134011 -0.17624521 -0.29871067 -0.00327923  0.3702234   0.21770582
 -0.04791164  0.02740847 -0.06783213 -0.04647373  0.01795809  0.06361126
 -0.21223658  0.05754005 -0.06743106  0.03260675  0.18090495  0.01556209
 -0.03812183  0.1975722  -0.00176877 -0.05373396  0.02802518  0.00086042
 -0.117397   -0.03706817 -0.04141309  0.083823    0.01267926 -0.14173703
  0.01740147  0.15604414 -0.16916828  0.14051357 -0.02984763 -0.09031638
 -0.14551289 -0.02021693 -0.17325215 -0.01111209  0.1887809  -0.21619299
  0.19258861  0.25334236  0.01524691  0.12556908  0.03674576 -0.00287037
 -0.09853423 -0.022292   -0.10355297 -0.13594115  0.11147603 -0.06728584
  0.12861909  0.00333894]