[-0.20989539  0.05991898  0.03005415 -0.10985526 -0.183422   -0.0779949
 -0.04709412 -0.10971556  0.10549565 -0.17073266  0.22978315 -0.07551517
 -0.19830835  0.03244708 -0.01896541  0.22464396 -0.1811524  -0.1689363
 -0.1293226  -0.17046778  0.00255295  0.08570287 -0.0406246   0.10611121
 -0.15834264 -0.30344233 -0.12147006 -0.02397837  0.06351088 -0.04827334
  0.05916495  0.08963957 -0.07700723  0.06883696  0.06742948  0.06266241
 -0.07121281 -0.08809491  0.22591808  0.01879339 -0.24949916 -0.05159723
  0.11352383  0.28634363  0.18127185 -0.04788758  0.05566723 -0.07615772
  0.05988893 -0.20707624  0.0844316   0.19078527  0.07331715  0.11069105
  0.05990567 -0.10765171 -0.0171094   0.2759659  -0.18353814  0.05473907
  0.10183655 -0.14817141 -0.05265607 -0.09483752  0.18474452  0.17676441
 -0.18329862 -0.18659575  0.20239156 -0.16896918 -0.14911619  0.06267067
 -0.14804648 -0.19720082 -0.34528717  0.01842347  0.38659438  0.18633629
 -0.11109089  0.02201483  0.01730673 -0.01168944  0.09188241  0.153826
 -0.10059803 -0.11253057 -0.03299604  0.05293777  0.16839395  0.02922799
 -0.0784803   0.19729424  0.03947871 -0.02030689 -0.00146997  0.12799798
 -0.08405429 -0.0781532  -0.04918938 -0.01449411 -0.02710155 -0.03915677
  0.00643077  0.11587582 -0.10700396  0.25039834  0.01540823  0.0315976
 -0.09337188  0.0782074  -0.03515996 -0.01817236  0.10887388 -0.21725306
  0.15785287  0.19766197  0.04845299  0.18065497  0.10617067  0.06256643
 -0.00302357 -0.07900633 -0.14024866 -0.05335088  0.04126531 -0.02687423
  0.08426861  0.09153085]