[-1.65861808e-02  6.76331744e-02  2.10978072e-02 -1.31058484e-01
 -1.16890840e-01 -2.19286475e-02  1.99214946e-02 -9.40812603e-02
  2.03122109e-01 -9.51754972e-02  1.65322185e-01 -7.60313496e-02
 -2.60130048e-01 -8.64955597e-03  2.28928551e-02  3.30631323e-02
 -1.44596905e-01 -1.09298691e-01 -4.38396260e-02 -1.07795894e-01
  2.54460555e-02  4.89462912e-02 -5.84648773e-02  9.61328447e-02
 -1.82674006e-01 -2.23119885e-01 -1.03745408e-01 -8.78915712e-02
 -1.85907781e-02 -4.69231308e-02  6.58331439e-02  9.08365622e-02
 -1.45371556e-01 -3.92937809e-02  7.00449869e-02  5.29948995e-02
 -8.35508183e-02 -3.02510858e-02  2.40372151e-01 -7.88788032e-03
 -1.45442247e-01 -1.30132204e-02  7.71768987e-02  2.69885153e-01
  1.20592013e-01  5.49420640e-02 -2.56774221e-02 -8.85857716e-02
  2.06555232e-01 -3.00574720e-01  1.31600723e-01  1.77349627e-01
  1.48974493e-01  7.89458901e-02  1.01214133e-01 -1.74595147e-01
  4.44232076e-02  1.42930791e-01 -2.28531048e-01  1.13558605e-01
  6.58780783e-02 -1.48424804e-01 -3.37756202e-02 -8.81022066e-02
  2.07934454e-01  8.07832778e-02 -1.14802763e-01 -1.39136776e-01
  1.51570082e-01 -1.75181523e-01 -1.39117807e-01  1.60097539e-01
 -9.49643552e-02 -1.78844333e-01 -3.15069884e-01  6.29354343e-02
  4.53461170e-01  2.17130661e-01 -1.90236062e-01 -1.05430642e-02
 -7.94764012e-02 -2.83139069e-02  8.61831009e-02  4.42514829e-02
 -7.97467604e-02 -7.90932700e-02 -8.25654045e-02  3.93009521e-02
  2.54087836e-01 -5.13289645e-02 -1.09628119e-01  2.00206667e-01
  6.24568015e-02  9.16215107e-02 -2.89439615e-02 -3.96659002e-02
 -8.49489942e-02 -4.30973470e-02 -1.47431180e-01 -3.13824043e-04
  4.40969579e-02 -1.94071326e-02 -2.53158286e-02  1.39545277e-01
 -2.59310395e-01  2.53420919e-01  3.95632982e-02 -1.37259677e-01
 -8.57009888e-02 -1.16518680e-02 -1.31545901e-01  5.24662398e-02
  1.98386714e-01 -3.43295544e-01  2.03445405e-01  1.03765883e-01
  1.14822388e-01  1.75437674e-01  8.89537670e-03 -1.86165571e-02
  1.55697670e-02 -1.02085583e-01 -1.46437272e-01 -1.32175878e-01
  1.11398287e-01 -1.82832070e-02  1.15320615e-01  2.59789601e-02]