[-0.13742618  0.11756099  0.02458732 -0.04079138 -0.14638759 -0.02306421
 -0.08122995  0.00336858  0.13010938 -0.07247504  0.15157594 -0.04360278
 -0.14594312  0.01928951  0.01252948  0.14767526 -0.19827116 -0.06547382
 -0.08525027 -0.07768422  0.05033158  0.0991047  -0.0182725   0.10902743
 -0.14892544 -0.33590993 -0.07711007 -0.03908763  0.14146352 -0.08872886
 -0.06918269  0.06820295 -0.11653885 -0.06900778  0.06833432  0.08453847
 -0.05256121 -0.09767804  0.18647337  0.04966978 -0.17216283 -0.00932981
  0.07079409  0.3350116   0.23459764  0.06311995 -0.00362112 -0.04084727
  0.11006913 -0.20175764  0.06452373  0.18430597  0.03706529  0.06587734
  0.07724622 -0.0725817   0.02857007  0.16988398 -0.17490064  0.00629745
  0.0393678  -0.09788726  0.04118583 -0.07401425  0.22097205  0.06582978
 -0.07979163 -0.09830967  0.12105279 -0.15343927 -0.11028482 -0.04094696
 -0.11456364 -0.12109504 -0.34203553  0.02003688  0.3739205   0.17541458
 -0.10744312  0.13925235  0.0157432  -0.10718044  0.10995319  0.1540868
 -0.13991785 -0.05011726 -0.00828651  0.0744294   0.20338596  0.03157254
  0.00708785  0.18775353  0.02941166 -0.02117873  0.06723158 -0.01247418
 -0.12335873 -0.05953605 -0.09243452 -0.04642302  0.05758321 -0.0801601
  0.03871998  0.17686376 -0.23778313  0.13268287  0.03253411 -0.01470698
  0.04592238  0.03447704 -0.13706002 -0.07245879  0.14150162 -0.18873118
  0.12753691  0.17184845  0.06373924  0.13650726  0.12803283  0.05149181
  0.01905758  0.03239182 -0.11889356 -0.03039669  0.11426323 -0.03378912
  0.093479    0.05393175]