[-1.32304192e-01  7.82047063e-02  1.04005523e-01 -1.14439659e-01
 -1.52708694e-01  3.20216864e-02 -1.26322716e-01  3.44961882e-06
  1.38254285e-01 -1.20922394e-01  2.23844409e-01  1.08527234e-02
 -1.76910028e-01 -3.41739431e-02 -1.00990217e-02  7.84601495e-02
 -2.35440761e-01 -1.09405994e-01 -7.14053288e-02 -5.65454662e-02
 -5.29435743e-03  1.36522338e-01 -1.44218770e-03  4.60768957e-03
 -1.49328232e-01 -3.76245648e-01 -7.04801604e-02 -2.01159298e-01
  5.02183735e-02 -1.63432613e-01 -2.21950822e-02  8.71787034e-03
 -8.21206421e-02 -2.15397533e-02 -6.39689900e-03  9.35806111e-02
 -5.95157593e-02 -1.35996386e-01  1.75942138e-01  7.09385574e-02
 -1.60493031e-01 -2.40601860e-02  6.83449768e-03  2.95439035e-01
  2.28444055e-01  3.19780000e-02  1.82441492e-02 -6.88033924e-02
  1.67421937e-01 -2.56548733e-01  9.09798369e-02  1.68177187e-01
  1.18326068e-01  6.39248490e-02  1.49786294e-01 -9.35834274e-02
  7.46070296e-02  9.93379951e-02 -1.77012816e-01  7.27119073e-02
  4.85053807e-02 -3.86479609e-02  4.30838242e-02 -4.16594557e-02
  2.23565310e-01  6.29081503e-02 -9.75489840e-02 -5.95715828e-02
  1.25996932e-01 -1.28472060e-01 -1.73471481e-01  5.56568429e-02
 -1.42788142e-01 -1.92657664e-01 -2.42250979e-01  3.70902680e-02
  3.89291346e-01  2.28002340e-01 -2.11876944e-01  8.98645632e-03
 -2.37009004e-02 -1.39388680e-01  6.75624833e-02  1.87329397e-01
 -1.10026762e-01 -1.91997141e-02 -7.57448599e-02  4.45199050e-02
  2.16265544e-01  1.00217341e-02 -1.49189681e-02  2.25956887e-01
  2.88242921e-02  2.80171335e-02  7.18223751e-02 -1.39115918e-02
 -1.19613208e-01 -3.51029597e-02 -9.70735624e-02 -7.81330615e-02
  1.06900804e-01 -6.08851053e-02 -6.31711930e-02  1.38618410e-01
 -1.67372152e-01  1.84309676e-01 -2.36697830e-02 -8.42997059e-02
 -7.48037640e-03 -8.95416141e-02 -3.55358198e-02  7.88073242e-03
  2.24852636e-01 -1.59332469e-01  1.14891469e-01  1.82015508e-01
  1.05633497e-01  1.84153363e-01  1.07555985e-01  1.26899611e-02
 -2.78001651e-02 -3.78112309e-02 -1.96315765e-01 -8.36341009e-02
  4.06847484e-02 -1.34006785e-02  7.24325851e-02  2.09670402e-02]