[-2.11663827e-01  6.64297044e-02  1.16984531e-01 -9.87529010e-02
 -1.08332269e-01  4.55060564e-02  5.48537634e-03 -3.77060324e-02
  1.37756273e-01 -4.20937501e-02  1.64519846e-01  1.12826265e-02
 -2.89471120e-01 -1.48006976e-02 -2.63372511e-02  8.20541307e-02
 -1.02157481e-01 -2.13813689e-02 -1.14357874e-01 -8.89490470e-02
  4.38508242e-02  8.61064419e-02  5.36940666e-03  7.94839039e-02
 -1.54760823e-01 -3.65471572e-01 -1.52340472e-01  2.30374746e-03
 -7.50952810e-02 -9.41421017e-02  8.31498355e-02  3.36201920e-04
 -1.35306016e-01 -7.08847791e-02  4.63192817e-03  1.18974879e-01
 -4.69182394e-02 -8.18949938e-02  1.43795043e-01  8.60613659e-02
 -1.02520391e-01  4.26167808e-02  5.89845926e-02  3.18026513e-01
  1.49759889e-01  8.56339484e-02  9.88643616e-03 -6.99977130e-02
  1.68058515e-01 -2.52426058e-01  7.24275932e-02  1.19159073e-01
  8.00963119e-02  1.23209786e-03  1.44585058e-01 -1.10682219e-01
 -2.01647058e-02  2.30040908e-01 -1.83325022e-01  1.24745898e-01
 -3.66991013e-02 -8.25683773e-02 -1.14402259e-02 -1.20604761e-01
  1.32737055e-01  1.21471100e-01 -1.50700331e-01 -1.22246251e-01
  2.14626059e-01 -6.92420676e-02 -5.87514453e-02  5.56754433e-02
 -1.24945633e-01 -1.91961169e-01 -2.85314798e-01  1.48717657e-01
  4.92188454e-01  1.44337505e-01 -1.91774368e-01 -8.15384239e-02
 -1.19278334e-01 -4.25544120e-02 -2.38018110e-05  7.16291741e-02
 -9.89164263e-02 -1.03506602e-01 -6.41630590e-02  5.12821153e-02
  2.00825736e-01  7.60037675e-02 -7.08435625e-02  2.67922550e-01
  6.36959746e-02  4.69691791e-02  2.36361083e-02  2.61573624e-02
 -1.98210627e-01  1.95953045e-02 -1.71849459e-01 -3.79871726e-02
  7.55941793e-02 -1.20283507e-01  5.37227653e-02  1.27321810e-01
 -2.01399833e-01  2.13009164e-01  4.66643460e-02 -7.01847896e-02
  1.50652304e-02  4.06911746e-02 -2.35562891e-01  3.76088507e-02
  2.20690891e-01 -2.85560369e-01  1.73095241e-01  1.87353820e-01
  6.69030398e-02  1.47596657e-01  1.33864582e-01  5.69383055e-02
  4.23564352e-02  1.14902789e-02 -1.04298405e-01 -8.29205066e-02
  8.54657218e-02 -5.40315434e-02  6.97803870e-02  4.10173386e-02]