[-0.06682333  0.06454267 -0.00946248 -0.01499991 -0.17199171  0.02138956
 -0.03816155 -0.12843437  0.01253478 -0.14456184  0.13365901 -0.08691774
 -0.21072011 -0.01000089  0.05833005  0.14577119 -0.08559992 -0.13500294
 -0.1873765  -0.08651653 -0.0783694   0.01881068 -0.07024122  0.03311449
 -0.06629777 -0.25721744 -0.0075123  -0.01021826  0.03013952 -0.05603277
 -0.00998828  0.03595553 -0.17064734  0.00851507  0.06770557  0.07208642
 -0.10452268 -0.03541968  0.11183123 -0.05013467 -0.18201965 -0.01717371
  0.0406205   0.17616424  0.17106979  0.08910076  0.06163567 -0.07146343
  0.10898636 -0.30677819  0.07815469  0.05472813  0.00951607  0.05361006
  0.0403631  -0.19497071  0.0053241   0.12293176 -0.12148236  0.09344769
  0.11272614 -0.10998257 -0.09679097 -0.02331742  0.20551102  0.13182551
 -0.0551835  -0.19125     0.2001909  -0.21578127 -0.06979308  0.06467091
  0.01385493 -0.17828047 -0.22705892  0.06020861  0.42417672  0.20067731
 -0.13471596 -0.02098084  0.03653607  0.03215578  0.15150841  0.03184214
 -0.07292679 -0.08371709 -0.08250123  0.03868673  0.27054411 -0.02240172
 -0.02130016  0.2114097   0.03936556 -0.04962508  0.03969923  0.03190598
 -0.02442408  0.00511452 -0.07118898 -0.0219163   0.13348897 -0.09254342
  0.05248084  0.11191962 -0.13259365  0.23785825 -0.1124553   0.04864347
  0.02821051  0.01244832 -0.06422202  0.00875867  0.13878641 -0.22274378
  0.15933846  0.15977952  0.04571395  0.12514627  0.05829016  0.09394417
  0.08929578 -0.03253363 -0.21150237 -0.14289472  0.04609941 -0.01627406
  0.01039443  0.08347413]