[ 0.01336839  0.09482165  0.07400519 -0.0743436  -0.09730016 -0.00641646
 -0.03495991 -0.08459334  0.20498717 -0.16787739  0.14865728 -0.02183869
 -0.19738117  0.08931675 -0.12195303  0.14564241 -0.10652395 -0.16300574
 -0.09842795 -0.05220263  0.0098829   0.08742583 -0.04858041  0.13322414
 -0.08235872 -0.32294792 -0.08972023 -0.0354793  -0.02623319 -0.1044296
  0.00212771  0.11061917 -0.15780573  0.02305782 -0.00161581  0.02845168
 -0.01744277 -0.09816846  0.23164465  0.12152264 -0.30661818  0.06630072
  0.09446814  0.34406015  0.20385338 -0.04178197  0.03284109 -0.09071609
  0.23451141 -0.34628096 -0.00420029  0.16747113  0.05600933  0.03080291
  0.04397244 -0.13061397 -0.00946252  0.0743928  -0.18131684  0.08053098
  0.08440459 -0.11937633 -0.05083019 -0.10368239  0.20132433  0.10089285
 -0.15476036 -0.14322811  0.18605053 -0.23958649 -0.04133533  0.14797932
 -0.08931813 -0.1614622  -0.26008546  0.04875572  0.52959728  0.14553232
 -0.06866967  0.11810802 -0.10682054 -0.04566721 -0.01148905  0.2034619
 -0.03753997  0.05976486 -0.04581193  0.10285145  0.28373781  0.01966393
 -0.00510169  0.28104395  0.01175482  0.06046144 -0.00970883  0.11263955
 -0.15172376 -0.05079987 -0.1501298   0.03479311 -0.04148828 -0.00919357
 -0.00583856  0.10273515 -0.22412749  0.23982683 -0.05589551 -0.03880537
  0.01670398  0.01695992 -0.03452636 -0.00299914  0.14687386 -0.25946784
  0.05809396  0.06908776  0.08797893  0.10297029  0.05109949  0.03931694
  0.00783526 -0.10238396 -0.21381718 -0.08400565  0.04857267 -0.09010548
  0.02254242 -0.00791345]