[-0.17730722  0.06195793  0.11108582 -0.07403052 -0.06517313 -0.09434172
  0.03755099 -0.10644497  0.12585418 -0.07210033  0.29575181 -0.06039836
 -0.22546543 -0.07200602  0.02663288  0.1532822  -0.18018863 -0.12953056
 -0.07116311 -0.08555175  0.01365979  0.06663057 -0.03072292  0.0411939
 -0.12260203 -0.2861039  -0.14959165 -0.10992613 -0.05121994 -0.0753494
  0.06661316  0.13917889 -0.21985367 -0.01865551  0.00362705  0.0903808
  0.05592472  0.02008404  0.11647554 -0.01113488 -0.15751389 -0.05166487
  0.05502229  0.25007504  0.11616713 -0.01330831 -0.01821787  0.03887609
 -0.02917291 -0.20220667 -0.03717868  0.15144472  0.09493488  0.05035975
 -0.04050867 -0.1022196  -0.01058603  0.04913007 -0.17952465  0.00994687
  0.07070436 -0.186546   -0.12569235 -0.01991496  0.27274606  0.11035961
 -0.15604705 -0.13357984  0.1776537  -0.12679853 -0.08530474  0.07214481
 -0.20873648 -0.12532187 -0.32065725  0.06242931  0.35419205  0.00877158
 -0.18917336  0.06336041 -0.1451955   0.06531619 -0.04802076  0.07970463
 -0.04028042  0.11847843 -0.11783479  0.10030655  0.15717648 -0.05084648
 -0.02120671  0.23345962 -0.03348186  0.0358914   0.03544522  0.01520634
  0.07957219 -0.15355602 -0.10635277 -0.0008666   0.06476899 -0.04825307
 -0.07001693  0.13747858 -0.14315051  0.1200827   0.01476721 -0.02684432
 -0.07536393  0.02428646 -0.03044633 -0.07750928  0.15550278 -0.22267097
  0.17298621  0.18934323 -0.06809486  0.09841088 -0.00422318  0.08408628
 -0.10007966 -0.04304954 -0.12742661 -0.07791845  0.08744733 -0.01831502
  0.04368843  0.01189137]