[-0.08605668  0.12066651  0.03448023 -0.05364355 -0.09853416 -0.01221068
 -0.07396238 -0.13233103  0.17506503 -0.11769807  0.11170321 -0.03732224
 -0.30336696  0.11243805 -0.07555627  0.11826175 -0.22957507 -0.13881022
 -0.07634424 -0.03579529  0.06294715  0.05036476 -0.00840693  0.15247276
 -0.09849058 -0.26769483  0.02221119 -0.09741644  0.03371507 -0.10644823
 -0.00981584 -0.0058982  -0.11542681  0.07661793  0.003176    0.0097232
 -0.00050686 -0.12254041  0.27755758  0.0007445  -0.2829465  -0.01235719
 -0.05190292  0.22301255  0.24177606 -0.02027499 -0.01679513 -0.1397004
  0.23858628 -0.34114391 -0.00266402  0.22320022  0.01778734  0.04325628
 -0.01666168 -0.23002791  0.01283235  0.09671934 -0.20649628  0.00061263
  0.07339125 -0.13579327  0.08345701 -0.01476064  0.21240273  0.05841864
 -0.14812085 -0.09335642  0.12648782 -0.21341075 -0.02175709  0.06606732
 -0.08215192 -0.1946035  -0.22759707  0.00217209  0.37218162  0.16375773
 -0.12631507  0.08175547 -0.1553534  -0.00352208  0.03778865  0.10764613
 -0.09656601 -0.02322805 -0.08215258  0.02347645  0.23116718 -0.01593941
 -0.00291904  0.30264908  0.02145766  0.00173185  0.05465229  0.09276346
 -0.16101083 -0.04796723 -0.06699061  0.00169195  0.01615557 -0.02610044
  0.08089462  0.12940794 -0.25452709  0.1865425  -0.07607485 -0.01419384
  0.02753095 -0.0294936  -0.05723654 -0.04540067  0.17476898 -0.24388072
  0.17133136  0.11287233  0.11961537  0.17773414  0.02218206  0.02782057
 -0.02547702 -0.02616037 -0.13455485 -0.05124465  0.10707522  0.0075359
  0.07125349  0.01512764]