[-0.04651937  0.05231492 -0.03706213 -0.13587183 -0.07976341  0.04629117
  0.01656156 -0.10279419  0.06798056 -0.08410297  0.18329701 -0.08307993
 -0.32081828 -0.12529926  0.11572506  0.12629722 -0.08552992 -0.11263611
 -0.24696983 -0.12545633 -0.09008846  0.01912603  0.01239973  0.02735732
 -0.15208238 -0.23945895 -0.10107236 -0.06177556 -0.00865671  0.00863875
  0.05024878  0.06375538 -0.14991999 -0.11166926  0.06141817  0.06446855
 -0.10019146 -0.09269225  0.14280628 -0.03042922 -0.11649631 -0.01716838
  0.0592091   0.22424667  0.19665372  0.02627142  0.06298968 -0.08643378
  0.11467641 -0.27551168  0.08074491  0.08083608  0.0924896   0.1076718
  0.04290199 -0.09176785  0.07183403  0.18472455 -0.19834773  0.01634785
  0.04795258 -0.09394591 -0.12341131 -0.10930492  0.17054589  0.13911542
 -0.12087671 -0.1823301   0.19135903 -0.14849445 -0.09632111  0.06813953
 -0.11351526 -0.12837279 -0.31481743  0.05461334  0.38289645  0.14422168
 -0.18918377 -0.04704136 -0.04663825  0.00887348  0.05802919  0.03019218
 -0.07197649 -0.12431871 -0.02241843  0.02658488  0.23527753 -0.0946027
 -0.06384477  0.20579977  0.08225229 -0.0221813   0.08108019  0.06450802
 -0.02824664 -0.00990665 -0.10279806  0.05496543  0.12688172 -0.13534094
  0.03354939  0.06478281 -0.13187069  0.28661707  0.01930193  0.00361278
  0.0571542  -0.04647535 -0.07994515 -0.02471562  0.2179693  -0.24250968
  0.12883776  0.18955451  0.01904932  0.11344383  0.0706006   0.14102018
 -0.01129636  0.02188123 -0.19086057 -0.14477327  0.08679501  0.01697598
  0.02372972  0.06675153]