[-9.03978646e-02  5.17328754e-02  7.40793198e-02 -8.41466784e-02
 -1.71228468e-01  1.14245445e-01 -6.67783916e-02  1.13559561e-02
  1.59878567e-01 -1.52217031e-01  1.91318348e-01 -1.99475288e-02
 -2.35712260e-01  3.00006829e-02 -6.89342767e-02  1.81501582e-01
 -1.32927775e-01 -2.27145866e-01 -1.44586377e-02 -1.09255522e-01
 -5.63924573e-02  2.83658691e-02 -8.86364803e-02  5.31384759e-02
 -1.46490023e-01 -3.14287394e-01 -1.04121026e-02 -4.77392748e-02
  4.33707610e-05 -1.44082740e-01 -2.30950117e-02  1.09125808e-01
 -1.74715295e-01 -3.74823436e-03  5.23742139e-02  1.24719575e-01
 -6.89987317e-02 -2.75195558e-02  2.22784474e-01  7.97381401e-02
 -1.53507411e-01  4.40436676e-02  7.50065669e-02  3.41916829e-01
  1.35730028e-01  6.48737550e-02 -3.34064476e-03 -4.84968759e-02
  9.86787304e-02 -3.31870437e-01  9.22764540e-02  1.91812992e-01
  1.35832757e-01  1.11124337e-01  7.50321429e-03 -1.89475343e-01
  4.31823730e-02  1.57821104e-01 -1.73669353e-01  1.32624447e-01
  5.85727245e-02 -6.19297922e-02  1.04966387e-02 -5.44771850e-02
  2.34250575e-01  1.06227279e-01 -9.14951861e-02 -1.42090350e-01
  1.97653815e-01 -1.30586147e-01 -1.14487603e-01  6.69915006e-02
 -7.91549161e-02 -1.82348639e-01 -2.27424294e-01  3.76207754e-02
  3.25173140e-01  2.19468549e-01 -1.73073351e-01 -8.71133804e-03
 -3.63927288e-03 -3.08512338e-02  3.43632214e-02  6.66159391e-02
 -8.97815302e-02 -8.88736993e-02 -3.15195136e-02  1.64761581e-02
  2.50160784e-01  8.91511291e-02 -3.06104422e-02  1.90810800e-01
  7.71051049e-02  1.15425978e-03  2.65243817e-02  6.02290407e-02
 -5.83378449e-02 -1.33167161e-02 -1.78181648e-01 -3.72769050e-02
 -8.79267976e-02 -6.85739964e-02 -1.40945148e-02  1.46347374e-01
 -2.71656722e-01  2.39851907e-01 -5.21631166e-02 -4.95784730e-02
 -6.77290335e-02  8.09403881e-02 -5.21475673e-02  4.63550389e-02
  1.83307901e-01 -2.88381130e-01  1.72341496e-01  2.50886142e-01
  1.23394325e-01  1.44395769e-01  1.02568284e-01 -3.98714747e-03
  4.25530970e-02 -1.02132969e-01 -2.15587556e-01 -1.28656074e-01
  3.04078497e-03 -1.08539455e-01  3.50037217e-02  1.13694370e-01]