[-0.172794    0.04863966  0.05326615 -0.12850335 -0.15174915  0.00315923
  0.0109711   0.01880188  0.17609128  0.01034145  0.14719054  0.09222358
 -0.2907033  -0.07321549  0.04342211  0.10335031 -0.09133756 -0.06228557
 -0.10554098 -0.1373795   0.01806684  0.09152479  0.02886702  0.05897094
 -0.11558215 -0.31651556 -0.0566594  -0.06085494  0.00593885 -0.14349726
  0.07389171  0.05472797 -0.17802367 -0.05483477  0.01951575  0.09791443
 -0.10809159 -0.16635036  0.15488562 -0.0255979  -0.08167661 -0.0105768
  0.0590525   0.27545199  0.16181318 -0.00315743  0.06542176 -0.06020802
  0.17003511 -0.27971065  0.11905669  0.10077624  0.10951594  0.00094313
  0.1750745  -0.1099428   0.03713818  0.1721921  -0.20583244  0.06874814
  0.05671752 -0.06169042 -0.13058336 -0.21375404  0.17676072  0.07754096
 -0.16191052 -0.10152008  0.08805962 -0.10761562 -0.07452394  0.07794806
 -0.09321358 -0.17846742 -0.26757437  0.12056307  0.37194422  0.25124687
 -0.22176397  0.01507008 -0.11130314  0.02868837  0.01695665  0.02344427
 -0.09570456 -0.07903168 -0.12151795  0.03457184  0.15704386  0.03104197
 -0.05995616  0.21066886  0.1050713  -0.01029755 -0.02965575 -0.00431027
 -0.14574644 -0.04718222 -0.09469993 -0.03889311  0.09149125 -0.10277829
  0.00362603  0.07709799 -0.18372715  0.22996268  0.03220468 -0.01414898
  0.03998516 -0.02437889 -0.1685798   0.0125779   0.11576104 -0.31174198
  0.17142999  0.1153495   0.02992229  0.19911796  0.06537475  0.11717065
 -0.04211611 -0.02595281 -0.09811217 -0.11840498  0.10692002  0.00923835
  0.10659333  0.05598114]